0.0 0.299999999999955
0.0665695801 0.299999999999955
0.1007307129 0.700000000000045
0.166557373 0.000000000000000
0.233255127 0.100000000000023
0.2665288086 0.299999999999955
0.3333378906 0.200000000000045
0.3667355957 0.200000000000045
0.4331418457 -0.100000000000023
0.4999487305 0.000000000000000
0.5330617676 0.299999999999955
0.59990625 -0.200000000000045
0.6335766602 -0.100000000000023
0.6996572266 -0.100000000000023
0.7665283203 0.000000000000000
0.7999924316 -0.100000000000023
0.8668950195 0.100000000000023
0.9001911621 -0.100000000000023
0.9663671875 0.399999999999977
1.0331174316 0.000000000000000
1.0663051758 0.000000000000000
1.1328867188 -0.100000000000023
1.1664702148 0.500000000000000
1.2328884277 0.200000000000045
1.2663415527 0.299999999999955
1.3330554199 0.399999999999977
1.3996247559 0.399999999999977
1.4327927246 -0.100000000000023
1.4996054688 0.200000000000045
1.5660483398 0.000000000000000
1.5993710938 -0.200000000000045
1.6662641602 -0.700000000000045
1.6993486328 -0.799999999999955
1.7660334473 -0.600000000000023
1.8327668457 -1.299999999999955
1.8660495605 -1.100000000000023
1.9326491699 -1.399999999999977
1.9663554688 -1.200000000000045
2.0326882324 -2.000000000000000
2.0995212402 -1.399999999999977
2.1326960449 -1.600000000000023
2.1992751465 -2.100000000000023
2.2661455078 -2.200000000000045
2.2993173828 -1.899999999999977
2.3659455566 -2.200000000000045
2.3997006836 -2.299999999999955
2.4661994629 -2.200000000000045
2.4999160156 -2.200000000000045
2.5668278809 -2.399999999999977
2.632527832 -2.399999999999977
2.6992370605 -2.100000000000023
2.7331723633 -2.100000000000023
2.7992490234 -2.100000000000023
2.832642334 -2.100000000000023
2.8990344238 -1.899999999999977
2.9658935547 -2.000000000000000
2.9992734375 -2.200000000000045
3.0659731445 -1.899999999999977
3.0991560059 -1.899999999999977
3.1657597656 -1.600000000000023
3.2330012207 -1.200000000000045
3.2657712402 -0.899999999999977
3.3325544434 -1.299999999999955
3.4335031738 0.200000000000045
3.4658491211 0.299999999999955
3.532489502 0.200000000000045
3.5657626953 0.799999999999955
3.6328918457 2.000000000000000
3.6988669434 2.100000000000023
3.732463623 2.000000000000000
3.7988574219 2.799999999999955
3.8325319824 3.399999999999977
3.8988535156 3.600000000000023
3.9661447754 3.899999999999977
3.9993144531 4.200000000000045
4.0658134766 3.600000000000023
4.0990339355 4.200000000000045
4.1656987305 3.299999999999955
4.2323879395 3.200000000000045
4.2657058105 3.600000000000023
4.3321479492 2.899999999999977
4.3657634277 2.799999999999955
4.4323884277 2.200000000000045
4.4987766113 2.200000000000045
4.5319956055 2.200000000000045
4.5989663086 1.000000000000000
4.6319799805 1.100000000000023
4.6990214844 1.000000000000000
4.7323684082 0.899999999999977
4.7986486816 0.000000000000000
4.8654360352 -0.200000000000045
4.8985014648 -0.100000000000023
4.9652827148 -0.899999999999977
4.9990930176 -0.899999999999977
5.0651506348 -1.700000000000045
5.1319379883 -1.100000000000023
5.1652800293 -0.899999999999977
5.2319006348 -1.299999999999955
5.2651694336 -1.399999999999977
5.3319147949 -1.700000000000045
5.3655097656 -1.899999999999977
5.4318510742 -1.399999999999977
5.4984482422 -1.899999999999977
5.5319443359 -2.299999999999955
5.5985822754 -2.299999999999955
5.63184375 -2.500000000000000
5.6983730469 -2.100000000000023
5.7652678223 -2.399999999999977
5.7987287598 -2.500000000000000
5.8651811523 -2.399999999999977
5.8983862305 -2.500000000000000
5.965015625 -1.899999999999977
6.0316367187 -2.600000000000023
6.0654282227 -2.500000000000000
6.1317858887 -2.299999999999955
6.1653798828 -2.200000000000045
6.2321079102 -2.000000000000000
6.2983366699 -1.899999999999977
6.3318154297 -1.899999999999977
6.3985859375 -1.100000000000023
6.4322956543 -1.100000000000023
6.4983564453 -0.700000000000045
6.5648503418 -0.299999999999955
6.5981635742 0.100000000000023
6.664939209 0.600000000000023
6.6983972168 0.899999999999977
6.7648918457 1.600000000000023
6.8317038574 3.600000000000023
6.864767334 3.500000000000000
6.931387207 3.200000000000045
6.9652124023 3.299999999999955
7.031326416 4.200000000000045
7.0647458496 4.399999999999977
7.131480957 4.399999999999977
7.1980759277 4.100000000000023
7.2318762207 4.399999999999977
7.2982062988 4.299999999999955
7.3316762695 4.000000000000000
7.3983659668 3.799999999999955
7.4646306152 3.399999999999977
7.5314858398 3.600000000000023
7.5648151855 3.200000000000045
7.6315810547 2.399999999999977
7.6649016113 1.799999999999955
7.7311906738 2.299999999999955
7.7978706055 1.500000000000000
7.8647546387 0.899999999999977
7.8977702637 1.399999999999977
7.9644116211 1.200000000000045
8.0313615723 0.600000000000023
8.0645605469 0.000000000000000
8.131092041 0.200000000000045
8.1649868164 0.100000000000023
8.2312092285 0.200000000000045
8.297921875 -0.100000000000023
8.3313041992 -0.100000000000023
8.3978308105 -0.700000000000045
8.4314338379 -0.700000000000045
8.4977651367 -0.600000000000023
8.5644143066 -0.500000000000000
8.5979482422 -0.899999999999977
8.6643479004 -1.200000000000045
8.6978481445 -1.200000000000045
8.7643208008 -1.700000000000045
8.7978095703 -1.500000000000000
8.8647819824 -2.000000000000000
8.9308422852 -1.100000000000023
8.9644406738 -1.500000000000000
9.0307946777 -1.799999999999955
9.097376709 -1.700000000000045
9.1310302734 -1.799999999999955
9.1973562012 -2.399999999999977
9.2647026367 -2.399999999999977
9.2973686523 -1.799999999999955
9.3641567383 -2.200000000000045
9.3976887207 -2.200000000000045
9.4642546387 -2.000000000000000
9.5310688477 -1.399999999999977
9.564265625 -1.299999999999955
9.6307597656 -1.100000000000023
9.6644128418 -0.700000000000045
9.7305090332 -0.799999999999955
9.7975720215 -0.399999999999977
9.8311064453 0.399999999999977
9.897201416 0.799999999999955
9.9641247559 1.200000000000045
9.9974306641 1.399999999999977
10.064223877 2.000000000000000
10.097916748 2.399999999999977
10.1637333984 3.200000000000045
10.2303520508 3.799999999999955
10.263842041 3.600000000000023
10.3305979004 3.799999999999955
10.3642382812 4.100000000000023
10.4307211914 4.200000000000045
10.4638706055 3.899999999999977
10.5307119141 4.500000000000000
10.5970766602 4.200000000000045
10.6304182129 4.200000000000045
10.6971674805 3.500000000000000
10.7305898437 3.200000000000045
10.7971647949 2.600000000000023
10.8638144531 2.299999999999955
10.896979248 2.100000000000023
10.9636662598 2.200000000000045
10.9972531738 1.500000000000000
11.063619873 1.100000000000023
11.1301806641 0.799999999999955
11.1634338379 1.200000000000045
11.230090332 1.000000000000000
11.26390625 0.299999999999955
11.3303659668 0.399999999999977
11.3636967773 0.399999999999977
11.4302023926 0.000000000000000
11.4967990723 -0.399999999999977
11.5301396484 -0.200000000000045
11.5968029785 -0.600000000000023
11.6634250488 -1.100000000000023
11.6969914551 -0.700000000000045
11.7635664062 -1.100000000000023
11.8303352051 -1.100000000000023
11.863782959 -1.000000000000000
11.9464431152 -1.600000000000023
12.030005127 -1.399999999999977
12.0633198242 -2.000000000000000
12.1310622559 -1.600000000000023
12.1639106445 -1.600000000000023
12.2305991211 -2.000000000000000
12.2634758301 -1.899999999999977
12.3299626465 -2.299999999999955
12.3965488281 -2.600000000000023
12.4299492188 -2.200000000000045
12.4969335938 -2.500000000000000
12.5304592285 -2.200000000000045
12.5991467285 -2.200000000000045
12.6632099609 -2.299999999999955
12.6965410156 -2.299999999999955
12.7632858887 -1.799999999999955
12.7966745605 -2.100000000000023
12.8633752441 -1.700000000000045
12.8965554199 -1.600000000000023
12.9631955566 -1.299999999999955
13.0301054687 -0.399999999999977
13.0633449707 -0.899999999999977
13.1299887695 -0.500000000000000
13.1634416504 -0.500000000000000
13.2296643066 0.799999999999955
13.2962763672 0.899999999999977
13.3298144531 1.000000000000000
13.3963828125 1.200000000000045
13.4301159668 1.500000000000000
13.4962626953 2.200000000000045
13.562987793 2.200000000000045
13.596717041 2.500000000000000
13.663092041 2.399999999999977
13.7296630859 2.700000000000045
13.7631210937 2.700000000000045
13.8296052246 2.500000000000000
13.8635222168 2.600000000000023
13.9297827148 2.500000000000000
13.963043457 2.399999999999977
14.0299360352 1.500000000000000
14.096126709 1.600000000000023
14.1295302734 1.700000000000045
14.1961691895 0.799999999999955
14.2301462402 0.700000000000045
14.2963415527 0.600000000000023
14.3627766113 0.399999999999977
14.3960588379 0.299999999999955
14.4627490234 -0.500000000000000
14.4963166504 0.200000000000045
14.5632563477 -0.399999999999977
14.6293410645 -0.700000000000045
14.6629526367 -0.899999999999977
14.7296135254 -1.299999999999955
14.7959487305 -1.600000000000023
14.8629150391 -1.700000000000045
14.896171875 -1.799999999999955
14.9627368164 -1.799999999999955
14.9962624512 -1.899999999999977
15.0628935547 -2.100000000000023
15.1295805664 -2.100000000000023
15.1624650879 -2.200000000000045
15.2291108398 -2.200000000000045
15.2627700195 -2.100000000000023
15.3291535645 -2.299999999999955
15.3956518555 -2.200000000000045
15.4290195313 -2.200000000000045
15.4956115723 -2.399999999999977
15.5293696289 -2.299999999999955
15.5956516113 -2.600000000000023
15.6624318848 -2.600000000000023
15.7289431152 -2.600000000000023
15.7625114746 -2.500000000000000
15.8296682129 -2.399999999999977
15.8624423828 -2.700000000000045
15.9292976074 -2.600000000000023
15.9629216309 -2.500000000000000
16.0290234375 -2.299999999999955
16.0957282715 -1.799999999999955
16.1290275879 -2.100000000000023
16.1958366699 -1.799999999999955
16.2622236328 -1.200000000000045
16.2954606934 -0.899999999999977
16.3622268066 -0.600000000000023
16.3955688477 -0.399999999999977
16.4620395508 0.000000000000000
16.5287526855 0.100000000000023
16.5622478027 0.600000000000023
16.6293398437 1.299999999999955
16.6623986816 1.100000000000023
16.7291262207 0.899999999999977
16.7956782227 1.399999999999977
16.8288232422 1.700000000000045
16.8956152344 2.000000000000000
16.9621694336 1.700000000000045
16.9956779785 1.799999999999955
17.0620007324 1.700000000000045
17.0954313965 2.000000000000000
17.1620100098 1.500000000000000
17.2288842773 1.000000000000000
17.2624567871 1.700000000000045
17.3286196289 1.399999999999977
17.3953259277 1.000000000000000
17.4289499512 0.799999999999955
17.4952180176 0.299999999999955
17.5289094238 0.299999999999955
17.5953691406 -0.100000000000023
17.6617419434 -0.500000000000000
17.6956027832 -0.200000000000045
17.7617438965 -0.200000000000045
17.8288310547 -0.500000000000000
17.8617727051 -1.100000000000023
17.9285227051 -1.100000000000023
17.9620986328 -1.000000000000000
18.0283830566 -1.500000000000000
18.095052002 -1.799999999999955
18.1285500488 -1.200000000000045
18.194982666 -1.700000000000045
18.2283671875 -2.000000000000000
18.2950864258 -1.799999999999955
18.3617419434 -1.899999999999977
18.3951591797 -2.000000000000000
18.4615446777 -2.100000000000023
18.4949074707 -1.899999999999977
18.561637207 -1.700000000000045
18.6281328125 -1.899999999999977
18.6615961914 -2.200000000000045
18.728458252 -1.700000000000045
18.7619799805 -1.299999999999955
18.8282775879 -1.299999999999955
18.8617194824 -1.500000000000000
18.9282419434 -1.299999999999955
18.9948198242 -1.500000000000000
19.028513916 -1.500000000000000
19.0949377441 -1.500000000000000
19.1286071777 -2.000000000000000
19.1948410645 -1.399999999999977
19.2614924316 -2.000000000000000
19.2948530273 -1.500000000000000
19.3614931641 -1.700000000000045
19.3953115234 -2.000000000000000
19.4612817383 -1.899999999999977
19.527954834 -1.899999999999977
19.5615578613 -1.700000000000045
19.627942627 -1.600000000000023
19.6615109863 -1.799999999999955
19.7278811035 -1.500000000000000
19.7947507324 -0.899999999999977
19.8280834961 -0.799999999999955
19.894590332 -0.500000000000000
19.9281635742 -0.399999999999977
19.9945195312 0.100000000000023
20.0612844238 0.600000000000023
20.0970791016 1.000000000000000
20.161369873 1.200000000000045
20.1949023438 1.000000000000000
20.2613164062 1.500000000000000
20.327762207 1.000000000000000
20.3614914551 1.700000000000045
20.4279870605 1.799999999999955
20.4615222168 1.899999999999977
20.5275495605 1.799999999999955
20.5942470703 1.399999999999977
20.627697998 2.100000000000023
20.6945466309 1.700000000000045
20.7967890625 1.100000000000023
20.828060791 1.100000000000023
20.8943215332 1.100000000000023
20.9276516113 0.899999999999977
20.9942675781 0.600000000000023
21.0278535156 0.399999999999977
21.0951848145 0.299999999999955
21.1610979004 0.000000000000000
21.1943930664 -0.200000000000045
21.2612783203 -1.399999999999977
21.3274902344 -1.299999999999955
21.394407959 -1.200000000000045
21.4276879883 -1.299999999999955
21.4940627441 -1.399999999999977
21.5606838379 -1.799999999999955
21.5942978516 -2.100000000000023
21.6606218262 -2.299999999999955
21.6941879883 -2.200000000000045
21.7607651367 -1.899999999999977
21.7943227539 -2.399999999999977
21.8611535645 -2.399999999999977
21.9272370605 -2.200000000000045
21.9610046387 -2.200000000000045
22.0272194824 -2.600000000000023
22.093987793 -2.600000000000023
22.1275898437 -2.799999999999955
22.1940422363 -2.500000000000000
22.2606494141 -3.100000000000023
22.2942380371 -2.500000000000000
22.3608220215 -2.700000000000045
22.394223877 -2.899999999999977
22.4607646484 -2.600000000000023
22.4938483887 -2.399999999999977
22.5606845703 -2.399999999999977
22.6272338867 -2.299999999999955
22.6605734863 -2.500000000000000
22.7271164551 -1.600000000000023
22.7607302246 -1.799999999999955
22.8272331543 -0.899999999999977
22.8939418945 -0.700000000000045
22.9271791992 -0.899999999999977
22.9941767578 -0.600000000000023
23.0603347168 0.200000000000045
23.0939230957 0.600000000000023
23.1603994141 0.899999999999977
23.227354248 1.000000000000000
23.2606252441 1.200000000000045
23.3273022461 1.399999999999977
23.3608825684 1.399999999999977
23.4271186523 1.600000000000023
23.4938066406 1.899999999999977
23.5601945801 1.799999999999955
23.5940827637 2.200000000000045
23.6606311035 1.299999999999955
23.727045166 1.500000000000000
23.7604624023 1.600000000000023
23.8268146973 1.500000000000000
23.8602236328 0.600000000000023
23.9271906738 0.500000000000000
23.9936501465 0.100000000000023
24.0269838867 0.299999999999955
24.093439209 -0.200000000000045
24.1267646484 -0.299999999999955
24.1937011719 -0.899999999999977
24.2599838867 -0.500000000000000
24.2938452148 -0.399999999999977
24.3602883301 -0.600000000000023
24.393520752 -0.799999999999955
24.460237793 -1.399999999999977
24.5267294922 -1.500000000000000
24.5606730957 -1.299999999999955
24.6268198242 -1.500000000000000
24.6601647949 -1.899999999999977
24.7312351074 -1.899999999999977
24.7599626465 -2.000000000000000
24.8267387695 -2.100000000000023
24.8931625977 -2.200000000000045
24.9270202637 -2.000000000000000
24.9934291992 -2.200000000000045
25.0265334473 -2.399999999999977
25.0934831543 -2.399999999999977
25.1599560547 -2.299999999999955
25.2267375488 -2.200000000000045
25.2599890137 -2.399999999999977
25.3264833984 -2.700000000000045
25.3598642578 -2.399999999999977
25.4270583496 -2.399999999999977
25.4931286621 -2.399999999999977
25.5265302734 -2.700000000000045
25.5933120117 -2.600000000000023
25.6596494141 -2.799999999999955
25.6934680176 -2.700000000000045
25.759581543 -2.200000000000045
25.7933320312 -2.600000000000023
25.859527832 -2.399999999999977
25.9262946777 -2.399999999999977
25.9598674316 -2.100000000000023
26.0265915527 -2.000000000000000
26.0928083496 -1.700000000000045
26.1265246582 -2.000000000000000
26.1928898926 -1.500000000000000
26.2276650391 -1.000000000000000
26.2930527344 -1.100000000000023
26.35953125 -0.399999999999977
26.3931191406 -0.600000000000023
26.4597436523 -0.200000000000045
26.4932436523 0.100000000000023
26.5601616211 0.200000000000045
26.6263076172 0.299999999999955
26.6597941895 0.700000000000045
26.7260715332 0.700000000000045
26.7602414551 1.399999999999977
26.8267355957 1.299999999999955
26.8926467285 1.600000000000023
26.9263059082 1.100000000000023
26.9928647461 0.899999999999977
27.0259807129 0.799999999999955
27.0927419434 0.899999999999977
27.1592702637 0.899999999999977
27.1930952148 0.799999999999955
27.2592150879 0.399999999999977
27.2929418945 0.200000000000045
27.3594587402 0.100000000000023
27.4259182129 0.000000000000000
27.4594575195 -0.299999999999955
27.5261271973 -1.000000000000000
27.5925158691 -0.799999999999955
27.6260554199 -0.899999999999977
27.6924831543 -1.000000000000000
27.7258974609 -0.799999999999955
27.792793457 -1.399999999999977
27.8592248535 -1.799999999999955
27.893036377 -2.200000000000045
27.9590598145 -1.799999999999955
27.9927180176 -2.700000000000045
28.0591594238 -2.500000000000000
28.1259138184 -2.399999999999977
28.1600134277 -2.299999999999955
28.225640625 -2.399999999999977
28.2590534668 -2.799999999999955
28.3254926758 -2.200000000000045
28.3922946777 -2.200000000000045
28.4257438965 -1.899999999999977
28.4922167969 -2.200000000000045
28.525855957 -2.000000000000000
28.5934958496 -1.899999999999977
28.658831543 -1.700000000000045
28.6927202148 -1.799999999999955
28.75878125 -2.000000000000000
28.8256738281 -1.899999999999977
28.8591774902 -2.200000000000045
28.9266035156 -2.200000000000045
28.958951416 -2.200000000000045
29.0260771484 -2.000000000000000
29.0921772461 -2.100000000000023
29.1586086426 -1.899999999999977
29.1921262207 -1.700000000000045
29.2588234863 -1.700000000000045
29.3252175293 -1.700000000000045
29.3587871094 -1.399999999999977
29.4252587891 -0.500000000000000
29.4587131348 -0.600000000000023
29.5254104004 -0.600000000000023
29.592111084 0.200000000000045
29.6253642578 0.399999999999977
29.6921479492 1.000000000000000
29.8006918945 1.399999999999977
29.859878418 1.500000000000000
29.892059082 1.500000000000000
29.9584406738 1.600000000000023
29.9922382812 1.399999999999977
30.0585002441 1.399999999999977
30.1251108398 1.500000000000000
30.1587878418 1.700000000000045
30.2250539551 1.500000000000000
30.2584174805 1.000000000000000
30.3252626953 1.399999999999977
30.3584919434 1.200000000000045
30.4254755859 0.500000000000000
30.4928884277 0.600000000000023
30.5253554687 0.299999999999955
30.5916340332 0.299999999999955
30.6584604492 0.000000000000000
30.6922976074 -0.200000000000045
30.7585432129 -0.500000000000000
30.7916882324 -0.799999999999955
30.8582275391 -0.899999999999977
30.9250576172 -0.799999999999955
30.958619873 -0.500000000000000
31.0247431641 -1.399999999999977
31.0584799805 -1.100000000000023
31.1251328125 -1.100000000000023
31.1914382324 -1.399999999999977
31.2247583008 -1.700000000000045
31.2915834961 -1.700000000000045
31.3253623047 -1.500000000000000
31.3916118164 -1.399999999999977
31.4250388184 -1.399999999999977
31.4914206543 -1.600000000000023
31.5580734863 -1.700000000000045
31.5919875488 -1.700000000000045
31.6584658203 -1.899999999999977
31.7250964355 -1.600000000000023
31.7582958984 -1.700000000000045
31.8246362305 -2.000000000000000
31.8581591797 -1.899999999999977
31.9247036133 -1.899999999999977
31.991347168 -2.000000000000000
32.0248381348 -1.200000000000045
32.0911494141 -1.100000000000023
32.1578840332 -1.100000000000023
32.1914506836 -0.700000000000045
32.2580942383 -0.500000000000000
32.3246074219 0.000000000000000
32.3580910645 0.399999999999977
32.4243134766 0.399999999999977
32.4912001953 1.000000000000000
32.5577438965 0.799999999999955
32.5912963867 1.500000000000000
32.6579755859 1.600000000000023
32.724640625 1.799999999999955
32.7578144531 2.100000000000023
32.8243903809 2.299999999999955
32.8581191406 1.700000000000045
32.9246523437 1.700000000000045
32.9911242676 1.899999999999977
33.0250244141 2.100000000000023
33.0912390137 1.899999999999977
33.1587932129 1.399999999999977
33.1911818848 1.799999999999955
33.2576323242 1.100000000000023
33.2956281738 1.500000000000000
33.3578962402 0.899999999999977
33.4242702637 1.000000000000000
33.4579807129 0.399999999999977
33.5243466797 0.899999999999977
33.5916328125 0.200000000000045
33.6247563477 0.100000000000023
33.6908098145 -0.200000000000045
33.7252524414 0.000000000000000
33.7906867676 -0.899999999999977
33.8576154785 -1.299999999999955
33.8912590332 -0.600000000000023
33.9574519043 -1.100000000000023
34.0241772461 -1.100000000000023
34.0573496094 -1.299999999999955
34.1248972168 -0.899999999999977
34.1908291016 -1.399999999999977
34.224192627 -1.299999999999955
34.2908530273 -0.899999999999977
34.3574282227 -1.399999999999977
34.3907946777 -1.399999999999977
34.4612963867 -1.500000000000000
34.5238928223 -1.500000000000000
34.5575 -1.700000000000045
34.623927002 -1.700000000000045
34.6906706543 -1.500000000000000
34.7239492188 -2.000000000000000
34.7905966797 -2.000000000000000
34.8241826172 -2.000000000000000
34.8906994629 -2.000000000000000
34.9574909668 -2.200000000000045
35.0237658691 -1.799999999999955
35.0574763184 -1.899999999999977
35.123730957 -1.600000000000023
35.1903859863 -1.600000000000023
35.2237424316 -1.799999999999955
35.2904819336 -1.799999999999955
35.3571660156 -1.799999999999955
35.3903549805 -1.600000000000023
35.4569790039 -1.700000000000045
35.4907236328 -1.799999999999955
35.5567922363 -1.100000000000023
35.6235822754 -1.100000000000023
35.6573640137 -1.200000000000045
35.7242019043 -1.299999999999955
35.7902844238 -0.299999999999955
35.8241855469 -0.200000000000045
35.890505127 -0.200000000000045
35.9569499512 -0.600000000000023
35.9904580078 0.000000000000000
36.0569802246 0.000000000000000
36.1238000488 -0.200000000000045
36.1902446289 -0.500000000000000
36.2567602539 -0.500000000000000
36.2902070312 -0.700000000000045
36.357223877 -0.899999999999977
36.4234311523 -1.100000000000023
36.4572004395 -0.899999999999977
36.5233234863 -1.100000000000023
36.5900239258 -1.200000000000045
36.6235720215 -1.600000000000023
36.689967041 -1.399999999999977
36.7566604004 -1.299999999999955
36.7906235352 -2.299999999999955
36.8566274414 -2.100000000000023
36.9232687988 -2.399999999999977
36.9570146484 -2.200000000000045
37.0231799316 -2.600000000000023
37.0902675781 -2.700000000000045
37.1241743164 -2.600000000000023
37.1899812012 -2.700000000000045
37.2565515137 -2.299999999999955
37.2900698242 -2.899999999999977
37.3564406738 -2.899999999999977
37.4230810547 -2.799999999999955
37.4569382324 -3.200000000000045
37.5230268555 -3.100000000000023
37.5567106934 -3.000000000000000
37.6233032227 -3.200000000000045
37.6897194824 -2.799999999999955
37.7230698242 -3.299999999999955
37.7900058594 -2.700000000000045
37.8563066406 -2.000000000000000
37.889782959 -2.399999999999977
37.95640625 -2.000000000000000
38.0231259766 -1.799999999999955
38.0562104492 -2.200000000000045
38.1229355469 -1.700000000000045
38.1898894043 -1.200000000000045
38.2562255859 -0.799999999999955
38.322942627 -1.100000000000023
38.3896806641 0.000000000000000
38.456253418 1.299999999999955
38.522901123 1.100000000000023
38.5894306641 1.700000000000045
38.6560793457 3.000000000000000
38.722845459 2.299999999999955
38.7894067383 3.200000000000045
38.8231240234 3.799999999999955
38.889729248 3.799999999999955
38.9564072266 3.899999999999977
39.0227817383 3.799999999999955
39.0896359863 3.700000000000045
39.1563208008 3.600000000000023
39.2230795898 3.500000000000000
39.328201416 2.799999999999955
39.3893515625 2.500000000000000
39.456043457 1.700000000000045
39.5564855957 1.899999999999977
39.6226662598 1.000000000000000
39.6890407715 0.600000000000023
39.7558452148 0.299999999999955
39.8231970215 0.100000000000023
39.8892314453 0.200000000000045
39.9559260254 -0.200000000000045
40.0231948242 -1.000000000000000
40.056239502 -1.299999999999955
40.1558959961 -1.200000000000045
40.1892695312 -1.299999999999955
40.2891118164 -1.500000000000000
40.3556315918 -1.799999999999955
40.422701416 -1.700000000000045
40.4892219238 -1.799999999999955
40.555689209 -2.100000000000023
40.589619873 -2.299999999999955
40.6558603516 -2.200000000000045
40.7226306152 -2.600000000000023
40.7954125977 -2.899999999999977
40.8895915527 -2.299999999999955
40.9556035156 -2.500000000000000
41.022284668 -2.500000000000000
41.0895283203 -2.500000000000000
41.1560698242 -2.399999999999977
41.2223232422 -2.399999999999977
41.3278903809 -2.600000000000023
41.3891950684 -2.700000000000045
41.4554650879 -2.100000000000023
41.530083252 -2.399999999999977
41.5891806641 -1.899999999999977
41.6556318359 -1.500000000000000
41.7219106445 -1.500000000000000
41.7901755371 -0.799999999999955
41.8557426758 -0.200000000000045
41.9558317871 0.299999999999955
42.0224379883 1.100000000000023
42.1221450195 0.899999999999977
42.1910507812 2.299999999999955
42.2888828125 3.700000000000045
42.355932373 4.000000000000000
42.4221442871 4.700000000000045
42.5220822754 4.799999999999955
42.5889851074 4.600000000000023
42.6561904297 4.899999999999977
42.7553486328 5.000000000000000
42.8260876465 4.299999999999955
42.8884958496 4.200000000000045
42.9552004395 3.799999999999955
43.0218115234 3.200000000000045
43.088572998 2.399999999999977
43.1217734375 2.700000000000045
43.1888120117 1.799999999999955
43.2553891602 1.399999999999977
43.2886118164 1.600000000000023
43.3552163086 1.700000000000045
43.4219919434 1.000000000000000
43.4886804199 0.500000000000000
43.5219306641 0.399999999999977
43.5884819336 -0.100000000000023
43.6554995117 -1.000000000000000
43.7218569336 -0.799999999999955
43.7551223145 -0.299999999999955
43.821354248 -1.299999999999955
43.8891728516 -1.299999999999955
43.9215458984 -1.500000000000000
43.9879838867 -1.500000000000000
44.022482666 -1.200000000000045
44.0880078125 -1.200000000000045
44.155015625 -1.299999999999955
44.1883713379 -1.200000000000045
44.2550910645 -0.200000000000045
44.3295495605 0.200000000000045
44.3886394043 1.100000000000023
44.4551674805 1.700000000000045
44.5214362793 1.799999999999955
44.5882346191 2.600000000000023
44.6546479492 3.700000000000045
44.721354248 4.000000000000000
44.7951174316 5.200000000000045
44.8545708008 5.299999999999955
44.9210090332 5.000000000000000
45.0217023926 5.700000000000045
45.0546259766 5.700000000000045
45.1213520508 5.600000000000023
45.18828125 5.899999999999977
45.2608640137 5.399999999999977
45.2881362305 5.299999999999955
45.3547851563 5.399999999999977
45.4210461426 4.899999999999977
45.4879001465 4.899999999999977
45.5211616211 4.700000000000045
45.5884443359 4.000000000000000
45.6550112305 2.500000000000000
45.6947312012 3.100000000000023
45.7542678223 3.200000000000045
45.8215922852 2.399999999999977
45.8875366211 1.600000000000023
45.9211223145 1.799999999999955
45.9874560547 0.899999999999977
46.0542175293 0.700000000000045
46.1212788086 0.399999999999977
46.1544494629 1.100000000000023
46.2208984375 0.100000000000023
46.2549274902 -0.399999999999977
46.3210854492 -0.200000000000045
46.387543457 -0.399999999999977
46.4212126465 -0.299999999999955
46.4875231934 0.000000000000000
46.5548479004 0.000000000000000
46.5878232422 0.000000000000000
46.6542507324 0.500000000000000
46.7210849609 0.399999999999977
46.7545270996 0.600000000000023
46.8206081543 1.899999999999977
46.8871916504 2.000000000000000
46.9539436035 2.399999999999977
46.9875786133 2.299999999999955
47.0538044434 3.899999999999977
47.1206970215 3.600000000000023
47.1879106445 4.100000000000023
47.2206967773 5.000000000000000
47.2873208008 5.299999999999955
47.3212568359 5.399999999999977
47.3876760254 5.399999999999977
47.4538464355 5.700000000000045
47.5205275879 5.600000000000023
47.587239502 5.700000000000045
47.6207106934 5.399999999999977
47.6872541504 5.200000000000045
47.720920166 5.399999999999977
47.7912375488 5.299999999999955
47.8538044434 4.399999999999977
47.9206411133 4.500000000000000
47.9538227539 4.500000000000000
48.0205046387 3.700000000000045
48.087331543 3.100000000000023
48.1210297852 3.299999999999955
48.1872988281 2.500000000000000
48.2539404297 1.700000000000045
48.3203195801 2.200000000000045
48.3537148437 1.200000000000045
48.4203825684 0.600000000000023
48.4868898926 0.200000000000045
48.5205539551 0.100000000000023
48.5869050293 0.100000000000023
48.6543752441 -0.600000000000023
48.6870710449 -0.399999999999977
48.7535178223 -0.799999999999955
48.8201750488 -0.799999999999955
48.8868198242 -0.700000000000045
48.920112793 -0.799999999999955
48.9866513672 -0.600000000000023
49.0536230469 -0.500000000000000
49.087128418 -0.500000000000000
49.1532678223 -0.100000000000023
49.1872910156 0.299999999999955
49.286815918 0.899999999999977
49.3202124023 0.700000000000045
49.3866574707 1.899999999999977
49.4214851074 2.000000000000000
49.4868486328 2.799999999999955
49.59453125 3.500000000000000
49.6535102539 4.299999999999955
49.6872739258 4.600000000000023
49.753723877 4.399999999999977
49.8203039551 4.899999999999977
49.88690625 5.200000000000045
49.9206787109 4.899999999999977
49.986826416 5.299999999999955
50.02071875 5.100000000000023
50.0866550293 5.100000000000023
50.1547368164 4.899999999999977
50.220590332 4.100000000000023
50.2871606445 4.100000000000023
50.3202683105 3.899999999999977
50.3866071777 2.899999999999977
50.4532526855 2.399999999999977
50.4867246094 2.399999999999977
50.5532263184 2.100000000000023
50.6198891602 1.500000000000000
50.6932158203 1.000000000000000
50.7200908203 1.399999999999977
50.793034668 1.200000000000045
50.8587258301 0.000000000000000
50.9261530762 -0.100000000000023
50.9602202148 0.100000000000023
51.027541748 -0.700000000000045
51.0868498535 -0.700000000000045
51.1269250488 -0.700000000000045
51.1941674805 -0.899999999999977
51.2534755859 -1.899999999999977
51.3222758789 -1.600000000000023
51.3549846191 -1.399999999999977
51.4259604492 -1.399999999999977
51.4867280273 -1.500000000000000
51.5201630859 -1.299999999999955
51.5872641602 -1.600000000000023
51.6539150391 -1.700000000000045
51.7197714844 -1.500000000000000
51.753770752 -1.600000000000023
51.819515625 -1.700000000000045
51.886104248 -1.000000000000000
51.9527624512 -1.200000000000045
51.987059082 -1.000000000000000
52.0570935059 -0.299999999999955
52.1192531738 -0.600000000000023
52.1533762207 0.200000000000045
52.220079834 0.500000000000000
52.2860615234 1.299999999999955
52.3526154785 1.399999999999977
52.3869455566 2.000000000000000
52.452921875 2.799999999999955
52.5196447754 2.399999999999977
52.5857644043 2.799999999999955
52.6525402832 2.700000000000045
52.6861022949 3.500000000000000
52.7524482422 3.100000000000023
52.8196318359 3.399999999999977
52.8526975098 2.700000000000045
52.9189938965 2.899999999999977
52.9859018555 2.899999999999977
53.0272822266 2.399999999999977
53.0858046875 2.299999999999955
53.1582302246 2.100000000000023
53.2189819336 1.299999999999955
53.2602612305 0.799999999999955
53.3190300293 0.700000000000045
53.3856782227 1.000000000000000
53.419059082 0.399999999999977
53.4853652344 0.299999999999955
53.552885498 0.100000000000023
53.5872834473 0.000000000000000
53.6522722168 -0.299999999999955
53.7188706055 -0.600000000000023
53.7861196289 -0.799999999999955
53.8282202148 -1.200000000000045
53.8854191895 -0.399999999999977
53.952560791 -1.200000000000045
53.9949694824 -1.299999999999955
54.0522746582 -1.799999999999955
54.1192302246 -1.600000000000023
54.1612109375 -1.799999999999955
54.2189243164 -1.600000000000023
54.285269043 -1.500000000000000
54.3232712402 -1.600000000000023
54.3853798828 -2.000000000000000
54.452784668 -2.000000000000000
54.5197182617 -1.899999999999977
54.5526447754 -2.299999999999955
54.6189072266 -1.299999999999955
54.6855007324 -1.600000000000023
54.7523762207 -1.600000000000023
54.7855908203 -1.299999999999955
54.8592302246 -0.700000000000045
54.9185559082 -0.899999999999977
54.9857470703 -0.200000000000045
55.0191164551 0.200000000000045
55.0920915527 0.799999999999955
55.1521474609 1.100000000000023
55.2186560059 1.700000000000045
55.2521374512 2.200000000000045
55.318729248 2.299999999999955
55.385232666 1.799999999999955
55.4187487793 2.500000000000000
55.4877062988 2.700000000000045
55.5519926758 2.600000000000023
55.5911115723 2.399999999999977
55.652104248 2.299999999999955
55.7186867676 2.299999999999955
55.7859394531 2.000000000000000
55.8518198242 1.399999999999977
55.8867668457 2.399999999999977
55.9517883301 1.899999999999977
56.0181682129 1.399999999999977
56.0523408203 1.000000000000000
56.1186098633 1.000000000000000
56.1850854492 0.299999999999955
56.2185527344 0.500000000000000
56.2852827148 0.000000000000000
56.3524609375 -0.100000000000023
56.4182006836 -1.000000000000000
56.4522250977 -0.700000000000045
56.5183259277 -1.399999999999977
56.5847768555 -1.399999999999977
56.6190710449 -1.399999999999977
56.6848022461 -2.000000000000000
56.7516086426 -1.700000000000045
56.8185310059 -2.299999999999955
56.851802002 -2.200000000000045
56.9179899902 -1.799999999999955
56.9517844238 -2.100000000000023
57.0185732422 -2.100000000000023
57.0844511719 -1.799999999999955
57.1188044434 -2.299999999999955
57.1846472168 -2.200000000000045
57.2514111328 -1.799999999999955
57.3180239258 -2.100000000000023
57.3512543945 -1.700000000000045
57.4195998535 -1.899999999999977
57.4846804199 -1.799999999999955
57.5186181641 -2.000000000000000
57.5856791992 -1.600000000000023
57.6519094238 -0.799999999999955
57.6862036133 -0.100000000000023
57.7514558105 -0.200000000000045
57.8175654297 0.500000000000000
57.885052002 1.600000000000023
57.9180991211 1.299999999999955
57.9848498535 2.299999999999955
58.051104248 2.700000000000045
58.0866962891 3.000000000000000
58.1509946289 3.000000000000000
58.1858464355 2.500000000000000
58.2510866699 2.799999999999955
58.3179523926 2.600000000000023
58.3844157715 2.500000000000000
58.4179006348 2.299999999999955
58.4900327148 2.000000000000000
58.551074707 2.100000000000023
58.5846213379 1.899999999999977
58.6508334961 1.000000000000000
58.7174006348 1.299999999999955
58.7843430176 0.899999999999977
58.8178464355 0.600000000000023
58.8841359863 1.100000000000023
59.0028947754 0.299999999999955
59.0510310059 0.100000000000023
59.1173178711 -0.500000000000000
59.1840083008 -0.799999999999955
59.2178010254 -1.000000000000000
59.2837895508 -1.100000000000023
59.3181660156 -1.200000000000045
59.3842336426 -2.000000000000000
59.4512250977 -2.200000000000045
59.4845759277 -2.299999999999955
59.5506037598 -2.299999999999955
59.6173596191 -2.399999999999977
59.6844450684 -2.500000000000000
59.751329834 -2.700000000000045
59.8173962402 -2.500000000000000
59.8520285645 -3.100000000000023
59.917619873 -3.200000000000045
59.9508654785 -3.100000000000023
60.0184304199 -3.200000000000045
60.0836838379 -3.100000000000023
60.1505615234 -3.000000000000000
60.1838254395 -3.200000000000045
60.2502822266 -3.299999999999955
60.3167148437 -3.600000000000023
60.351583252 -3.299999999999955
60.4172729492 -2.200000000000045
60.4836103516 -2.700000000000045
60.5181430664 -3.100000000000023
60.5837094727 -2.700000000000045
60.6501367187 -2.399999999999977
60.7175759277 -2.299999999999955
60.7504645996 -2.000000000000000
60.816847168 -1.899999999999977
60.8837224121 -2.399999999999977
60.9170998535 -2.299999999999955
60.9841247559 -1.100000000000023
61.0175895996 -0.799999999999955
61.0838039551 -0.700000000000045
61.1501936035 -0.600000000000023
61.2173063965 0.399999999999977
61.2504299316 0.200000000000045
61.3167700195 0.799999999999955
61.3830422363 1.299999999999955
61.4164958496 1.299999999999955
61.4836760254 1.700000000000045
61.550154541 2.200000000000045
61.5835578613 1.799999999999955
61.6504326172 2.000000000000000
61.7168566895 2.299999999999955
61.7838220215 1.899999999999977
61.8174243164 1.799999999999955
61.8834675293 1.399999999999977
61.9503520508 1.399999999999977
61.9838435059 0.899999999999977
62.0503850098 0.500000000000000
62.1170690918 0.899999999999977
62.1581484375 0.899999999999977
62.2164924316 0.100000000000023
62.2834645996 -0.200000000000045
62.3169118652 -0.100000000000023
62.3833220215 -0.799999999999955
62.4498540039 -0.799999999999955
62.4837746582 -0.799999999999955
62.549967041 -1.100000000000023
62.6164379883 -1.000000000000000
62.6833903809 -1.600000000000023
62.7166474609 -1.200000000000045
62.7831218262 -1.500000000000000
62.8495351562 -1.600000000000023
62.8832858887 -1.600000000000023
62.9500222168 -1.299999999999955
62.9836079102 -0.799999999999955
63.0503725586 -0.799999999999955
63.1166462402 -1.100000000000023
63.1504404297 -0.700000000000045
63.2163510742 -0.399999999999977
63.2829736328 0.299999999999955
63.3175895996 0.600000000000023
63.3825986328 0.500000000000000
63.4503144531 0.899999999999977
63.483515625 1.299999999999955
63.5499155273 1.500000000000000
63.6165861816 1.000000000000000
63.683034668 1.500000000000000
63.7159719238 1.299999999999955
63.782784668 1.200000000000045
63.8828271484 1.399999999999977
63.9161838379 0.700000000000045
63.9831516113 0.000000000000000
64.0174782715 0.299999999999955
64.0905334473 0.299999999999955
64.1494802246 0.000000000000000
64.2163198242 -0.899999999999977
64.2825854492 -1.100000000000023
64.3168415527 -1.000000000000000
64.3825539551 -1.299999999999955
64.4167487793 -1.299999999999955
64.4826899414 -1.399999999999977
64.5492026367 -1.299999999999955
64.61653125 -1.600000000000023
64.6832077637 -2.000000000000000
64.7495476074 -2.100000000000023
64.8210024414 -1.899999999999977
64.8828730469 -2.100000000000023
64.9494790039 -1.799999999999955
65.0165803223 -2.000000000000000
65.0829436035 -2.000000000000000
65.1497280273 -2.000000000000000
65.2156455078 -0.500000000000000
65.250567627 -0.500000000000000
65.315467041 -0.500000000000000
65.3832531738 -0.299999999999955
65.4494274902 1.100000000000023
65.5157563477 1.200000000000045
65.5827043457 2.000000000000000
65.6495195312 2.899999999999977
65.7164223633 2.700000000000045
65.7826286621 2.899999999999977
65.8488759766 3.000000000000000
65.8826396484 3.000000000000000
65.9498664551 2.899999999999977
66.0162426758 2.600000000000023
66.0825583496 2.200000000000045
66.1491643066 2.000000000000000
66.217512207 1.399999999999977
66.282411377 1.200000000000045
66.3493852539 1.100000000000023
66.4837888184 0.200000000000045
66.5484443359 -0.100000000000023
66.6152158203 -0.700000000000045
66.6862568359 -0.399999999999977
66.749359375 -1.100000000000023
66.815958252 -1.700000000000045
66.8495664063 -1.500000000000000
66.9489069824 -2.399999999999977
67.0163718262 -2.600000000000023
67.082611084 -2.500000000000000
67.1491774902 -2.600000000000023
67.2158103027 -2.899999999999977
67.2834763184 -3.200000000000045
67.3497490234 -2.799999999999955
67.4494626465 -2.899999999999977
67.5165930176 -2.899999999999977
67.5816328125 -2.500000000000000
67.6494204102 -2.399999999999977
67.716 -2.700000000000045
67.7824824219 -2.299999999999955
67.8481918945 -1.799999999999955
67.9157092285 -2.299999999999955
67.982171875 -1.899999999999977
68.0492563477 -1.500000000000000
68.1155734863 -1.299999999999955
68.1828994141 -1.100000000000023
68.2493671875 -0.399999999999977
68.3193266602 0.100000000000023
68.4151899414 0.299999999999955
68.481395752 0.899999999999977
68.5479814453 0.399999999999977
68.6146682129 0.700000000000045
68.6811867676 0.299999999999955
68.7478149414 0.200000000000045
68.8145986328 0.500000000000000
68.8821003418 -0.100000000000023
68.9494187012 0.200000000000045
69.016217041 -0.299999999999955
69.0827524414 -0.399999999999977
69.1487751465 -0.399999999999977
69.2157224121 -1.200000000000045
69.2825090332 -1.399999999999977
69.3487966309 -1.399999999999977
69.4158383789 -2.100000000000023
69.4811108398 -2.399999999999977
69.5477126465 -2.200000000000045
69.6147414551 -3.000000000000000
69.6819128418 -2.899999999999977
69.7481950684 -2.700000000000045
69.8151342773 -3.000000000000000
69.8824160156 -3.399999999999977
69.9487431641 -3.000000000000000
69.9827834473 -3.200000000000045
70.0478928223 -3.399999999999977
70.1166628418 -3.200000000000045
70.1816606445 -3.299999999999955
70.2493161621 -3.399999999999977
70.2823154297 -3.200000000000045
70.3482312012 -2.899999999999977
70.415161377 -2.600000000000023
70.4814091797 -2.299999999999955
70.5159724121 -2.500000000000000
70.5813679199 -1.899999999999977
70.6486247559 -1.200000000000045
70.6826818848 -0.600000000000023
70.7491628418 -0.799999999999955
70.8147092285 -0.299999999999955
70.8501472168 -0.200000000000045
70.9154431152 -0.200000000000045
70.9819743652 -0.299999999999955
71.0146474609 0.000000000000000
71.0812282715 0.299999999999955
71.1502302246 0.100000000000023
71.213967041 -0.100000000000023
71.2478986816 -0.200000000000045
71.3150322266 -0.100000000000023
71.3819001465 0.200000000000045
71.44721875 -0.299999999999955
71.5149411621 -0.399999999999977
71.5486003418 -0.600000000000023
71.6160595703 -1.200000000000045
71.6476418457 -0.899999999999977
71.7157363281 -1.500000000000000
71.7827624512 -1.799999999999955
71.8137507324 -2.100000000000023
71.8814990234 -1.600000000000023
71.949151123 -2.000000000000000
71.9819511719 -2.399999999999977
72.0470554199 -1.700000000000045
72.1150983887 -2.000000000000000
72.1820634766 -2.000000000000000
72.24828125 -2.000000000000000
72.3155026855 -2.600000000000023
72.349324707 -2.500000000000000
72.4142038574 -2.500000000000000
72.4810998535 -2.799999999999955
72.5473366699 -2.799999999999955
72.5823430176 -2.899999999999977
72.6481054688 -3.200000000000045
72.7143530273 -2.899999999999977
72.748088623 -3.200000000000045
72.8148447266 -3.299999999999955
72.8799394531 -3.000000000000000
72.9149030762 -3.399999999999977
72.98009375 -2.500000000000000
73.0477558594 -2.299999999999955
73.0802438965 -3.000000000000000
73.1476638184 -2.500000000000000
73.2141901855 -2.100000000000023
73.2478117676 -2.299999999999955
73.3144838867 -2.399999999999977
73.381621582 -2.000000000000000
73.4475649414 -2.200000000000045
73.5135942383 -1.700000000000045
73.5816203613 -1.500000000000000
73.6475678711 -0.500000000000000
73.6814230957 -0.299999999999955
73.7475371094 -0.100000000000023
73.8144326172 0.500000000000000
73.8814130859 0.899999999999977
73.9144858398 1.200000000000045
73.981284668 1.600000000000023
74.0490507813 1.799999999999955
74.1138747559 2.000000000000000
74.1474580078 2.100000000000023
74.213536377 2.000000000000000
74.281923584 2.399999999999977
74.314529541 1.799999999999955
74.3815444336 1.899999999999977
74.4476323242 1.600000000000023
74.5142702637 1.700000000000045
74.5471130371 1.600000000000023
74.6145910645 1.000000000000000
74.6808220215 1.100000000000023
74.7155371094 0.799999999999955
74.7806223145 0.200000000000045
74.847060791 0.000000000000000
74.9138310547 -0.100000000000023
74.9475339355 -0.500000000000000
75.0150930176 -1.100000000000023
75.0821586914 -1.200000000000045
75.1472624512 -1.299999999999955
75.2140510254 -1.899999999999977
75.280302002 -1.899999999999977
75.3494926758 -2.299999999999955
75.4139326172 -2.299999999999955
75.4475410156 -2.700000000000045
75.5138027344 -2.700000000000045
75.5819372559 -2.700000000000045
75.647204834 -3.000000000000000
75.7140671387 -2.700000000000045
75.7468786621 -3.000000000000000
75.8147263184 -2.399999999999977
75.8795285645 -2.799999999999955
75.9459736328 -2.399999999999977
75.9799655762 -2.399999999999977
76.0473552246 -2.399999999999977
76.0792790527 -2.200000000000045
76.1469326172 -2.799999999999955
76.2132844238 -1.600000000000023
76.2806518555 -1.299999999999955
76.3468630371 -1.299999999999955
76.3794724121 -0.700000000000045
76.4480610352 -0.399999999999977
76.5139907227 -0.399999999999977
76.5792539063 0.700000000000045
76.6141162109 0.700000000000045
76.6813239746 1.600000000000023
76.7459482422 1.799999999999955
76.7803652344 1.700000000000045
76.8467756348 2.299999999999955
76.8800317383 2.200000000000045
76.947779541 3.000000000000000
77.0133510742 3.299999999999955
77.0793540039 3.899999999999977
77.114105957 3.700000000000045
77.2253015137 3.299999999999955
77.2795622559 3.700000000000045
77.3480871582 3.299999999999955
77.4132878418 3.299999999999955
77.478840332 2.500000000000000
77.5470742187 2.600000000000023
77.5804025879 2.000000000000000
77.646980957 1.399999999999977
77.7121459961 1.600000000000023
77.7457338867 1.600000000000023
77.8144675293 1.299999999999955
77.8805551758 0.500000000000000
77.9463342285 0.600000000000023
78.0120483398 -0.200000000000045
78.0468271484 -0.299999999999955
78.1131750488 -0.200000000000045
78.1796271973 -0.600000000000023
78.214621582 -0.700000000000045
78.2791311035 -0.899999999999977
78.3462817383 -1.200000000000045
78.413519043 -1.899999999999977
78.4465710449 -1.700000000000045
78.5457231445 -2.000000000000000
78.5801726074 -1.899999999999977
78.6463708496 -2.200000000000045
78.712020752 -2.100000000000023
78.7791716309 -2.399999999999977
78.812890625 -1.600000000000023
78.8797470703 -2.200000000000045
78.9468120117 -1.700000000000045
79.0122556152 -1.600000000000023
79.0783779297 -1.399999999999977
79.1140256348 -1.799999999999955
79.1790703125 -1.399999999999977
79.2470554199 -0.500000000000000
79.3131359863 -0.299999999999955
79.3450605469 -0.299999999999955
79.4127214355 0.799999999999955
79.4814211426 1.399999999999977
79.5466083984 1.700000000000045
79.6123195801 2.399999999999977
79.6457275391 2.600000000000023
79.7126550293 2.500000000000000
79.778482666 3.000000000000000
79.8465195312 3.899999999999977
79.8797067871 3.799999999999955
79.9459851074 3.799999999999955
80.0136450195 3.500000000000000
80.0789018555 3.200000000000045
80.1123222656 3.100000000000023
80.1789794922 2.799999999999955
80.2464975586 2.399999999999977
80.3124279785 2.700000000000045
80.3781643066 1.700000000000045
80.4135991211 2.000000000000000
80.4792978516 1.399999999999977
80.5460810547 1.100000000000023
80.6116254883 0.200000000000045
80.6462524414 0.100000000000023
80.7134694824 -0.200000000000045
80.7801252441 -0.399999999999977
80.8141938477 -0.799999999999955
80.8789626465 -0.899999999999977
80.946939209 -0.899999999999977
81.0133464355 -1.000000000000000
81.0460270996 -1.299999999999955
81.1128430176 -1.799999999999955
81.1794709473 -2.000000000000000
81.2449902344 -2.299999999999955
81.279204834 -1.799999999999955
81.3447231445 -2.100000000000023
81.4134348145 -2.000000000000000
81.4782651367 -1.700000000000045
81.54528125 -2.200000000000045
81.5792470703 -2.100000000000023
81.6463762207 -2.500000000000000
81.6852199707 -2.000000000000000
81.7452734375 -2.100000000000023
81.813230957 -2.200000000000045
81.8789187012 -2.399999999999977
81.9129274902 -2.500000000000000
81.980090332 -2.399999999999977
82.0465354004 -2.600000000000023
82.1113679199 -2.299999999999955
82.1775849609 -1.799999999999955
82.2131296387 -1.700000000000045
82.2784431152 -1.399999999999977
82.3442744141 -1.100000000000023
82.4111130371 -0.500000000000000
82.4776049805 0.000000000000000
82.5132956543 -0.399999999999977
82.5788718262 0.100000000000023
82.6455532227 0.600000000000023
82.6809633789 1.500000000000000
82.7107338867 1.299999999999955
82.8109050293 2.500000000000000
82.8789470215 2.500000000000000
82.9134831543 2.399999999999977
82.9798366699 2.600000000000023
83.0455693359 2.600000000000023
83.1117600098 2.799999999999955
83.1785222168 2.700000000000045
83.2115751953 2.799999999999955
83.2784416504 2.000000000000000
83.345329834 2.100000000000023
83.4117668457 1.399999999999977
83.4465288086 1.399999999999977
83.512020752 1.500000000000000
83.5783535156 1.200000000000045
83.6442663574 0.600000000000023
83.6781418457 0.899999999999977
83.7452456055 0.500000000000000
83.8121779785 0.100000000000023
83.8778515625 0.100000000000023
83.9116584473 -0.299999999999955
83.9791054688 -0.600000000000023
84.0438474121 -1.100000000000023
84.1103679199 -1.399999999999977
84.1442038574 -1.100000000000023
84.2116074219 -1.299999999999955
84.2801970215 -1.500000000000000
84.3448222656 -1.700000000000045
84.4115651855 -1.600000000000023
84.4438232422 -1.700000000000045
84.5117192383 -1.500000000000000
84.5776689453 -1.500000000000000
84.6106074219 -1.100000000000023
84.6777363281 -1.899999999999977
84.7445864258 -1.799999999999955
84.8118862305 -2.000000000000000
84.8436774902 -2.200000000000045
84.9444438477 -2.299999999999955
84.9782775879 -2.799999999999955
85.0445822754 -3.000000000000000
85.0769870605 -2.799999999999955
85.1465234375 -2.700000000000045
85.2122243652 -3.000000000000000
85.2435554199 -3.100000000000023
85.3434350586 -3.100000000000023
85.3771894531 -2.700000000000045
85.4450598145 -2.799999999999955
85.5110974121 -2.600000000000023
85.5771066895 -2.700000000000045
85.6122214355 -2.100000000000023
85.6450588379 -2.000000000000000
85.7431538086 -2.299999999999955
85.8102490234 -2.000000000000000
85.8449482422 -2.000000000000000
85.912279541 -1.500000000000000
85.9433972168 -1.200000000000045
86.0432744141 -0.399999999999977
86.0779404297 0.000000000000000
86.1452619629 -0.700000000000045
86.2116687012 0.299999999999955
86.2787268066 0.899999999999977
86.3103439941 0.899999999999977
86.378755127 1.000000000000000
86.4439494629 1.000000000000000
86.5105544434 1.200000000000045
86.5763537598 1.500000000000000
86.6122397461 1.000000000000000
86.6787062988 1.500000000000000
86.744869873 1.299999999999955
86.7773447266 1.299999999999955
86.8449143066 0.899999999999977
86.9118398438 1.000000000000000
86.9430026855 1.100000000000023
87.0104736328 0.600000000000023
87.0778198242 -0.200000000000045
87.1455629883 -0.200000000000045
87.1763903809 -0.100000000000023
87.2436374512 -0.700000000000045
87.3111540527 -0.899999999999977
87.3830698242 -1.299999999999955
87.4446137695 -2.000000000000000
87.4763935547 -1.200000000000045
87.6147248535 -1.600000000000023
87.6429768066 -1.600000000000023
87.7098972168 -1.700000000000045
87.7767131348 -1.899999999999977
87.8436240234 -1.899999999999977
87.9105522461 -2.399999999999977
87.9431254883 -2.000000000000000
88.0097036133 -2.500000000000000
88.0796540527 -2.100000000000023
88.1436130371 -2.600000000000023
88.2101374512 -2.899999999999977
88.2436286621 -2.600000000000023
88.3096218262 -3.500000000000000
88.3765722656 -3.100000000000023
88.4451091309 -3.399999999999977
88.5100385742 -3.799999999999955
88.543717041 -3.299999999999955
88.610489502 -3.700000000000045
88.6779487305 -3.700000000000045
88.7090986328 -3.600000000000023
88.7773452148 -3.700000000000045
88.843657959 -3.799999999999955
88.9119643555 -3.600000000000023
88.9760441895 -3.600000000000023
89.0092023926 -3.200000000000045
89.0763937988 -3.399999999999977
89.1447077637 -3.399999999999977
89.2110056152 -3.000000000000000
89.277765625 -2.600000000000023
89.3437375488 -2.299999999999955
89.3759650879 -2.500000000000000
89.4438874512 -2.000000000000000
89.5100559082 -1.899999999999977
89.5758686523 -1.399999999999977
89.6486945801 -0.899999999999977
89.7101130371 -1.299999999999955
89.7775952148 0.000000000000000
89.8458759766 0.299999999999955
89.9100019531 0.299999999999955
89.9780322266 0.399999999999977
90.0447731934 1.100000000000023
90.1185854492 1.200000000000045
90.2088283691 1.500000000000000
90.2788034668 1.799999999999955
90.3432568359 1.600000000000023
90.4095466309 1.700000000000045
90.4764191895 1.100000000000023
90.5438276367 1.200000000000045
90.5756293945 0.799999999999955
90.6426745605 0.299999999999955
90.7163430176 0.200000000000045
90.7769150391 0.299999999999955
90.8440974121 -0.600000000000023
90.9418122559 -0.600000000000023
90.9752590332 -1.000000000000000
91.0444274902 -1.200000000000045
91.1126738281 -1.500000000000000
91.1773146973 -1.799999999999955
91.2434536133 -1.899999999999977
91.3108098145 -1.700000000000045
91.3784169922 -2.200000000000045
91.4426052246 -2.299999999999955
91.5102458496 -2.600000000000023
91.5765319824 -2.399999999999977
91.6426166992 -2.700000000000045
91.6756318359 -2.700000000000045
91.7419658203 -2.600000000000023
91.8090385742 -2.799999999999955
91.8761999512 -2.899999999999977
91.9448166504 -3.200000000000045
92.0162060547 -2.600000000000023
92.1082790527 -3.000000000000000
92.1751516113 -3.100000000000023
92.2423452148 -3.100000000000023
92.309369873 -3.000000000000000
92.3770319824 -3.000000000000000
92.4430158691 -2.899999999999977
92.5099648437 -3.299999999999955
92.5764694824 -2.899999999999977
92.6446872559 -3.299999999999955
92.710498291 -3.000000000000000
92.7774711914 -2.899999999999977
92.8492114258 -2.600000000000023
92.9103391113 -2.299999999999955
92.9777446289 -2.100000000000023
93.0441123047 -2.200000000000045
93.1115476074 -2.399999999999977
93.1765266113 -1.899999999999977
93.2417922363 -0.899999999999977
93.3091960449 -1.200000000000045
93.3759580078 -0.799999999999955
93.4412087402 -0.600000000000023
93.5086506348 -0.399999999999977
93.5415471191 -0.100000000000023
93.609513916 0.299999999999955
93.6773076172 0.500000000000000
93.7417158203 0.500000000000000
93.7759719238 0.299999999999955
93.8429694824 0.500000000000000
93.9090351562 0.299999999999955
93.9418271484 0.000000000000000
94.0081750488 -0.200000000000045
94.075204834 -0.299999999999955
94.1079707031 -0.700000000000045
94.1778791504 -1.100000000000023
94.2429006348 -1.600000000000023
94.3084765625 -1.100000000000023
94.3760087891 -1.299999999999955
94.4079914551 -1.299999999999955
94.4745212402 -1.799999999999955
94.5417114258 -1.700000000000045
94.6082910156 -1.899999999999977
94.6408735352 -2.299999999999955
94.7077202148 -1.799999999999955
94.7798198242 -2.000000000000000
94.8083198242 -2.000000000000000
94.874302002 -2.399999999999977
94.942232666 -2.399999999999977
95.008248291 -2.500000000000000
95.0407568359 -2.700000000000045
95.1076887207 -2.500000000000000
95.1751142578 -2.299999999999955
95.241479248 -2.500000000000000
95.2745422363 -2.299999999999955
95.343354248 -2.399999999999977
95.3746064453 -2.600000000000023
95.4439204102 -2.399999999999977
95.5104956055 -2.600000000000023
95.5745964355 -2.700000000000045
95.6427866211 -2.200000000000045
95.6762543945 -2.399999999999977
95.7421252441 -2.299999999999955
95.8071918945 -1.899999999999977
95.8426374512 -1.899999999999977
95.9096086426 -1.500000000000000
95.9741618652 -1.500000000000000
96.0074348145 -1.100000000000023
96.076253418 0.000000000000000
96.1423464355 -0.100000000000023
96.1750722656 -0.100000000000023
96.2436230469 0.200000000000045
96.3081242676 0.200000000000045
96.3748327637 0.600000000000023
96.4083596191 0.799999999999955
96.4766594238 0.700000000000045
96.5435605469 0.899999999999977
96.6438779297 0.399999999999977
96.7074912109 0.700000000000045
96.7745539551 0.000000000000000
96.807817627 0.700000000000045
96.8739543457 0.000000000000000
96.973605957 -0.100000000000023
97.0095390625 -0.100000000000023
97.0756240234 -1.000000000000000
97.1420046387 -1.000000000000000
97.2067458496 -1.200000000000045
97.2414467773 -1.399999999999977
97.3085571289 -1.299999999999955
97.3743127441 -1.600000000000023
97.4417089844 -2.000000000000000
97.4743596191 -2.000000000000000
97.5418554688 -2.100000000000023
97.5742695312 -2.000000000000000
97.6427214355 -2.100000000000023
97.7092832031 -1.899999999999977
97.7738842773 -2.000000000000000
97.8084594727 -2.200000000000045
97.8756118164 -2.600000000000023
97.9421682129 -2.200000000000045
98.0067834473 -2.399999999999977
98.073871582 -2.500000000000000
98.1408486328 -2.000000000000000
98.2071672363 -2.299999999999955
98.274376709 -2.100000000000023
98.3406428223 -1.299999999999955
98.4067802734 -1.200000000000045
98.4734680176 -1.399999999999977
98.5072756348 -1.299999999999955
98.5738359375 -1.100000000000023
98.721592041 0.500000000000000
98.7742746582 0.899999999999977
98.8404997559 2.500000000000000
98.9070554199 2.500000000000000
98.9751479492 2.399999999999977
99.0418586426 4.000000000000000
99.1072067871 4.100000000000023
99.1738718262 4.500000000000000
99.2063886719 5.000000000000000
99.2736594238 4.899999999999977
99.3396584473 5.100000000000023
99.4068884277 4.500000000000000
99.4400373535 3.799999999999955
99.5087626953 4.500000000000000
99.5746791992 3.799999999999955
99.6398671875 3.200000000000045
99.6741486816 3.100000000000023
99.7421638184 2.899999999999977
99.8069606934 2.200000000000045
99.872810791 2.200000000000045
99.9076872559 2.000000000000000
99.9750771484 1.299999999999955
100.0393381348 1.399999999999977
100.0746118164 0.700000000000045
100.1411730957 0.200000000000045
100.2067568359 0.100000000000023
100.2412832031 -0.100000000000023
100.308854248 -0.200000000000045
100.3745195313 -0.600000000000023
100.4393547363 -0.500000000000000
100.4744470215 -0.600000000000023
100.5418583984 -0.399999999999977
100.6058540039 -1.100000000000023
100.6424650879 -1.100000000000023
100.7077719727 -1.200000000000045
100.7730595703 -1.000000000000000
100.8397495117 -1.200000000000045
100.9067907715 -1.200000000000045
100.9394279785 -1.100000000000023
101.0085031738 -1.399999999999977
101.0751691895 -1.500000000000000
101.1396352539 -1.100000000000023
101.1736184082 -1.299999999999955
101.2471313477 -1.000000000000000
101.3072263184 -1.200000000000045
101.3391906738 -1.200000000000045
101.4075366211 -0.600000000000023
101.4730419922 -0.100000000000023
101.5061152344 -0.299999999999955
101.5726306152 -0.299999999999955
101.6396315918 0.399999999999977
101.7056318359 0.200000000000045
101.7391970215 0.899999999999977
101.805831543 1.600000000000023
101.8741411133 2.200000000000045
101.9401660156 2.000000000000000
101.972277832 2.500000000000000
102.0389519043 3.299999999999955
102.1070732422 3.399999999999977
102.1724626465 3.899999999999977
102.2058586426 3.899999999999977
102.2738254395 3.799999999999955
102.3410588379 4.100000000000023
102.407331543 3.600000000000023
102.4724431152 3.500000000000000
102.5386616211 3.600000000000023
102.5720964355 3.500000000000000
102.6417351074 2.899999999999977
102.7056618652 2.700000000000045
102.7388798828 2.700000000000045
102.8071806641 1.899999999999977
102.8732231445 1.600000000000023
102.9058718262 1.399999999999977
102.9722624512 1.100000000000023
103.0385527344 0.399999999999977
103.0724748535 0.700000000000045
103.1399638672 0.899999999999977
103.2073691406 -0.200000000000045
103.2387602539 -0.100000000000023
103.307067627 0.100000000000023
103.3724799805 -0.100000000000023
103.4386350098 -0.700000000000045
103.4744406738 -0.899999999999977
103.5399467773 -0.700000000000045
103.605590332 -1.100000000000023
103.638723877 -1.200000000000045
103.705817627 -1.200000000000045
103.7717062988 -1.000000000000000
103.8385864258 -1.200000000000045
103.8726762695 -1.200000000000045
103.9388022461 -1.100000000000023
103.9720998535 -1.100000000000023
104.0388063965 -0.799999999999955
104.106574707 -0.600000000000023
104.1725351563 -0.700000000000045
104.2053007813 -0.200000000000045
104.2736791992 0.200000000000045
104.3384316406 0.600000000000023
104.4059819336 1.500000000000000
104.4721977539 1.899999999999977
104.5382148437 2.100000000000023
104.6053393555 3.299999999999955
104.6384289551 3.700000000000045
104.7053486328 4.000000000000000
104.7743710938 4.399999999999977
104.8381328125 5.200000000000045
104.9064372559 5.299999999999955
104.9723291016 5.299999999999955
105.0046882324 5.100000000000023
105.0717351074 5.200000000000045
105.1386064453 5.600000000000023
105.1717763672 5.299999999999955
105.240204834 4.600000000000023
105.3064956055 4.600000000000023
105.3383083496 4.700000000000045
105.406387207 3.799999999999955
105.4717399902 3.100000000000023
105.5053730469 3.399999999999977
105.5722834473 2.399999999999977
105.6378051758 2.100000000000023
105.7046687012 1.899999999999977
105.739060791 1.700000000000045
105.8057280273 1.200000000000045
105.8380212402 0.799999999999955
105.9045234375 0.600000000000023
105.9713754883 0.500000000000000
106.0384030762 -0.200000000000045
106.0712790527 -0.100000000000023
106.1381071777 -0.100000000000023
106.2047419434 -0.200000000000045
106.2378696289 -0.700000000000045
106.304651123 -0.799999999999955
106.3724101562 -0.799999999999955
106.4386850586 -0.799999999999955
106.5044362793 -1.399999999999977
106.5713918457 -1.600000000000023
106.6389448242 -1.200000000000045
106.7050402832 -1.299999999999955
106.7711555176 -1.399999999999977
106.8375959473 -1.899999999999977
106.9043608398 -1.299999999999955
106.971592041 -1.500000000000000
107.0383120117 -1.700000000000045
107.1062019043 -1.600000000000023
107.1708520508 -1.200000000000045
107.2379343262 -0.700000000000045
107.304619873 -0.299999999999955
107.3376418457 -0.299999999999955
107.4047038574 0.899999999999977
107.4707036133 1.100000000000023
107.5043442383 0.799999999999955
107.5721020508 1.000000000000000
107.6374460449 2.299999999999955
107.6707800293 2.299999999999955
107.738095459 3.200000000000045
107.8037819824 3.700000000000045
107.8731921387 4.500000000000000
107.9376782227 3.899999999999977
107.9726306152 4.600000000000023
108.0389624023 4.399999999999977
108.1049069824 4.299999999999955
108.1705483398 4.100000000000023
108.2054362793 4.299999999999955
108.2708166504 3.600000000000023
108.3374399414 4.100000000000023
108.404713623 3.399999999999977
108.4394018555 2.799999999999955
108.5048723145 2.500000000000000
108.570286377 2.700000000000045
108.6045554199 2.299999999999955
108.6716560059 1.700000000000045
108.7400112305 1.600000000000023
108.8041572266 1.000000000000000
108.8399172363 0.700000000000045
108.9048320312 0.500000000000000
108.9705673828 0.000000000000000
109.0369504395 0.100000000000023
109.0723000488 -0.500000000000000
109.1385214844 -0.500000000000000
109.242704834 -0.700000000000045
109.3035170898 -0.600000000000023
109.370286377 -1.200000000000045
109.4369667969 -1.100000000000023
109.4709118652 -0.899999999999977
109.5385634766 -0.899999999999977
109.6040500488 -1.799999999999955
109.6371379395 -1.600000000000023
109.705282959 -1.299999999999955
109.7702409668 -1.700000000000045
109.8037634277 -1.600000000000023
109.8762038574 -1.700000000000045
109.9379655762 -1.799999999999955
110.0038547363 -1.700000000000045
110.070682373 -1.700000000000045
110.1066462402 -1.399999999999977
110.1713146973 -1.399999999999977
110.2047412109 -0.600000000000023
110.2755012207 -0.799999999999955
110.3378183594 -0.500000000000000
110.4036899414 0.200000000000045
110.4390358887 0.200000000000045
110.5050998535 0.399999999999977
110.5704731445 0.700000000000045
110.6055466309 1.600000000000023
110.6720131836 2.299999999999955
110.7371342773 2.500000000000000
110.7714504395 2.500000000000000
110.8371535645 3.500000000000000
110.9037370605 3.899999999999977
110.9698706055 4.200000000000045
111.0032436523 4.600000000000023
111.0699946289 5.000000000000000
111.1363430176 5.000000000000000
111.1702243652 4.700000000000045
111.2379431152 4.899999999999977
111.3049902344 4.700000000000045
111.3700578613 4.299999999999955
111.4053205566 4.000000000000000
111.4713752441 4.100000000000023
111.5388083496 3.700000000000045
111.6035876465 3.200000000000045
111.6387480469 2.399999999999977
111.7045952148 2.100000000000023
111.7702104492 1.700000000000045
111.8361838379 1.299999999999955
111.8699494629 1.000000000000000
111.9375185547 1.100000000000023
112.003420166 0.600000000000023
112.0372519531 0.000000000000000
112.1042038574 0.200000000000045
112.1694450684 -0.299999999999955
112.2364765625 -0.799999999999955
112.3028066406 -1.100000000000023
112.337182373 -0.899999999999977
112.4027678223 -1.100000000000023
112.4694936523 -1.399999999999977
112.5046738281 -1.500000000000000
112.5704777832 -1.399999999999977
112.6370964355 -1.899999999999977
112.6695805664 -1.200000000000045
112.7371540527 -1.799999999999955
112.8027358398 -1.200000000000045
112.8361833496 -2.000000000000000
112.9037070312 -2.000000000000000
112.9698378906 -1.799999999999955
113.0052670898 -1.799999999999955
113.0723974609 -1.799999999999955
113.1375766602 -1.399999999999977
113.2030354004 -1.200000000000045
113.2379624023 -1.700000000000045
113.304923584 -1.899999999999977
113.3712722168 -1.200000000000045
113.4365095215 -0.500000000000000
113.4709174805 -0.500000000000000
113.5372927246 -0.299999999999955
113.6030322266 0.000000000000000
113.6707521973 0.399999999999977
113.7099912109 0.200000000000045
113.7751352539 0.899999999999977
113.839963623 1.899999999999977
113.8772402344 1.799999999999955
113.9369519043 2.600000000000023
114.002784668 2.799999999999955
114.0393566895 2.899999999999977
114.1080588379 3.000000000000000
114.1745490723 4.100000000000023
114.2367138672 3.799999999999955
114.2725446777 4.100000000000023
114.3391086426 3.899999999999977
114.4032194824 3.799999999999955
114.4363430176 3.500000000000000
114.5045576172 3.399999999999977
114.5716271973 3.100000000000023
114.635777832 2.000000000000000
114.6720598145 2.100000000000023
114.7379838867 2.600000000000023
114.8027236328 1.000000000000000
114.8360620117 1.100000000000023
114.9029072266 1.299999999999955
114.9685202637 0.399999999999977
115.0033122559 0.500000000000000
115.070503418 -0.100000000000023
115.135458252 0.200000000000045
115.170317627 -0.299999999999955
115.2370834961 -0.600000000000023
115.3019348145 -1.200000000000045
115.3359191895 -0.899999999999977
115.4022575684 -1.399999999999977
115.4685012207 -1.399999999999977
115.502034668 -2.000000000000000
115.5703283691 -1.600000000000023
115.6357634277 -1.500000000000000
115.668748291 -1.399999999999977
115.7367883301 -2.000000000000000
115.8017094727 -1.799999999999955
115.8684592285 -1.899999999999977
115.9049599609 -2.200000000000045
115.9687331543 -2.100000000000023
116.0349470215 -2.299999999999955
116.1019523926 -2.399999999999977
116.1349394531 -2.500000000000000
116.2044394531 -2.100000000000023
116.2683747559 -2.299999999999955
116.3351767578 -2.299999999999955
116.3683586426 -2.700000000000045
116.4363869629 -2.299999999999955
116.5018891602 -1.399999999999977
116.5685109863 -1.899999999999977
116.6047280273 -1.200000000000045
116.6704006348 -0.799999999999955
116.7352958984 -0.899999999999977
116.7690075684 -0.500000000000000
116.8362624512 0.399999999999977
116.9016843262 0.299999999999955
116.9378684082 0.600000000000023
117.0040732422 1.700000000000045
117.0688759766 2.000000000000000
117.1347375488 2.100000000000023
117.1711335449 1.500000000000000
117.2363508301 2.200000000000045
117.268126709 2.600000000000023
117.3358574219 2.299999999999955
117.4012590332 2.200000000000045
117.4347414551 1.799999999999955
117.5027424316 2.200000000000045
117.5681662598 1.500000000000000
117.6013962402 1.600000000000023
117.668095459 1.600000000000023
117.7344160156 1.600000000000023
117.7682280273 1.200000000000045
117.8351730957 0.399999999999977
117.9012158203 0.500000000000000
117.9352319336 0.299999999999955
118.0034145508 0.600000000000023
118.0681071777 -0.100000000000023
118.1350703125 -0.200000000000045
118.1679990234 -0.600000000000023
118.2389846191 -0.399999999999977
118.3025195312 -1.500000000000000
118.3351096191 -1.100000000000023
118.401519043 -1.700000000000045
118.4699335937 -1.600000000000023
118.5342763672 -1.600000000000023
118.5679648438 -1.899999999999977
118.641597168 -2.600000000000023
118.7011166992 -2.399999999999977
118.736692627 -2.799999999999955
118.8031730957 -2.799999999999955
118.8703186035 -3.000000000000000
118.934951416 -2.700000000000045
118.9708286133 -2.700000000000045
119.0357331543 -2.899999999999977
119.1011750488 -3.000000000000000
119.1676484375 -2.899999999999977
119.2010100098 -2.299999999999955
119.2693874512 -2.200000000000045
119.4017119141 -1.899999999999977
119.436723877 -2.100000000000023
119.5014953613 -1.899999999999977
119.5354692383 -2.000000000000000
119.6045258789 -1.799999999999955
119.6698754883 -0.899999999999977
119.7347526855 -0.700000000000045
119.7675427246 -0.799999999999955
119.8355297852 -0.200000000000045
119.9006430664 0.200000000000045
119.9405100098 0.500000000000000
120.0026384277 1.200000000000045
120.0672570801 1.600000000000023
120.1034306641 1.399999999999977
120.170322998 1.899999999999977
120.2342099609 2.899999999999977
120.3016723633 2.700000000000045
120.3373466797 3.000000000000000
120.4030761719 3.399999999999977
120.4674304199 3.399999999999977
120.501421875 3.600000000000023
120.5679768066 3.399999999999977
120.6343583984 2.899999999999977
120.7005046387 3.200000000000045
120.7342158203 3.500000000000000
120.8036799316 2.700000000000045
120.8737822266 2.200000000000045
120.9340910645 1.799999999999955
120.9676850586 1.899999999999977
121.0357436523 1.000000000000000
121.101729248 0.799999999999955
121.1356530762 0.899999999999977
121.2021259766 1.399999999999977
121.2669926758 1.100000000000023
121.3007902832 1.000000000000000
121.3684758301 0.399999999999977
121.4351679687 0.700000000000045
121.5007668457 0.899999999999977
121.53471875 1.000000000000000
121.600201416 1.100000000000023
121.6683874512 0.700000000000045
121.7012011719 0.700000000000045
121.7689680176 0.600000000000023
121.8337875977 0.700000000000045
121.8698852539 0.799999999999955
121.935559082 0.500000000000000
121.9998723145 0.399999999999977
122.0672939453 0.899999999999977
122.1336347656 0.799999999999955
122.1672275391 0.899999999999977
122.233590332 0.200000000000045
122.300534668 0.700000000000045
122.3366516113 0.799999999999955
122.4023728027 0.700000000000045
122.4348552246 0.500000000000000
122.5027006836 0.500000000000000
122.5674707031 0.600000000000023
122.6041154785 0.700000000000045
122.6683352051 0.500000000000000
122.7011794434 0.600000000000023
122.7687214355 0.399999999999977
122.8342424316 0.899999999999977
122.8702971191 0.799999999999955
122.9399223633 0.899999999999977
122.968541748 1.000000000000000
123.0351328125 0.899999999999977
123.0999519043 0.500000000000000
123.1329951172 1.200000000000045
123.1998918457 1.299999999999955
123.2338708496 0.700000000000045
123.3013098145 0.600000000000023
123.3667770996 0.799999999999955
123.4001052246 1.100000000000023
123.4662783203 0.700000000000045
123.5004191895 0.700000000000045
123.5680466309 1.000000000000000
123.633151123 0.000000000000000
123.6663798828 0.500000000000000
123.7328083496 0.700000000000045
123.7669150391 0.000000000000000
123.8342900391 0.200000000000045
123.8995942383 0.500000000000000
123.934802002 0.299999999999955
124.006416748 0.799999999999955
124.0667114258 0.500000000000000
124.0997546387 0.200000000000045
124.1675488281 0.500000000000000
124.2329707031 0.299999999999955
124.2666782227 0.200000000000045
124.3341906738 0.200000000000045
124.3997138672 0.399999999999977
124.4331501465 0.200000000000045
124.4992644043 0.600000000000023
124.5337060547 0.600000000000023
124.6005222168 0.399999999999977
124.6662607422 0.200000000000045
124.6993071289 0.299999999999955
124.7659655762 0.500000000000000
124.7998242188 0.299999999999955
124.8671916504 0.299999999999955
124.9326918945 0.600000000000023
124.9667966309 -0.200000000000045
125.0323903809 0.299999999999955
125.0676479492 0.200000000000045
125.133817627 0.299999999999955
125.1662954102 0.100000000000023
125.2336818848 0.299999999999955
