0.0 0.000000000000000
0.1664223633 -0.399999999999977
0.2997946777 0.299999999999955
0.4665234375 -0.200000000000045
0.5997946777 -0.200000000000045
0.7664228516 -0.200000000000045
0.9332351074 -0.500000000000000
1.0663942871 -0.600000000000023
1.2333188477 -0.500000000000000
1.3674545898 -0.500000000000000
1.532963623 -0.700000000000045
1.6991889648 -1.100000000000023
1.8325456543 -1.200000000000045
1.9992026367 -1.399999999999977
2.1324990234 -1.600000000000023
2.2991223145 -1.700000000000045
2.4663708496 -2.100000000000023
2.5993774414 -2.899999999999977
2.7658210449 -3.100000000000023
2.9322456055 -3.200000000000045
3.0656142578 -3.500000000000000
3.2322150879 -3.500000000000000
3.3660852051 -3.000000000000000
3.5321323242 -2.799999999999955
3.6654750977 -1.600000000000023
3.8320056152 -0.600000000000023
3.9986140137 1.399999999999977
4.1320666504 1.700000000000045
4.2987927246 3.000000000000000
4.4319394531 2.700000000000045
4.5985183105 2.000000000000000
4.7652287598 1.399999999999977
4.8983098145 0.899999999999977
5.0651623535 0.100000000000023
5.1992092285 -0.600000000000023
5.3650876465 -1.600000000000023
5.4984914551 -1.600000000000023
5.6649030762 -2.600000000000023
5.8316530762 -2.799999999999955
5.9647697754 -3.200000000000045
6.1314204102 -4.000000000000000
6.2982866211 -3.700000000000045
6.4316499023 -3.200000000000045
6.5979658203 -2.799999999999955
6.7314570312 -2.100000000000023
6.8982143555 -1.000000000000000
7.0311606445 0.700000000000045
7.1979116211 2.799999999999955
7.3646254883 3.399999999999977
7.4977683105 3.200000000000045
7.6643740234 3.200000000000045
7.7977583008 2.200000000000045
7.964651123 1.100000000000023
8.1317363281 -0.200000000000045
8.2649111328 -0.700000000000045
8.4307973633 -1.200000000000045
8.5641933594 -1.899999999999977
8.7308088379 -2.700000000000045
8.8973510742 -2.399999999999977
9.0307080078 -3.100000000000023
9.1971186523 -3.000000000000000
9.3304287109 -4.200000000000045
9.4976306152 -3.399999999999977
9.6306743164 -3.899999999999977
9.7971472168 -3.899999999999977
9.9640019531 -2.200000000000045
10.0971450195 -1.600000000000023
10.2637956543 -0.399999999999977
10.3972062988 1.200000000000045
10.5635334473 2.899999999999977
10.6968164063 2.500000000000000
10.8634543457 2.600000000000023
11.0301071777 1.899999999999977
11.1643881836 1.399999999999977
11.3300063477 0.299999999999955
11.4633059082 -0.500000000000000
11.6298811035 -0.700000000000045
11.7964758301 -1.700000000000045
11.9298640137 -2.299999999999955
12.0965144043 -1.899999999999977
12.2300742187 -2.799999999999955
12.3966208496 -3.000000000000000
12.5633417969 -4.100000000000023
12.6964030762 -4.000000000000000
12.8634055176 -4.700000000000045
12.996765625 -4.299999999999955
13.1635378418 -3.000000000000000
13.329390625 -2.899999999999977
13.4628154297 -1.899999999999977
13.6293806152 -0.399999999999977
13.7627314453 0.799999999999955
13.9297971191 0.899999999999977
14.0627104492 0.899999999999977
14.2291472168 0.500000000000000
14.3624199219 0.100000000000023
14.5311435547 -0.700000000000045
14.6957832031 -1.500000000000000
14.8292871094 -2.100000000000023
14.9958730469 -3.000000000000000
15.1290100098 -3.100000000000023
15.2957714844 -3.399999999999977
15.4624506836 -3.799999999999955
15.5960532227 -3.700000000000045
15.7624255371 -4.899999999999977
15.8956894531 -4.200000000000045
16.0621679687 -4.799999999999955
16.1960009766 -4.600000000000023
16.3620087891 -4.000000000000000
16.5284914551 -3.299999999999955
16.6618352051 -2.899999999999977
16.8284758301 -2.000000000000000
16.9619416504 -0.500000000000000
17.1286291504 0.200000000000045
17.2617004395 0.100000000000023
17.4284379883 0.500000000000000
17.5949262695 -0.100000000000023
17.728279541 -1.200000000000045
17.8948671875 -1.600000000000023
18.0281782227 -1.600000000000023
18.1948410645 -2.799999999999955
18.3614475098 -3.000000000000000
18.4946623535 -3.200000000000045
18.6613310547 -3.799999999999955
18.7947258301 -3.899999999999977
18.9612502441 -3.399999999999977
19.1281567383 -3.700000000000045
19.2613806152 -3.600000000000023
19.4280214844 -3.200000000000045
19.5612915039 -3.299999999999955
19.7276071777 -3.000000000000000
19.8612202148 -2.600000000000023
20.0277646484 -2.500000000000000
20.1943103027 -1.899999999999977
20.3274980469 -1.600000000000023
20.494331543 -0.100000000000023
20.6274091797 0.399999999999977
20.7939968262 0.799999999999955
20.927644043 0.299999999999955
21.0944089355 0.299999999999955
21.2610422363 -0.500000000000000
21.3940378418 -2.200000000000045
21.5607114258 -2.399999999999977
21.6942104492 -1.899999999999977
21.860376709 -2.799999999999955
22.027177002 -3.100000000000023
22.16065625 -3.500000000000000
22.327246582 -4.200000000000045
22.460704834 -4.299999999999955
22.6269306641 -4.500000000000000
22.7937358398 -3.700000000000045
22.9271831055 -3.200000000000045
23.0936994629 -3.100000000000023
23.2267426758 -2.899999999999977
23.3934311523 -1.100000000000023
23.5273378906 0.000000000000000
23.6932624512 0.899999999999977
23.8599926758 1.299999999999955
23.9936159668 0.200000000000045
24.1600507812 0.000000000000000
24.2931657715 -0.700000000000045
24.4597487793 -0.899999999999977
24.5937258301 -2.100000000000023
24.7596435547 -2.299999999999955
24.9263562012 -3.100000000000023
25.0594492188 -3.399999999999977
25.2261943359 -3.100000000000023
25.3594492188 -4.000000000000000
25.526204834 -3.899999999999977
25.6596103516 -4.100000000000023
25.8261762695 -3.899999999999977
25.9593691406 -3.899999999999977
26.126005127 -3.899999999999977
26.2933696289 -3.799999999999955
26.4259030762 -3.399999999999977
26.5928728027 -2.600000000000023
26.7264494629 -1.600000000000023
26.8934406738 -0.600000000000023
27.0257004395 -0.100000000000023
27.1923781738 -0.100000000000023
27.3598674316 -0.600000000000023
27.4924016113 -0.600000000000023
27.6588972168 -1.399999999999977
27.7922067871 -1.799999999999955
27.9587412109 -2.000000000000000
28.125703125 -2.500000000000000
28.2591225586 -3.399999999999977
28.4260466309 -3.700000000000045
28.558901123 -3.700000000000045
28.7271818848 -4.000000000000000
28.892142334 -3.899999999999977
29.0257001953 -4.000000000000000
29.191701416 -3.799999999999955
29.3585876465 -4.399999999999977
29.4918046875 -4.000000000000000
29.6586142578 -3.600000000000023
29.7921115723 -2.600000000000023
29.9585810547 -1.100000000000023
30.0915834961 -0.700000000000045
30.2592355957 -0.899999999999977
30.4254858398 -0.799999999999955
30.5580771484 -0.700000000000045
30.724954834 -1.000000000000000
30.8582507324 -0.700000000000045
31.0251782227 -1.500000000000000
31.1579418945 -1.799999999999955
31.3250810547 -2.600000000000023
31.4914504395 -2.299999999999955
31.6244846191 -3.000000000000000
31.7911274414 -3.299999999999955
31.9578991699 -3.100000000000023
32.0913427734 -2.899999999999977
32.2581374512 -3.500000000000000
32.390838623 -3.200000000000045
32.5575183105 -2.000000000000000
32.7247182617 -0.799999999999955
32.8574003906 -0.399999999999977
33.0245598145 0.500000000000000
33.1573342285 1.600000000000023
33.3239592285 0.899999999999977
33.4905195313 0.799999999999955
33.6245834961 0.399999999999977
33.7908022461 -0.500000000000000
33.9237480469 -1.200000000000045
34.090859375 -1.299999999999955
34.2236943359 -1.899999999999977
34.3903898926 -2.600000000000023
34.5569404297 -2.799999999999955
34.6902790527 -3.100000000000023
34.8568376465 -3.100000000000023
35.0235031738 -3.399999999999977
35.1573203125 -3.700000000000045
35.3239414063 -3.200000000000045
35.4566728516 -3.399999999999977
35.6234304199 -3.000000000000000
35.7569914551 -1.799999999999955
35.9235703125 -2.200000000000045
36.0900358887 -1.399999999999977
36.2232133789 -1.200000000000045
36.3897568359 -1.899999999999977
36.5565407715 -1.100000000000023
36.6897426758 -1.500000000000000
36.856298584 -2.700000000000045
36.9897050781 -2.799999999999955
37.1565388184 -3.200000000000045
37.3228874512 -3.299999999999955
37.4561933594 -3.500000000000000
37.6230351562 -2.799999999999955
37.7564243164 -3.500000000000000
37.9237060547 -3.899999999999977
38.089657959 -3.899999999999977
38.2225283203 -4.000000000000000
38.390704834 -3.200000000000045
38.5228830566 -2.799999999999955
38.6892583008 -1.500000000000000
38.8562075195 -0.200000000000045
38.9893139648 1.799999999999955
39.1559570312 1.899999999999977
39.3226369629 2.399999999999977
39.4558647461 2.100000000000023
39.6223342285 2.100000000000023
39.7554382324 0.899999999999977
39.9227287598 0.299999999999955
40.0894094238 -0.500000000000000
40.222765625 -1.700000000000045
40.3886916504 -2.000000000000000
40.5219650879 -2.500000000000000
40.6885546875 -2.600000000000023
40.8555803223 -3.399999999999977
40.988845459 -3.600000000000023
41.1551716309 -4.399999999999977
41.2887202148 -4.200000000000045
41.4552351074 -4.200000000000045
41.5884655762 -4.399999999999977
41.7551835937 -4.200000000000045
41.9215854492 -3.600000000000023
42.0551977539 -2.799999999999955
42.2217297363 -1.600000000000023
42.3549003906 0.500000000000000
42.5216745605 1.700000000000045
42.6880263672 2.899999999999977
42.8225263672 3.700000000000045
42.9880268555 3.799999999999955
43.1216672363 3.100000000000023
43.2879360352 2.200000000000045
43.4215471191 1.600000000000023
43.5878806152 0.100000000000023
43.7547177734 -0.899999999999977
43.887904541 -1.200000000000045
44.0544980469 -1.899999999999977
44.1880891113 -2.000000000000000
44.3553188477 -2.299999999999955
44.5209260254 -1.700000000000045
44.6545783691 -0.899999999999977
44.8210422363 0.899999999999977
44.9873410645 3.200000000000045
45.1207314453 4.000000000000000
45.2878520508 5.000000000000000
45.4207932129 5.200000000000045
45.5875227051 4.200000000000045
45.7539726562 3.500000000000000
45.8876872559 3.799999999999955
46.0536975098 1.500000000000000
46.1870532227 0.600000000000023
46.35453125 -0.500000000000000
46.4870639648 -1.500000000000000
46.6535983887 -1.399999999999977
46.8203574219 -2.100000000000023
46.9535983887 -1.299999999999955
47.1201491699 -0.500000000000000
47.2534299316 0.200000000000045
47.4205510254 2.000000000000000
47.5872355957 4.200000000000045
47.720029541 4.200000000000045
47.8867351074 4.399999999999977
48.0202270508 4.000000000000000
48.1867150879 3.000000000000000
48.3532312012 1.399999999999977
48.4864418945 0.799999999999955
48.6534658203 0.000000000000000
48.7865119629 -0.799999999999955
48.9533994141 -1.600000000000023
49.1199499512 -2.100000000000023
49.252842041 -2.600000000000023
49.4204648437 -1.600000000000023
49.5535214844 -0.200000000000045
49.7203286133 0.600000000000023
49.8531647949 1.600000000000023
50.0196904297 3.299999999999955
50.186027832 4.100000000000023
50.3195183105 3.700000000000045
50.4859875488 3.399999999999977
50.6198608398 2.799999999999955
50.7862336426 1.700000000000045
50.9531020508 0.899999999999977
51.0857282715 0.399999999999977
51.2531418457 -0.700000000000045
51.3859216309 -2.100000000000023
51.5525270996 -2.399999999999977
51.7190407715 -3.299999999999955
51.852333252 -3.799999999999955
52.0197434082 -3.700000000000045
52.1537727051 -3.200000000000045
52.3186391602 -2.100000000000023
52.4519611816 -2.000000000000000
52.6186848145 -0.200000000000045
52.785527832 0.799999999999955
52.9200620117 1.600000000000023
53.085861084 2.100000000000023
53.252111084 1.500000000000000
53.3855202637 0.899999999999977
53.5521303711 -0.100000000000023
53.6854692383 -1.000000000000000
53.8521374512 -0.799999999999955
54.0191064453 -1.299999999999955
54.1519074707 -2.100000000000023
54.3183686523 -3.500000000000000
54.4517148437 -3.399999999999977
54.6184550781 -4.000000000000000
54.7523972168 -4.000000000000000
54.9182312012 -3.500000000000000
55.0896274414 -2.700000000000045
55.2184487305 -2.500000000000000
55.3851801758 -1.399999999999977
55.5185185547 -0.399999999999977
55.6849924316 0.700000000000045
55.8180678711 1.000000000000000
55.9859907227 1.299999999999955
56.1517067871 0.600000000000023
56.2847495117 -0.200000000000045
56.4516318359 -0.399999999999977
56.584369873 -1.399999999999977
56.7507424316 -2.500000000000000
56.9174592285 -3.100000000000023
57.0508503418 -2.899999999999977
57.2173022461 -3.399999999999977
57.35078125 -3.700000000000045
57.5178034668 -3.899999999999977
57.6847358398 -3.799999999999955
57.8176835937 -2.799999999999955
57.9878415527 -1.500000000000000
58.1174348145 -0.899999999999977
58.2839128418 0.399999999999977
58.4503486328 2.100000000000023
58.5839299316 2.200000000000045
58.7504099121 1.500000000000000
58.8837678223 2.100000000000023
59.0501899414 1.299999999999955
59.2172275391 0.000000000000000
59.3168164062 -0.600000000000023
59.5283774414 -2.000000000000000
59.6835688477 -2.200000000000045
60.0917060547 -3.200000000000045
60.2699492187 -3.600000000000023
60.5173273926 -3.600000000000023
60.6733430176 -3.899999999999977
60.871473877 -4.299999999999955
61.0497509766 -3.399999999999977
61.1827971191 -3.000000000000000
61.3497580566 -0.899999999999977
61.482737793 -0.399999999999977
61.6495358887 0.899999999999977
61.816265625 1.899999999999977
61.9495024414 1.600000000000023
62.1160546875 1.600000000000023
62.2492907715 1.299999999999955
62.4161206055 0.899999999999977
62.5827045898 -0.299999999999955
62.7159355469 -1.100000000000023
62.8824919434 -1.399999999999977
63.016036377 -1.799999999999955
63.1824926758 -2.100000000000023
63.3492443848 -1.500000000000000
63.4825024414 -0.700000000000045
63.6488071289 -0.399999999999977
63.816253418 0.600000000000023
63.9489287109 0.399999999999977
64.1158718262 0.500000000000000
64.2488366699 0.500000000000000
64.4153510742 -0.100000000000023
64.548951416 -1.299999999999955
64.7153408203 -1.899999999999977
64.8819404297 -1.899999999999977
65.0160019531 -2.500000000000000
65.1823334961 -2.399999999999977
65.3484443359 -2.700000000000045
65.4817390137 -2.100000000000023
65.6487302246 -0.899999999999977
65.7816887207 0.899999999999977
65.948263916 2.200000000000045
66.1149970703 2.500000000000000
66.2482487793 1.899999999999977
66.415354248 1.399999999999977
66.5482380371 0.299999999999955
66.7150461426 -0.700000000000045
66.8814223633 -1.000000000000000
67.0147702637 -1.399999999999977
67.181342041 -2.799999999999955
67.31496875 -3.600000000000023
67.4814831543 -3.700000000000045
67.6478510742 -4.000000000000000
67.7811867676 -4.000000000000000
67.9478449707 -3.100000000000023
68.1173852539 -3.299999999999955
68.2478842773 -2.899999999999977
68.4144116211 -1.500000000000000
68.5476611328 -0.799999999999955
68.7141804199 -0.700000000000045
68.8809755859 0.299999999999955
69.0144831543 0.200000000000045
69.1808430176 -0.299999999999955
69.3154094238 -0.899999999999977
69.480668457 -1.200000000000045
69.6475214844 -1.799999999999955
69.7808823242 -2.299999999999955
69.9474243164 -3.200000000000045
70.0806096191 -2.899999999999977
70.2482314453 -3.500000000000000
70.4138054199 -4.000000000000000
70.5471008301 -4.000000000000000
70.7138479004 -3.899999999999977
70.8803398437 -2.799999999999955
71.0139055176 -2.799999999999955
71.1802834473 -1.299999999999955
71.3138566895 -0.799999999999955
71.4802333984 -0.100000000000023
71.6468188477 0.299999999999955
71.780074707 -1.100000000000023
71.9466242676 -1.799999999999955
72.0799975586 -1.799999999999955
72.2465852051 -2.299999999999955
72.4133208008 -3.100000000000023
72.5467966309 -3.200000000000045
72.7131955566 -3.799999999999955
72.8463408203 -3.899999999999977
73.0129748535 -4.399999999999977
73.1796877441 -5.100000000000023
73.3132131348 -5.000000000000000
73.4796147461 -4.700000000000045
73.6130058594 -4.299999999999955
73.7794506836 -3.000000000000000
73.9460388184 -1.899999999999977
74.0796411133 -1.299999999999955
74.246392334 -0.600000000000023
74.3794206543 0.100000000000023
74.5459714355 0.100000000000023
74.7126040039 0.000000000000000
74.8461494141 -0.799999999999955
75.0124970703 -0.299999999999955
75.1457514648 -0.600000000000023
75.3124631348 -2.100000000000023
75.4791931152 -2.000000000000000
75.6125942383 -2.700000000000045
75.7791486816 -3.000000000000000
75.9123540039 -3.200000000000045
76.0788496094 -3.200000000000045
76.245484375 -3.399999999999977
76.3792004395 -3.399999999999977
76.545442627 -1.700000000000045
76.6789624023 -1.200000000000045
76.8458647461 -0.399999999999977
77.0122268066 1.299999999999955
77.1453083496 2.500000000000000
77.3118654785 2.700000000000045
77.4462333984 3.100000000000023
77.6120771484 3.000000000000000
77.7784274902 2.000000000000000
77.9117207031 1.600000000000023
78.0786560059 0.899999999999977
78.2120444336 0.000000000000000
78.3782202148 -1.000000000000000
78.5448435059 -2.000000000000000
78.6784191895 -1.899999999999977
78.8449692383 -2.799999999999955
78.9783476562 -3.700000000000045
79.1448347168 -3.399999999999977
79.3113642578 -3.000000000000000
79.444588623 -2.700000000000045
79.6113029785 -1.500000000000000
79.7448566895 -0.200000000000045
79.9111335449 1.600000000000023
80.0445202637 2.399999999999977
80.2110263672 3.000000000000000
80.3777224121 3.100000000000023
80.5110146484 2.100000000000023
80.6777958984 2.000000000000000
80.8109399414 1.100000000000023
80.977590332 0.200000000000045
81.144519043 -0.799999999999955
81.2778474121 -1.500000000000000
81.4443408203 -1.899999999999977
81.5774692383 -1.899999999999977
81.7444362793 -2.600000000000023
81.8776970215 -3.000000000000000
82.0440639648 -3.100000000000023
82.210545166 -3.100000000000023
82.3439194336 -2.399999999999977
82.510390625 -2.399999999999977
82.643842041 -1.799999999999955
82.8104692383 -0.299999999999955
82.9770639648 0.799999999999955
83.1105686035 1.799999999999955
83.2770905762 2.700000000000045
83.4105112305 2.600000000000023
83.5771804199 1.500000000000000
83.7435400391 0.799999999999955
83.8767045898 0.600000000000023
84.0437060547 -0.899999999999977
84.1769594727 -1.399999999999977
84.3433210449 -1.799999999999955
84.4768530273 -2.000000000000000
84.6431782227 -2.399999999999977
84.8098486328 -2.600000000000023
84.943652832 -3.100000000000023
85.1103630371 -4.000000000000000
85.2430751953 -3.700000000000045
85.41 -4.000000000000000
85.5763630371 -4.200000000000045
85.7095754395 -4.600000000000023
85.8764868164 -4.500000000000000
86.0095715332 -3.500000000000000
86.1764423828 -2.700000000000045
86.3430488281 -1.600000000000023
86.476119873 -1.299999999999955
86.6426298828 -0.399999999999977
86.8094611816 1.100000000000023
86.9426020508 0.299999999999955
87.1095102539 0.399999999999977
87.2434626465 0.299999999999955
87.4092282715 -0.299999999999955
87.5424023437 -1.200000000000045
87.7089450684 -1.600000000000023
87.8757658691 -2.200000000000045
88.008942627 -2.299999999999955
88.1424211426 -3.100000000000023
88.3421906738 -3.600000000000023
88.4758383789 -4.299999999999955
88.6087231445 -4.100000000000023
88.7753916016 -4.700000000000045
88.9090031738 -4.899999999999977
89.0754001465 -3.899999999999977
89.242293457 -4.500000000000000
89.3755566406 -4.299999999999955
89.5422351074 -3.100000000000023
89.6754714355 -3.000000000000000
89.8420319824 -3.000000000000000
90.009361084 -1.899999999999977
90.1427224121 -0.399999999999977
90.3086352539 -0.100000000000023
90.4419228516 0.299999999999955
90.6086003418 1.399999999999977
90.7751818848 0.700000000000045
90.9080854492 -0.100000000000023
91.0747800293 -0.299999999999955
91.2083598633 -1.000000000000000
91.3747368164 -1.799999999999955
91.5413935547 -3.000000000000000
91.6749250488 -2.799999999999955
91.8414003906 -3.700000000000045
91.9746672363 -3.600000000000023
92.1417407227 -4.100000000000023
92.3081950684 -3.899999999999977
92.4410578613 -4.200000000000045
92.608095459 -4.200000000000045
92.7410402832 -4.100000000000023
92.9075283203 -4.600000000000023
93.074503418 -4.799999999999955
93.2075695801 -3.899999999999977
93.3793303223 -3.500000000000000
93.541182373 -1.799999999999955
93.6744460449 -1.600000000000023
93.8407192383 -0.500000000000000
93.9740576172 0.000000000000000
94.1413896484 0.000000000000000
94.2739274902 -0.100000000000023
94.4408376465 -1.100000000000023
94.6071450195 -1.700000000000045
94.74065625 -2.299999999999955
94.9071396484 -3.100000000000023
95.0736367187 -2.600000000000023
95.2072126465 -2.700000000000045
95.3736430664 -3.000000000000000
95.5071811523 -3.899999999999977
95.6736154785 -3.500000000000000
95.8402126465 -3.700000000000045
95.9738452148 -4.100000000000023
96.1400654297 -3.200000000000045
96.3067297363 -2.700000000000045
96.4401186523 -1.799999999999955
96.606890625 -0.600000000000023
96.7400351563 0.000000000000000
96.9078974609 0.200000000000045
97.0732597656 -0.299999999999955
97.206378418 -1.299999999999955
97.3730495605 -2.100000000000023
97.5401022949 -1.899999999999977
97.673003418 -2.299999999999955
97.8396706543 -2.799999999999955
97.973090332 -2.600000000000023
98.1398010254 -3.500000000000000
98.2728452148 -3.500000000000000
98.4397358398 -3.899999999999977
98.6065505371 -3.200000000000045
98.7395187988 -2.000000000000000
98.9061728516 -1.700000000000045
99.0392944336 -1.200000000000045
99.2060126953 1.100000000000023
99.3727026367 2.600000000000023
99.5061218262 2.500000000000000
99.6726098633 3.600000000000023
99.8061560059 3.700000000000045
99.9729116211 2.100000000000023
100.1392380371 1.200000000000045
100.2728198242 0.399999999999977
100.4389443359 0.299999999999955
100.5727631836 -1.000000000000000
100.7389655762 -1.600000000000023
100.9064550781 -1.799999999999955
101.0391015625 -1.899999999999977
101.2053464355 -1.899999999999977
101.3719836426 -2.899999999999977
101.5052819824 -2.600000000000023
101.672152832 -1.700000000000045
101.8053327637 -1.500000000000000
101.9750947266 -0.600000000000023
102.1384306641 1.100000000000023
102.2721638184 1.799999999999955
102.4385544434 2.899999999999977
102.571628418 2.799999999999955
102.7384870605 2.100000000000023
102.905237793 1.500000000000000
103.038255127 1.200000000000045
103.2051555176 0.000000000000000
103.3383000488 -0.600000000000023
103.5046491699 -1.399999999999977
103.6716706543 -1.700000000000045
103.8049951172 -2.100000000000023
103.9713054199 -2.100000000000023
104.1045974121 -2.200000000000045
104.2712497559 -2.299999999999955
104.4385241699 -2.200000000000045
104.5725112305 -1.000000000000000
104.738076416 0.100000000000023
104.9045866699 1.399999999999977
105.037973877 2.500000000000000
105.204394043 3.899999999999977
105.3384836426 4.000000000000000
105.5043830566 3.399999999999977
105.6715751953 3.100000000000023
105.804081543 2.200000000000045
105.9707346191 1.000000000000000
106.1042763672 0.100000000000023
106.2707270508 -1.000000000000000
106.4040378418 -1.299999999999955
106.5711396484 -1.899999999999977
106.7374880371 -2.799999999999955
106.8706022949 -2.799999999999955
107.0374526367 -2.500000000000000
107.170442627 -2.600000000000023
107.3369758301 -2.700000000000045
107.5037866211 -1.899999999999977
107.6372512207 -2.100000000000023
107.8038120117 -0.299999999999955
107.936963623 0.899999999999977
108.1039150391 2.200000000000045
108.2714379883 3.399999999999977
108.4039902344 3.700000000000045
108.5703942871 2.600000000000023
108.7369030762 1.799999999999955
108.869963623 1.299999999999955
109.0369631348 0.500000000000000
109.1699250488 -0.899999999999977
109.3368293457 -1.200000000000045
109.5031428223 -2.200000000000045
109.6364260254 -2.500000000000000
109.8033635254 -2.600000000000023
109.9362722168 -2.700000000000045
110.1029326172 -2.600000000000023
110.2695422363 -2.399999999999977
110.4031384277 -2.200000000000045
110.5698674316 -2.000000000000000
110.7030314941 -0.899999999999977
110.8693674316 -0.399999999999977
111.0361982422 1.399999999999977
111.1693566895 2.500000000000000
111.3359995117 3.600000000000023
111.5029912109 4.100000000000023
111.6359094238 3.899999999999977
111.8038686523 2.500000000000000
111.9703728027 1.299999999999955
112.1023916016 0.799999999999955
112.2696760254 -0.700000000000045
112.4362294922 -1.500000000000000
112.5692314453 -2.299999999999955
112.7358132324 -2.100000000000023
112.9024350586 -3.000000000000000
113.0354748535 -2.600000000000023
113.2023703613 -2.700000000000045
113.3356240234 -3.399999999999977
113.5029418945 -3.100000000000023
113.6691831055 -2.700000000000045
113.802484375 -2.000000000000000
113.9688022461 -0.799999999999955
114.1018234863 -0.299999999999955
114.2688435059 1.299999999999955
114.4350776367 2.100000000000023
114.5689094238 2.899999999999977
114.735019043 2.600000000000023
114.8687424316 2.700000000000045
115.0350715332 1.299999999999955
115.2017683105 0.399999999999977
115.3352856445 -0.299999999999955
115.5013364258 -1.100000000000023
115.6350690918 -1.399999999999977
115.8016066895 -2.000000000000000
115.9347568359 -2.700000000000045
116.1049912109 -3.100000000000023
116.2681899414 -3.399999999999977
116.4016286621 -3.700000000000045
116.5679614258 -3.299999999999955
116.7355766602 -3.000000000000000
116.868338623 -2.700000000000045
117.0349550781 -1.799999999999955
117.1681342773 -0.600000000000023
117.334729248 1.000000000000000
117.5011870117 1.299999999999955
117.6362399902 0.600000000000023
117.8035576172 0.899999999999977
117.9394375 0.100000000000023
118.1015273438 -0.399999999999977
118.2709638672 -0.799999999999955
118.4016318359 -1.700000000000045
118.5678608398 -2.100000000000023
118.7015554199 -2.500000000000000
118.868109375 -2.500000000000000
119.0011159668 -3.399999999999977
119.1682026367 -3.799999999999955
119.333800293 -3.799999999999955
119.4700534668 -4.100000000000023
119.6339084473 -4.000000000000000
119.8005510254 -3.399999999999977
119.9345490723 -2.299999999999955
120.100729248 -2.100000000000023
120.233597168 -1.000000000000000
120.4001318359 1.200000000000045
120.5666687012 2.000000000000000
120.7002966309 2.399999999999977
120.867369873 2.000000000000000
120.9998032227 2.100000000000023
121.166579834 0.799999999999955
121.333692627 -0.200000000000045
121.466435791 -0.299999999999955
121.633142334 -0.600000000000023
121.7665002441 -0.899999999999977
121.9329250488 -0.200000000000045
122.0996030273 -0.399999999999977
122.2330910645 -1.000000000000000
122.4004763184 -0.100000000000023
122.5329890137 -0.600000000000023
122.699763916 -0.700000000000045
122.866166748 -0.799999999999955
122.9992126465 -0.700000000000045
123.1664304199 -0.799999999999955
123.2993884277 -1.000000000000000
123.4659755859 -0.700000000000045
123.6343054199 0.000000000000000
123.7658288574 0.399999999999977
123.9324748535 0.200000000000045
124.0656318359 0.700000000000045
124.2324448242 0.200000000000045
124.3990595703 0.000000000000000
124.5323000488 -0.200000000000045
124.698942627 0.299999999999955
124.865565918 0.500000000000000
124.9988640137 0.200000000000045
125.1654868164 -0.299999999999955
