0.0 0.000000000000000
0.1668344727 0.100000000000023
0.2999091797 -0.600000000000023
0.4662304688 -0.399999999999977
0.6332231445 0.299999999999955
0.7663259277 -0.100000000000023
0.9334055176 -0.100000000000023
1.1006223145 0.500000000000000
1.2329819336 0.200000000000045
1.4001242676 0.100000000000023
1.5669599609 0.000000000000000
1.6995288086 0.000000000000000
1.8663703613 -0.100000000000023
2.0326804199 0.500000000000000
2.1658803711 -0.399999999999977
2.3329338379 -0.600000000000023
2.4669995117 -0.600000000000023
2.6329863281 -0.100000000000023
2.7993461914 -0.200000000000045
2.9327526855 0.000000000000000
3.0989550781 -0.299999999999955
3.2321130371 0.200000000000045
3.3987243652 -0.100000000000023
3.5653835449 -0.500000000000000
3.6988291016 -0.500000000000000
3.865387207 -0.600000000000023
3.9986906738 -0.700000000000045
4.1655478516 -0.500000000000000
4.331869873 -0.299999999999955
4.4652783203 -0.299999999999955
4.6321586914 -0.200000000000045
4.7659135742 -0.100000000000023
4.9318955078 0.200000000000045
5.0650820313 -0.299999999999955
5.2315720215 -0.500000000000000
5.3985002441 -0.200000000000045
5.5316279297 -0.299999999999955
5.698166748 -0.899999999999977
5.8319602051 -0.600000000000023
5.9981455078 -0.500000000000000
6.165432373 -0.100000000000023
6.297923584 -0.299999999999955
6.4645031738 -0.299999999999955
6.598295166 -0.100000000000023
6.7647873535 -0.700000000000045
6.9319150391 -0.600000000000023
7.0648178711 -0.799999999999955
7.2310776367 -0.799999999999955
7.3644226074 0.100000000000023
7.5312727051 -0.200000000000045
7.6975739746 -0.399999999999977
7.8309375 -0.500000000000000
7.9975966797 -0.100000000000023
8.1309331055 0.000000000000000
8.2975180664 -0.100000000000023
8.4309912109 0.200000000000045
8.5973398437 -0.100000000000023
8.764126709 -0.299999999999955
8.8971950684 -0.299999999999955
9.0640166016 -0.600000000000023
9.1972507324 -0.299999999999955
9.3635910645 -0.100000000000023
9.5304472656 0.000000000000000
9.6637558594 -0.500000000000000
9.8303347168 -0.899999999999977
9.9641728516 -1.000000000000000
10.1309743652 -0.700000000000045
10.2637709961 -0.799999999999955
10.4306254883 -0.299999999999955
10.5968754883 0.600000000000023
10.7855180664 0.799999999999955
10.931005127 0.500000000000000
11.0635302734 0.700000000000045
11.2300185547 0.799999999999955
11.3966938477 0.399999999999977
11.5303051758 0.700000000000045
11.6965126953 0.200000000000045
11.830052002 0.500000000000000
11.9964770508 0.399999999999977
12.1631462402 0.600000000000023
12.297052002 0.000000000000000
12.463489502 0.000000000000000
12.5963115234 0.299999999999955
12.7629143066 0.600000000000023
12.9299118652 0.399999999999977
13.0632424316 0.500000000000000
13.2297658691 0.200000000000045
13.3961394043 0.200000000000045
13.5294338379 0.200000000000045
13.6962514648 0.000000000000000
13.8293522949 0.700000000000045
13.9959223633 -0.100000000000023
14.1291171875 -0.200000000000045
14.2962026367 0.700000000000045
14.4624306641 0.799999999999955
14.5958432617 0.399999999999977
14.7625183105 0.600000000000023
14.8955024414 1.100000000000023
15.0623415527 0.799999999999955
15.229345459 0.500000000000000
15.362802002 -0.200000000000045
15.528876709 -0.200000000000045
15.6621430664 0.299999999999955
15.8290214844 0.100000000000023
15.9951550293 -0.100000000000023
16.1285632324 -0.100000000000023
16.2961699219 0.299999999999955
16.4285290527 0.399999999999977
16.5955888672 0.000000000000000
16.7617719727 1.000000000000000
16.8951264648 0.399999999999977
17.0619719238 0.600000000000023
17.2284501953 0.299999999999955
17.3621462402 0.399999999999977
17.5285056152 0.200000000000045
17.6623442383 0.299999999999955
17.828345459 0.299999999999955
17.9947236328 -0.200000000000045
18.1279763184 0.399999999999977
18.2947824707 -0.100000000000023
18.428326416 -0.100000000000023
18.5945871582 -0.299999999999955
18.7279924316 -0.299999999999955
18.8947475586 0.399999999999977
19.0622744141 0.200000000000045
19.1947294922 0.299999999999955
19.3612026367 0.399999999999977
19.4946938477 0.200000000000045
19.6616845703 0.500000000000000
19.8277226562 0.100000000000023
19.9608344727 -0.100000000000023
20.1274477539 -0.399999999999977
20.2611540527 0.100000000000023
20.4275334473 0.200000000000045
20.5945744629 0.299999999999955
20.7276860352 0.399999999999977
20.8942744141 0.100000000000023
21.0272939453 0.000000000000000
21.194168457 0.200000000000045
21.3607304687 0.299999999999955
21.4937507324 0.000000000000000
21.6608366699 0.299999999999955
21.7940053711 -0.500000000000000
21.9604606934 -0.500000000000000
22.0939343262 -0.399999999999977
22.2602106934 0.200000000000045
22.4271779785 -0.100000000000023
22.5604375 0.100000000000023
22.7275512695 -0.299999999999955
22.8603811035 -0.500000000000000
23.0268164062 -0.399999999999977
23.1940495605 -0.399999999999977
23.3265351562 0.000000000000000
23.4932077637 0.100000000000023
23.6268344727 -0.299999999999955
23.7934536133 -0.200000000000045
23.9598986816 0.399999999999977
24.0932043457 -0.399999999999977
24.2597646484 -0.200000000000045
24.3929230957 -0.100000000000023
24.5596811523 -0.200000000000045
24.7261931152 -0.200000000000045
24.8595219727 -0.200000000000045
25.0273635254 0.000000000000000
25.1930446777 -0.799999999999955
25.326463623 -0.100000000000023
25.4930871582 -0.200000000000045
25.6259567871 1.000000000000000
25.792824707 0.399999999999977
25.9258862305 0.100000000000023
26.0925241699 0.600000000000023
26.2595791016 0.399999999999977
26.3926826172 0.500000000000000
26.5595109863 0.600000000000023
26.6924294434 1.100000000000023
26.8595512695 -0.200000000000045
27.026060791 0.500000000000000
27.1591948242 0.399999999999977
27.3256604004 0.600000000000023
27.459213623 0.299999999999955
27.6253303223 0.600000000000023
27.7926728516 0.799999999999955
27.9254250488 0.899999999999977
28.0923422852 0.700000000000045
28.2256938477 0.799999999999955
28.3921713867 0.100000000000023
28.5585183105 -0.100000000000023
28.6922412109 0.100000000000023
28.8588034668 0.700000000000045
28.9920634766 1.100000000000023
29.1581989746 1.200000000000045
29.2916020508 1.000000000000000
29.458453125 1.000000000000000
29.6256540527 1.299999999999955
29.7603798828 1.299999999999955
29.9253447266 1.200000000000045
30.0582883301 0.700000000000045
30.2246586914 1.200000000000045
30.3586086426 1.200000000000045
30.5253847656 0.700000000000045
30.692217041 1.100000000000023
30.8251755371 0.399999999999977
30.9915915527 0.100000000000023
31.1251630859 0.700000000000045
31.2915036621 0.500000000000000
31.4580180664 0.600000000000023
31.5916367187 0.500000000000000
31.7578208008 0.700000000000045
31.9245532227 0.600000000000023
32.0578886719 0.500000000000000
32.2250383301 1.100000000000023
32.357559082 0.600000000000023
32.5240644531 0.399999999999977
32.6581643066 0.500000000000000
32.8247094727 0.200000000000045
32.991722168 0.299999999999955
33.1244316406 0.399999999999977
33.291293457 1.200000000000045
33.4575522461 0.799999999999955
33.5907702637 0.899999999999977
33.7569360352 1.100000000000023
33.8907558594 1.100000000000023
34.0571142578 0.899999999999977
34.1908520508 1.000000000000000
34.3570290527 0.700000000000045
34.5234538574 0.200000000000045
34.6571831055 0.600000000000023
34.8242382812 0.100000000000023
34.957505127 0.700000000000045
35.1238203125 0.000000000000000
35.2903823242 0.799999999999955
35.423296875 0.399999999999977
35.5901845703 0.100000000000023
35.7233508301 0.700000000000045
35.8902495117 0.600000000000023
36.057277832 0.399999999999977
36.1899172363 0.500000000000000
36.3566208496 0.399999999999977
36.489769043 0.700000000000045
36.6567319336 0.600000000000023
36.8241186523 0.399999999999977
36.9564951172 0.399999999999977
37.1229216309 0.399999999999977
37.2899128418 0.799999999999955
37.4227514648 0.500000000000000
37.589642334 0.899999999999977
37.7229223633 0.799999999999955
37.8896882324 0.100000000000023
38.0233598633 0.399999999999977
38.1899316406 -0.100000000000023
38.3562768555 0.100000000000023
38.4893134766 0.600000000000023
38.6562277832 0.100000000000023
38.7893232422 0.399999999999977
38.9559526367 0.799999999999955
39.1222731934 0.299999999999955
39.2559260254 0.000000000000000
39.4226259766 0.100000000000023
39.5556020508 0.299999999999955
39.7225754395 -0.399999999999977
39.888769043 0.299999999999955
40.0223449707 0.500000000000000
40.1885187988 -0.100000000000023
40.3219875488 -0.299999999999955
40.4888708496 -0.299999999999955
40.6551225586 -0.399999999999977
40.7886455078 -0.500000000000000
40.9551960449 0.399999999999977
41.088432373 0.100000000000023
41.2549274902 0.100000000000023
41.4216811523 0.100000000000023
41.5550627441 0.000000000000000
41.7217695312 -0.299999999999955
41.8882824707 0.299999999999955
42.0217438965 0.000000000000000
42.1882663574 0.100000000000023
42.3217106934 -0.500000000000000
42.4879504395 -0.100000000000023
42.654567627 -0.299999999999955
42.7879526367 -0.200000000000045
42.955092041 0.399999999999977
43.0883129883 0.200000000000045
43.2544838867 0.200000000000045
43.4209958496 0.100000000000023
43.5545202637 0.600000000000023
43.7210419922 0.100000000000023
43.8545732422 0.000000000000000
44.0214055176 0.200000000000045
44.1874926758 0.299999999999955
44.3210722656 -0.500000000000000
44.487704834 -0.200000000000045
44.6207443848 0.000000000000000
44.7876647949 -0.200000000000045
44.9544580078 0.299999999999955
45.0876711426 0.299999999999955
45.2543459473 0.100000000000023
45.3871079102 0.100000000000023
45.5541958008 0.299999999999955
45.7210754395 0.000000000000000
45.8538144531 -0.500000000000000
46.0206418457 -0.100000000000023
46.1540922852 0.000000000000000
46.3208527832 -0.100000000000023
46.4873996582 0.399999999999977
46.6201672363 0.200000000000045
46.7871948242 0.200000000000045
46.9201008301 -0.100000000000023
47.0872126465 0.100000000000023
47.2205422363 0.700000000000045
47.3868071289 0.200000000000045
47.5532243652 0.200000000000045
47.6865036621 0.100000000000023
47.8531860352 -0.299999999999955
47.9867841797 -0.399999999999977
48.1536547852 0.000000000000000
48.3202094727 -0.700000000000045
48.4533100586 -0.200000000000045
48.620005127 0.200000000000045
48.7533459473 0.200000000000045
48.9195270996 -0.100000000000023
49.0863842773 0.000000000000000
49.2198410645 1.100000000000023
49.3871623535 1.399999999999977
49.5194450684 1.100000000000023
49.6864648438 1.000000000000000
49.8528708496 0.899999999999977
49.9858879395 1.000000000000000
50.1528825684 0.799999999999955
50.2858083496 1.000000000000000
50.4529875488 1.100000000000023
50.5860039062 1.200000000000045
50.7536567383 1.200000000000045
50.9192700195 0.700000000000045
51.0523479004 0.500000000000000
51.219651123 0.799999999999955
51.3856972656 0.600000000000023
51.5190576172 0.200000000000045
51.6855634766 0.600000000000023
51.8198110352 0.899999999999977
51.9854428711 0.399999999999977
52.1189138184 0.500000000000000
52.2851740723 0.799999999999955
52.4522336426 0.600000000000023
52.5855136719 1.000000000000000
52.752310791 0.600000000000023
52.885362793 1.200000000000045
53.0518991699 0.700000000000045
53.219739502 0.200000000000045
53.3519436035 0.500000000000000
53.5188317871 0.399999999999977
53.6851240234 0.700000000000045
53.8181462402 0.799999999999955
53.9852783203 0.700000000000045
54.1188010254 0.600000000000023
54.2848408203 1.000000000000000
54.4519291992 0.299999999999955
54.5855300293 0.399999999999977
54.7515202637 0.399999999999977
54.8850036621 1.000000000000000
55.0513654785 0.799999999999955
55.2182045898 0.500000000000000
55.3512631836 1.000000000000000
55.5181518555 0.299999999999955
55.6510771484 0.000000000000000
55.8187106934 -0.200000000000045
55.950854248 0.100000000000023
56.1179865723 0.500000000000000
56.2844580078 0.200000000000045
56.4175244141 0.700000000000045
56.5846022949 0.500000000000000
56.7174050293 0.500000000000000
56.8841374512 0.899999999999977
57.0509455566 0.600000000000023
57.1852612305 0.299999999999955
57.3512607422 0.500000000000000
57.4843027344 0.200000000000045
57.650777832 0.500000000000000
57.8177888184 0.200000000000045
57.9518251953 0.600000000000023
58.1173000488 0.100000000000023
58.2515412598 0.500000000000000
58.4194770508 0.399999999999977
58.5875966797 0.100000000000023
58.7173476562 0.200000000000045
58.884333252 0.399999999999977
59.017545166 0.200000000000045
59.1837922363 0.000000000000000
59.3503308105 0.299999999999955
59.4839675293 0.600000000000023
59.6508605957 0.299999999999955
59.7846098633 0.600000000000023
59.9550097656 -0.100000000000023
60.1197839355 0.000000000000000
60.2511330566 0.000000000000000
60.4167990723 0.600000000000023
60.5508918457 0.500000000000000
60.7179921875 0.600000000000023
60.8504914551 0.399999999999977
61.0165766602 0.600000000000023
61.1833435059 0.600000000000023
61.3162143555 0.299999999999955
61.4831096191 0.700000000000045
61.6497807617 0.600000000000023
61.7828432617 0.700000000000045
61.9495068359 -0.100000000000023
62.0828442383 0.000000000000000
62.2496655273 -0.200000000000045
62.4165739746 0.299999999999955
62.549213623 0.500000000000000
62.7159272461 0.200000000000045
62.8829543457 0.600000000000023
63.0158322754 0.000000000000000
63.1824567871 -0.299999999999955
63.3156750488 -0.200000000000045
63.482744873 0.500000000000000
63.6495588379 0.399999999999977
63.7821496582 0.700000000000045
63.949161377 -0.100000000000023
64.0823286133 -0.500000000000000
64.2489794922 -0.100000000000023
64.415734375 0.500000000000000
64.5487624512 0.100000000000023
64.7157819824 -0.399999999999977
64.8486396484 -0.200000000000045
65.0156259766 -0.100000000000023
65.1821906738 -0.399999999999977
65.3153554687 0.399999999999977
65.4820151367 0.200000000000045
65.6152583008 0.100000000000023
65.7829550781 -0.600000000000023
65.9481162109 0.000000000000000
66.0817355957 0.299999999999955
66.2482104492 -0.200000000000045
66.381560791 -0.100000000000023
66.5482258301 0.000000000000000
66.7146918945 -0.500000000000000
66.8481618652 -0.200000000000045
67.0147299805 -0.200000000000045
67.1480075684 -0.500000000000000
67.3146259766 -0.399999999999977
67.4812060547 -0.200000000000045
67.6148852539 -0.299999999999955
67.7811486816 -0.700000000000045
67.9144997559 0.100000000000023
68.0809516602 0.000000000000000
68.2475322266 0.000000000000000
68.3810302734 0.299999999999955
68.5476975098 0.000000000000000
68.6808759766 -0.100000000000023
68.8478703613 0.000000000000000
69.0142695312 0.100000000000023
69.1470942383 0.100000000000023
69.3139150391 0.700000000000045
69.4471635742 0.700000000000045
69.6138122559 0.700000000000045
69.7471242676 0.799999999999955
69.9141804199 0.700000000000045
70.0805576172 1.100000000000023
70.2138522949 0.500000000000000
70.3805512695 0.399999999999977
70.5138439941 0.500000000000000
70.6805732422 0.100000000000023
70.8471015625 0.399999999999977
70.9805639648 0.500000000000000
71.1466359863 1.000000000000000
71.2802004395 0.799999999999955
71.4468088379 0.700000000000045
71.6134492188 0.799999999999955
71.7470388184 0.700000000000045
71.913515625 1.100000000000023
72.0466831055 1.000000000000000
72.2132971191 1.399999999999977
72.3798830566 0.799999999999955
72.5130734863 1.100000000000023
72.6795256348 1.700000000000045
72.8128195801 1.500000000000000
72.9795634766 0.600000000000023
73.1461687012 0.899999999999977
73.2793991699 0.600000000000023
73.4463615723 1.100000000000023
73.5797580566 1.399999999999977
73.7465002441 1.200000000000045
73.9126569824 1.399999999999977
74.0462946777 1.100000000000023
74.2134084473 1.299999999999955
74.3457790527 1.200000000000045
74.5123039551 1.100000000000023
74.6792719727 1.299999999999955
74.8127810059 1.500000000000000
74.9792451172 1.299999999999955
75.112847168 1.299999999999955
75.2792590332 1.700000000000045
75.4122895508 0.700000000000045
75.5788747559 1.100000000000023
75.745513916 1.000000000000000
75.8789487305 1.399999999999977
76.045296875 1.000000000000000
76.212029541 1.200000000000045
76.3455566406 1.200000000000045
76.5119216309 1.500000000000000
76.645097168 1.700000000000045
76.8117087402 1.700000000000045
76.9452502441 1.600000000000023
77.111730957 1.200000000000045
77.2783952637 1.500000000000000
77.4125527344 1.200000000000045
77.5783647461 1.000000000000000
77.7114812012 1.000000000000000
77.8784606934 0.899999999999977
78.0454130859 1.200000000000045
78.1783034668 1.000000000000000
78.3448674316 1.000000000000000
78.478347168 1.100000000000023
78.6461174316 1.000000000000000
78.777855957 0.799999999999955
78.9447319336 0.899999999999977
79.1121538086 1.299999999999955
79.2778395996 1.399999999999977
79.4110180664 1.000000000000000
79.5787856445 1.299999999999955
79.7444360352 1.299999999999955
79.8774506836 1.299999999999955
80.0443774414 1.299999999999955
80.1782976074 1.500000000000000
80.3440776367 1.399999999999977
80.4776298828 1.700000000000045
80.6444399414 1.600000000000023
80.8105915527 1.700000000000045
80.9440673828 1.700000000000045
81.1106318359 1.799999999999955
81.2439406738 2.000000000000000
81.4110678711 2.100000000000023
81.5772524414 2.100000000000023
81.7104616699 2.200000000000045
81.8776525879 2.600000000000023
82.0103730469 1.700000000000045
82.1769445801 1.399999999999977
82.3109350586 1.500000000000000
82.4770327148 2.100000000000023
82.6444936523 2.000000000000000
82.7772224121 2.000000000000000
82.9433527832 2.000000000000000
83.0774848633 2.299999999999955
83.2432553711 2.000000000000000
83.3772038574 2.600000000000023
83.5437595215 2.299999999999955
83.7099025879 2.200000000000045
83.843197998 2.299999999999955
84.0097463379 2.700000000000045
84.14328125 2.700000000000045
84.3099787598 2.799999999999955
84.4771503906 3.299999999999955
84.6098510742 3.100000000000023
84.777362793 2.700000000000045
84.909550293 3.200000000000045
85.0765595703 2.700000000000045
85.2426950684 2.600000000000023
85.3762219238 2.899999999999977
85.5428120117 3.000000000000000
85.6763679199 3.399999999999977
85.8430617676 3.000000000000000
86.009137207 3.000000000000000
86.1427275391 3.000000000000000
86.3094182129 2.700000000000045
86.4424191895 2.899999999999977
86.609362793 3.299999999999955
86.7426008301 3.299999999999955
86.9090112305 4.000000000000000
87.07578125 4.000000000000000
87.209958252 3.700000000000045
87.3766992188 3.000000000000000
87.5099519043 3.100000000000023
87.6756713867 2.899999999999977
87.8090527344 2.799999999999955
87.9756330566 2.500000000000000
88.1425102539 2.200000000000045
88.2756887207 1.799999999999955
88.4425039062 1.299999999999955
88.5753679199 1.600000000000023
88.7432138672 2.000000000000000
88.9093066406 2.100000000000023
89.0420859375 2.600000000000023
89.208409668 2.299999999999955
89.3419057617 1.899999999999977
89.5082138672 0.399999999999977
89.6750661621 -0.899999999999977
89.8082321777 -1.700000000000045
89.9747536621 -2.399999999999977
90.1084555664 -3.399999999999977
90.2749338379 -4.299999999999955
90.4418535156 -5.399999999999977
90.5747922363 -4.600000000000023
90.7415766602 -4.799999999999955
90.8746362305 -5.200000000000045
91.0413044434 -5.899999999999977
91.2088491211 -6.200000000000045
91.3412258301 -5.700000000000045
91.5079423828 -6.100000000000023
91.6414204102 -5.799999999999955
91.8081230469 -5.899999999999977
91.9412763672 -6.100000000000023
92.1078811035 -6.500000000000000
92.2423898926 -6.700000000000045
92.4081086426 -6.200000000000045
92.5743847656 -5.899999999999977
92.7077119141 -6.200000000000045
92.8742895508 -6.200000000000045
93.0411015625 -6.700000000000045
93.174173584 -6.799999999999955
93.3406938477 -6.600000000000023
93.5072614746 -6.500000000000000
93.6406887207 -6.700000000000045
93.8073710938 -6.299999999999955
93.942046875 -6.399999999999977
94.1072746582 -6.500000000000000
94.2412915039 -6.399999999999977
94.4071950684 -6.600000000000023
94.5740803223 -6.299999999999955
94.7089833984 -6.600000000000023
94.8737180176 -6.500000000000000
95.0072978516 -6.700000000000045
95.1736191406 -6.700000000000045
95.3073361816 -7.100000000000023
95.4735722656 -6.899999999999977
95.640203125 -7.200000000000045
95.7738251953 -7.299999999999955
95.9404406738 -6.899999999999977
96.1064692383 -7.100000000000023
96.2403022461 -6.700000000000045
96.4068190918 -6.799999999999955
96.5399267578 -6.500000000000000
96.7063962402 -6.299999999999955
96.8736784668 -6.299999999999955
97.0066298828 -6.299999999999955
97.1727646484 -6.100000000000023
97.3067988281 -6.399999999999977
97.4732231445 -6.500000000000000
97.6396298828 -6.700000000000045
97.7728276367 -6.600000000000023
97.9394926758 -6.799999999999955
98.0727060547 -6.700000000000045
98.2394924316 -6.799999999999955
98.4060742188 -6.600000000000023
98.5395046387 -7.000000000000000
98.7060893555 -6.799999999999955
98.8392719727 -7.100000000000023
99.0060439453 -7.299999999999955
99.1725766602 -6.500000000000000
99.3056416016 -6.500000000000000
99.4725996094 -6.600000000000023
99.6055996094 -6.500000000000000
99.7722138672 -6.700000000000045
99.9057143555 -7.100000000000023
100.072326416 -7.500000000000000
100.2387756348 -7.399999999999977
100.3723686523 -7.299999999999955
100.53890625 -6.700000000000045
100.7058566895 -7.200000000000045
100.8386655273 -7.600000000000023
101.0056535645 -7.200000000000045
101.1388171387 -7.100000000000023
101.3052932129 -7.299999999999955
101.4718664551 -7.299999999999955
101.6055986328 -6.799999999999955
101.7714592285 -7.500000000000000
101.9388696289 -7.000000000000000
102.0717275391 -6.899999999999977
102.238333252 -7.399999999999977
102.3714279785 -7.299999999999955
102.5385556641 -6.899999999999977
102.7049550781 -7.200000000000045
102.8380378418 -7.399999999999977
103.00478125 -7.799999999999955
103.1386015625 -7.299999999999955
103.3048190918 -7.299999999999955
103.4715566406 -7.399999999999977
103.6043952637 -7.000000000000000
103.7714111328 -7.500000000000000
103.9046560059 -7.500000000000000
104.0714328613 -7.000000000000000
104.2375734863 -7.799999999999955
104.3709372559 -7.399999999999977
104.5380102539 -6.299999999999955
104.6708422852 -6.399999999999977
104.8375991211 -6.600000000000023
105.0043022461 -6.600000000000023
105.1377956543 -7.000000000000000
105.3039560547 -6.899999999999977
105.4376115723 -6.799999999999955
105.604189209 -6.700000000000045
105.737092041 -6.000000000000000
105.9042607422 -6.500000000000000
106.0706855469 -6.100000000000023
106.2039958496 -6.299999999999955
106.3708261719 -6.500000000000000
106.5040251465 -6.899999999999977
106.6704580078 -7.100000000000023
106.8371318359 -7.100000000000023
106.9704814453 -6.899999999999977
107.137345459 -6.399999999999977
107.2705180664 -6.200000000000045
107.4367004395 -6.299999999999955
107.603576416 -6.200000000000045
107.736892334 -6.500000000000000
107.903817627 -6.500000000000000
108.0367314453 -6.500000000000000
108.2033320312 -6.399999999999977
108.370036377 -6.500000000000000
108.5032536621 -6.299999999999955
108.670104248 -6.000000000000000
108.8030427246 -5.799999999999955
108.9697036133 -6.399999999999977
109.1032758789 -6.200000000000045
109.2713334961 -6.299999999999955
109.4366618652 -6.899999999999977
109.5699338379 -6.299999999999955
109.7366398926 -6.600000000000023
109.8698735352 -6.600000000000023
110.0359394531 -6.799999999999955
110.2048388672 -6.600000000000023
110.3361779785 -6.600000000000023
110.5027192383 -6.700000000000045
110.6361120605 -6.799999999999955
110.8026977539 -6.500000000000000
110.9696184082 -6.700000000000045
111.1025083008 -7.000000000000000
111.2695026855 -6.899999999999977
111.4024707031 -6.799999999999955
111.5689611816 -7.200000000000045
111.7356757812 -6.600000000000023
111.8691264648 -6.799999999999955
112.0359375 -7.000000000000000
112.202519043 -7.100000000000023
112.3356850586 -6.600000000000023
112.5023156738 -6.899999999999977
112.6359863281 -6.500000000000000
112.8023583984 -6.600000000000023
112.9688769531 -6.600000000000023
113.1019438477 -6.899999999999977
113.2684052734 -6.799999999999955
113.401954834 -6.899999999999977
113.5689643555 -6.899999999999977
113.7357392578 -6.899999999999977
113.8685056152 -7.000000000000000
114.0349428711 -6.899999999999977
114.1682878418 -7.299999999999955
114.3353754883 -7.200000000000045
114.5015703125 -7.399999999999977
114.6349047852 -7.600000000000023
114.8020087891 -7.799999999999955
114.9350288086 -7.500000000000000
115.10153125 -8.200000000000045
115.2351452637 -7.899999999999977
115.4013984375 -8.000000000000000
115.5681340332 -8.000000000000000
115.7013916016 -7.500000000000000
115.8677160645 -7.000000000000000
116.0015483398 -7.399999999999977
116.1679663086 -7.600000000000023
116.3347358398 -7.500000000000000
116.4674682617 -7.500000000000000
116.6343950195 -7.399999999999977
116.7677492676 -7.600000000000023
116.9346196289 -7.200000000000045
117.1007751465 -7.200000000000045
117.2343630371 -7.500000000000000
117.4010827637 -7.399999999999977
117.5337575684 -7.100000000000023
117.7003930664 -7.899999999999977
117.8683686523 -7.399999999999977
118.0007722168 -7.600000000000023
118.1670246582 -7.799999999999955
118.3005510254 -7.500000000000000
118.467135498 -7.700000000000045
118.6335871582 -7.399999999999977
118.7668378906 -7.899999999999977
118.935802002 -7.899999999999977
119.1007382813 -7.899999999999977
119.2336152344 -7.299999999999955
119.4003310547 -7.299999999999955
119.5339379883 -7.200000000000045
119.700543457 -7.000000000000000
119.8669023437 -6.899999999999977
119.999939209 -7.100000000000023
120.1676135254 -7.600000000000023
120.2999428711 -7.399999999999977
120.4670168457 -7.299999999999955
120.6334899902 -7.399999999999977
120.7667602539 -7.700000000000045
120.9333032227 -7.200000000000045
121.0664750977 -7.500000000000000
121.233279541 -7.700000000000045
121.4004406738 -7.799999999999955
121.5333652344 -8.200000000000045
121.7012614746 -8.299999999999955
121.8334838867 -7.799999999999955
121.9999682617 -7.799999999999955
122.1329428711 -7.899999999999977
122.3001740723 -8.100000000000023
122.4699350586 -7.799999999999955
122.5998498535 -7.700000000000045
122.7673842773 -7.799999999999955
122.9023996582 -7.600000000000023
123.0671574707 -7.799999999999955
123.2331147461 -7.799999999999955
123.3665583496 -7.700000000000045
123.5326784668 -7.700000000000045
123.6991672363 -8.200000000000045
123.8330002441 -7.500000000000000
123.9989462891 -6.600000000000023
124.1327939453 -7.399999999999977
124.2988740234 -7.200000000000045
124.4656203613 -7.500000000000000
124.5985039063 -7.200000000000045
124.765583252 -7.000000000000000
124.8992043457 -6.700000000000045
125.0661779785 -6.700000000000045
125.2324472656 -7.000000000000000
125.3651047363 -6.600000000000023
125.5315700684 -6.799999999999955
125.6651535645 -6.500000000000000
125.8316887207 -6.700000000000045
125.9985898437 -6.799999999999955
126.1315388184 -6.600000000000023
126.2983742676 -7.299999999999955
126.4314760742 -6.899999999999977
126.5985959473 -7.200000000000045
126.7648032227 -6.899999999999977
126.8984106445 -6.799999999999955
127.0647004395 -6.899999999999977
127.1980419922 -6.700000000000045
127.3650710449 -6.500000000000000
127.5310776367 -6.799999999999955
127.6645615234 -7.200000000000045
127.8316398926 -7.600000000000023
127.9644995117 -7.000000000000000
128.1311074219 -6.700000000000045
128.264322998 -7.399999999999977
128.4309504395 -6.899999999999977
128.59746875 -7.200000000000045
128.7306103516 -6.500000000000000
128.8976369629 -6.799999999999955
129.0307719727 -6.399999999999977
129.1972802734 -6.399999999999977
129.363932373 -6.700000000000045
129.4972058105 -6.799999999999955
129.6638674316 -6.100000000000023
129.7970058594 -6.399999999999977
129.9639538574 -6.899999999999977
130.0971547852 -6.600000000000023
130.2636496582 -6.899999999999977
130.430421875 -7.100000000000023
130.5635715332 -6.899999999999977
130.7302990723 -6.500000000000000
130.8968366699 -7.000000000000000
131.0302668457 -6.200000000000045
131.1967727051 -6.899999999999977
131.3300432129 -6.500000000000000
131.4967094727 -7.000000000000000
131.6635095215 -6.799999999999955
131.7965539551 -6.899999999999977
131.9634594727 -6.899999999999977
132.0965783691 -7.100000000000023
132.2642624512 -6.600000000000023
132.4296975098 -6.600000000000023
132.5631108398 -6.600000000000023
132.7296706543 -7.100000000000023
132.8629865723 -6.899999999999977
133.0298183594 -7.200000000000045
133.1630114746 -6.799999999999955
133.3295688477 -6.700000000000045
133.4967512207 -6.700000000000045
133.6294162598 -6.899999999999977
133.7959782715 -7.100000000000023
133.9631154785 -6.899999999999977
134.0958171387 -7.299999999999955
134.2625070801 -6.799999999999955
134.3959067383 -6.399999999999977
134.5626359863 -6.799999999999955
134.7291435547 -7.100000000000023
134.8625998535 -6.899999999999977
135.0289958496 -7.200000000000045
135.1626530762 -7.200000000000045
135.3290778809 -6.799999999999955
135.4956340332 -7.200000000000045
135.6296706543 -7.000000000000000
135.795519043 -6.399999999999977
135.9286992188 -6.500000000000000
136.0954338379 -6.899999999999977
136.2286523438 -7.399999999999977
136.3953684082 -7.299999999999955
136.5618786621 -7.100000000000023
136.6952480469 -6.500000000000000
136.8618164062 -6.299999999999955
136.9950788574 -6.600000000000023
137.1616850586 -6.799999999999955
137.3283276367 -6.899999999999977
137.4617983398 -6.700000000000045
137.6286318359 -7.000000000000000
137.7617492676 -7.100000000000023
137.9282888184 -7.000000000000000
138.0950751953 -7.200000000000045
138.2282207031 -6.700000000000045
138.3948928223 -6.299999999999955
138.5282900391 -6.600000000000023
138.6946894531 -6.899999999999977
138.8614023438 -6.399999999999977
138.9949406738 -6.500000000000000
139.1614272461 -6.299999999999955
139.327857666 -6.899999999999977
139.4611330566 -7.000000000000000
139.6280695801 -7.000000000000000
139.7611716309 -7.100000000000023
139.9280810547 -7.100000000000023
140.0943479004 -7.299999999999955
140.2276748047 -7.100000000000023
140.3947338867 -6.899999999999977
140.5609992676 -7.299999999999955
140.6943334961 -7.299999999999955
140.8612470703 -6.399999999999977
140.9948161621 -6.200000000000045
141.1622539062 -6.200000000000045
141.3275290527 -6.899999999999977
141.4608598633 -6.899999999999977
141.6271794434 -7.200000000000045
141.7606086426 -6.399999999999977
141.9272763672 -6.200000000000045
142.0937807617 -6.600000000000023
142.2273703613 -7.100000000000023
142.3947263184 -7.100000000000023
142.5269602051 -7.000000000000000
142.6936650391 -6.799999999999955
142.8605063477 -6.700000000000045
142.9941716309 -6.700000000000045
143.1601555176 -6.200000000000045
143.3269838867 -5.899999999999977
143.4603786621 -6.200000000000045
143.6268273926 -6.299999999999955
143.7602307129 -5.899999999999977
143.9267619629 -6.000000000000000
144.0599155273 -6.000000000000000
144.2268164063 -6.299999999999955
144.3933654785 -6.000000000000000
144.5264052734 -6.299999999999955
144.6929562988 -6.399999999999977
144.859628418 -6.600000000000023
144.9933510742 -6.399999999999977
145.1594799805 -6.500000000000000
145.2930114746 -6.500000000000000
145.4594562988 -6.600000000000023
145.5929726562 -6.500000000000000
145.7596679687 -6.399999999999977
145.9263371582 -7.100000000000023
146.0598220215 -6.600000000000023
146.2262976074 -7.000000000000000
146.3598427734 -6.799999999999955
146.5258188477 -6.600000000000023
146.6924589844 -6.500000000000000
146.8256318359 -6.600000000000023
146.9926950684 -6.100000000000023
147.1257871094 -6.100000000000023
147.2928796387 -6.500000000000000
147.4256772461 -6.600000000000023
147.5923242188 -6.200000000000045
147.7588752441 -6.600000000000023
147.8930170898 -6.500000000000000
148.0588598633 -5.799999999999955
148.1921428223 -6.200000000000045
148.3600239258 -6.299999999999955
148.5253132324 -6.799999999999955
148.6588486328 -6.500000000000000
148.8253354492 -6.600000000000023
148.9586994629 -6.700000000000045
149.1252355957 -6.700000000000045
149.292357666 -6.799999999999955
149.4252712402 -6.899999999999977
149.5919482422 -6.700000000000045
149.7254848633 -6.700000000000045
149.8917646484 -6.000000000000000
150.0582958984 -6.500000000000000
150.1916152344 -6.200000000000045
150.3582016602 -6.399999999999977
150.4917019043 -6.799999999999955
150.6587211914 -6.200000000000045
150.7915075684 -5.899999999999977
150.9579819336 -6.200000000000045
151.1249743652 -6.100000000000023
151.2579995117 -6.200000000000045
151.4245146484 -6.200000000000045
151.5912080078 -6.200000000000045
151.7244807129 -6.000000000000000
151.8911374512 -6.200000000000045
152.0252539062 -6.299999999999955
152.1911806641 -6.000000000000000
152.3576499023 -6.700000000000045
152.4909462891 -6.399999999999977
152.6580622559 -6.700000000000045
152.7908383789 -6.600000000000023
152.9578283691 -6.500000000000000
153.1240014648 -6.500000000000000
153.2575996094 -6.200000000000045
153.4240983887 -6.500000000000000
153.5574938965 -6.299999999999955
153.7242878418 -6.299999999999955
153.8573967285 -6.299999999999955
154.024244873 -6.700000000000045
154.1905854492 -6.500000000000000
154.3239731445 -6.600000000000023
154.4903222656 -6.700000000000045
154.6236672363 -7.100000000000023
154.7571860352 -7.200000000000045
154.9569892578 -7.200000000000045
155.0901303711 -6.700000000000045
155.2569782715 -7.100000000000023
155.3906162109 -7.200000000000045
155.5234387207 -7.100000000000023
155.6902807617 -7.399999999999977
155.8566386719 -6.399999999999977
156.0232946777 -6.500000000000000
156.1564831543 -6.500000000000000
156.2898825684 -7.000000000000000
156.4899157715 -7.299999999999955
156.6235224609 -6.899999999999977
156.7565227051 -7.200000000000045
156.9230600586 -6.700000000000045
157.0896894531 -6.500000000000000
157.2228786621 -6.799999999999955
157.3898994141 -6.799999999999955
157.5228283691 -6.500000000000000
157.6897458496 -6.799999999999955
157.856060791 -6.500000000000000
157.9900551758 -6.600000000000023
158.1562026367 -6.799999999999955
158.289682373 -6.600000000000023
158.4560766602 -6.899999999999977
158.6226923828 -6.799999999999955
158.7562026367 -7.000000000000000
158.9224887695 -6.899999999999977
159.0558447266 -7.100000000000023
159.2225610352 -7.399999999999977
159.3890251465 -7.200000000000045
159.5225910645 -7.700000000000045
159.6891872559 -7.500000000000000
159.855892334 -6.299999999999955
159.988854248 -7.200000000000045
160.1561948242 -6.799999999999955
160.2891330566 -6.899999999999977
160.4553637695 -7.200000000000045
160.6221530762 -7.100000000000023
160.7555014648 -7.299999999999955
160.9223442383 -6.899999999999977
161.0888640137 -6.700000000000045
161.2222043457 -6.899999999999977
161.3888012695 -6.399999999999977
161.5216428223 -6.600000000000023
161.6884399414 -6.799999999999955
161.8552580566 -6.700000000000045
161.9884250488 -7.000000000000000
162.1554750977 -7.200000000000045
162.2889067383 -6.799999999999955
162.4547946777 -6.799999999999955
162.5881203613 -6.600000000000023
162.7549975586 -6.799999999999955
162.9217387695 -6.100000000000023
163.0551694336 -6.299999999999955
163.2215644531 -6.399999999999977
163.3555827637 -6.799999999999955
163.5215007324 -6.899999999999977
163.6877939453 -5.899999999999977
163.8212871094 -5.700000000000045
163.9881928711 -5.500000000000000
164.1547036133 -5.299999999999955
164.2878066406 -5.799999999999955
164.4542746582 -5.500000000000000
164.5874736328 -5.399999999999977
164.7542075195 -6.000000000000000
164.8878259277 -5.899999999999977
165.0544626465 -5.600000000000023
165.2211779785 -6.200000000000045
165.3542614746 -6.100000000000023
165.5208908691 -6.399999999999977
165.6540703125 -5.799999999999955
165.8210876465 -6.100000000000023
165.9872094727 -6.000000000000000
166.120753418 -5.799999999999955
166.2877946777 0.299999999999955
166.4538979492 0.299999999999955
166.5870300293 0.000000000000000
166.7536672363 0.399999999999977
166.8869692383 -0.299999999999955
167.0537019043 0.100000000000023
167.2212099609 0.100000000000023
167.353581543 0.500000000000000
167.5204455566 0.500000000000000
167.653666748 0.399999999999977
167.8201518555 0.100000000000023
167.9888720703 0.600000000000023
168.1201115723 0.299999999999955
168.286845459 0.399999999999977
168.4202060547 0.000000000000000
168.5869428711 0.299999999999955
168.7200571289 0.000000000000000
168.8870043945 0.100000000000023
169.0531086426 0.600000000000023
169.1864018555 0.700000000000045
169.3534042969 -0.200000000000045
169.4865727539 -0.299999999999955
169.653597168 0.000000000000000
169.8195866699 -0.200000000000045
169.9533754883 0.100000000000023
170.1196706543 0.000000000000000
170.2528984375 0.100000000000023
170.4194023437 0.299999999999955
170.5864587402 0.100000000000023
170.7195883789 0.399999999999977
170.886067627 0.100000000000023
171.0197380371 0.000000000000000
171.1860522461 0.000000000000000
171.3524099121 0.100000000000023
171.4859760742 0.299999999999955
171.653088623 0.500000000000000
171.7859335938 0.399999999999977
171.9533916016 0.500000000000000
172.1188737793 0.500000000000000
172.2525251465 0.500000000000000
172.4190007324 0.299999999999955
172.5526223145 -0.100000000000023
172.7192988281 0.200000000000045
172.8856618652 0.299999999999955
173.0185458984 0.200000000000045
173.1855251465 0.100000000000023
173.3190307617 0.299999999999955
173.4861208496 -0.299999999999955
173.6527202148 -0.100000000000023
173.7857067871 0.000000000000000
173.951583252 -0.200000000000045
174.0849975586 0.200000000000045
174.2521318359 0.100000000000023
174.4182607422 0.000000000000000
174.5519814453 0.000000000000000
174.7183942871 0.600000000000023
174.8520634766 -0.500000000000000
175.0183791504 -0.399999999999977
175.1847683105 -0.200000000000045
175.3181179199 -0.600000000000023
175.4850400391 -0.299999999999955
175.6180339355 -0.500000000000000
175.785027832 -0.500000000000000
175.951432373 -0.500000000000000
176.0846643066 -0.299999999999955
176.2511335449 -0.799999999999955
176.3844472656 0.000000000000000
176.5515854492 -0.100000000000023
176.7180234375 -0.100000000000023
176.8513808594 -0.399999999999977
177.0176252441 -0.700000000000045
177.1511706543 -0.600000000000023
177.3180759277 -0.399999999999977
177.4844560547 -0.700000000000045
177.6175327148 -0.500000000000000
177.7845546875 -0.399999999999977
177.9175458984 -0.500000000000000
178.0837722168 -0.600000000000023
178.2508547363 -0.899999999999977
178.3836867676 0.200000000000045
178.5504060059 -0.799999999999955
178.6841054688 -0.399999999999977
178.8512033691 0.000000000000000
179.0169299316 -0.299999999999955
179.1502338867 -0.200000000000045
179.3176604004 -0.200000000000045
179.4501782227 0.100000000000023
179.6168974609 0.000000000000000
179.7837658691 0.200000000000045
179.9170517578 -0.100000000000023
180.0834194336 -0.799999999999955
180.2169780273 -0.600000000000023
180.3835986328 0.200000000000045
180.5499782715 -0.200000000000045
180.6833479004 -0.600000000000023
180.8503459473 -0.299999999999955
180.9835976562 -0.200000000000045
181.1497832031 -0.200000000000045
181.3166052246 -0.200000000000045
181.4500644531 -0.299999999999955
181.6163139648 -0.399999999999977
181.7500202637 -0.899999999999977
181.9164228516 0.000000000000000
182.0835710449 -0.399999999999977
182.2166882324 -0.399999999999977
182.3829387207 0.000000000000000
182.516015625 -0.100000000000023
182.6827785645 -0.600000000000023
182.8493527832 -0.399999999999977
182.9824587402 -0.299999999999955
183.1496606445 -0.700000000000045
183.2836032715 -0.700000000000045
183.4491083984 -0.200000000000045
183.6160036621 -0.100000000000023
183.7492358398 -0.100000000000023
183.9156220703 0.000000000000000
184.0493730469 -0.299999999999955
184.216407959 -0.200000000000045
184.3828044434 0.000000000000000
184.5158354492 -0.100000000000023
184.6823371582 -0.299999999999955
184.8155419922 0.700000000000045
184.9821103516 0.700000000000045
185.149095459 0.399999999999977
185.2833095703 0.200000000000045
185.4497280273 0.700000000000045
185.582402832 0.799999999999955
185.7489938965 0.200000000000045
185.8825878906 0.200000000000045
186.0488405762 0.000000000000000
186.2149682617 0.200000000000045
186.3488083496 0.500000000000000
186.5154272461 0.299999999999955
186.6480966797 0.399999999999977
186.8147463379 0.100000000000023
186.9822587891 0.799999999999955
187.1150427246 0.799999999999955
187.2814736328 0.500000000000000
187.4145942383 0.100000000000023
187.5816762695 -0.100000000000023
187.7481164551 0.399999999999977
187.8811418457 0.399999999999977
188.0480043945 0.600000000000023
188.1818779297 0.299999999999955
188.3481472168 0.600000000000023
188.5142453613 0.700000000000045
188.6482543945 0.399999999999977
188.814439209 0.600000000000023
188.9478498535 1.000000000000000
189.1148388672 0.799999999999955
189.2808452148 0.500000000000000
189.4143994141 0.500000000000000
189.580784668 0.500000000000000
189.7141020508 0.399999999999977
189.8812038574 0.000000000000000
190.047673584 0.700000000000045
190.1807558594 0.500000000000000
190.3471760254 0.299999999999955
190.5142194824 0.000000000000000
190.6473122559 0.100000000000023
190.8136811523 0.399999999999977
190.947338623 0.700000000000045
191.113717041 0.600000000000023
191.2803664551 0.799999999999955
191.4139423828 -0.100000000000023
191.580192627 0.500000000000000
191.7135810547 -0.100000000000023
191.8801982422 0.100000000000023
192.0132731934 0.700000000000045
192.179859375 0.899999999999977
192.3465246582 0.299999999999955
192.4797587891 0.399999999999977
192.6467514648 0.500000000000000
192.7799743652 0.600000000000023
192.9464912109 0.700000000000045
193.1131967773 0.799999999999955
193.2463022461 0.799999999999955
193.4130949707 0.500000000000000
193.5461772461 0.600000000000023
193.7129304199 0.600000000000023
193.8796931152 0.500000000000000
194.0132106934 0.000000000000000
194.1799567871 0.100000000000023
194.3127033691 0.100000000000023
194.4797302246 0.000000000000000
194.6463464355 0.299999999999955
194.779220459 0.200000000000045
194.9459291992 -0.100000000000023
195.0792270508 0.000000000000000
195.2459335938 0.100000000000023
195.4123811035 -0.200000000000045
195.5456879883 -0.100000000000023
195.7123432617 0.000000000000000
195.8457702637 0.200000000000045
196.0122900391 0.100000000000023
196.1457314453 0.399999999999977
196.312361084 0.399999999999977
196.4787148437 0.100000000000023
196.6121247559 0.399999999999977
196.7785791016 0.299999999999955
196.9120246582 0.500000000000000
197.0786550293 0.600000000000023
197.245401123 0.600000000000023
197.3786638184 0.600000000000023
197.5453686523 -0.399999999999977
197.6784775391 -0.100000000000023
197.8453659668 0.000000000000000
198.0116340332 -0.399999999999977
198.1450922852 -0.200000000000045
198.311668457 -0.399999999999977
198.445059082 -0.399999999999977
198.6114863281 -0.299999999999955
198.744769043 -0.299999999999955
198.9114414062 -0.200000000000045
199.078515625 0.000000000000000
199.2119851074 -0.200000000000045
199.378092041 0.200000000000045
199.5114382324 -0.100000000000023
199.6779399414 -0.299999999999955
199.844559082 -0.100000000000023
199.9777839355 -0.299999999999955
200.144626709 -0.200000000000045
200.2777814941 0.100000000000023
200.4446818848 0.100000000000023
200.6112182617 0.200000000000045
200.7448200684 0.100000000000023
200.9111555176 0.100000000000023
201.0442978516 0.600000000000023
201.2114868164 -0.200000000000045
201.3775410156 0.100000000000023
201.5107055664 0.299999999999955
201.6774570312 -0.100000000000023
201.8106140137 -0.200000000000045
201.9781098633 0.200000000000045
202.1108132324 0.299999999999955
202.2773999023 -0.200000000000045
202.4438088379 -0.200000000000045
202.5770922852 0.000000000000000
202.7440158691 -0.299999999999955
202.8771279297 -0.100000000000023
203.0439477539 -0.100000000000023
203.2102543945 -0.399999999999977
203.343982666 -0.700000000000045
203.5102019043 -0.700000000000045
203.6436928711 -0.500000000000000
203.8100251465 -0.600000000000023
203.976829834 -0.500000000000000
204.1099775391 -0.299999999999955
204.2767036133 -0.100000000000023
204.4103535156 0.600000000000023
204.5768615723 0.899999999999977
204.7437207031 0.899999999999977
204.8766894531 1.000000000000000
205.0434692383 1.100000000000023
205.1766130371 0.600000000000023
205.3431064453 0.500000000000000
205.5099243164 0.399999999999977
205.6429060059 0.500000000000000
205.8096010742 0.700000000000045
205.9429543457 0.500000000000000
206.1096181641 0.200000000000045
206.2760710449 0.200000000000045
206.4098674316 0.299999999999955
206.5761418457 0.700000000000045
206.7094147949 0.200000000000045
206.8760551758 0.399999999999977
207.009293457 0.399999999999977
207.175885498 0.600000000000023
207.3428288574 0.299999999999955
207.4756887207 0.100000000000023
207.642423584 0.500000000000000
207.7757192383 0.100000000000023
207.942217041 0.100000000000023
208.1092912598 1.000000000000000
208.2421152344 0.600000000000023
208.4090258789 0.600000000000023
208.5420810547 0.500000000000000
208.7086938477 1.000000000000000
208.8756713867 1.000000000000000
209.0086972656 0.700000000000045
209.1754543457 0.500000000000000
209.3419938965 0.100000000000023
209.4757338867 0.500000000000000
209.643626709 0.700000000000045
209.7751130371 0.899999999999977
209.9418447266 1.000000000000000
210.1083347168 0.299999999999955
210.2419106445 0.299999999999955
210.4083823242 -0.100000000000023
210.5417624512 0.399999999999977
210.7084431152 0.600000000000023
210.8417824707 0.799999999999955
211.0082312012 0.000000000000000
211.1749770508 0.600000000000023
211.3081660156 0.500000000000000
211.474496582 0.500000000000000
211.6080422363 0.200000000000045
211.7751083984 0.500000000000000
211.9414194336 0.200000000000045
212.0745227051 0.600000000000023
212.2414694824 1.000000000000000
212.3746416016 0.399999999999977
212.5412443848 0.399999999999977
212.7075388184 0.200000000000045
212.8411350098 0.500000000000000
213.0078742676 0.600000000000023
213.1412802734 0.500000000000000
213.307458252 0.700000000000045
213.4741323242 0.100000000000023
213.6075690918 0.299999999999955
213.7742116699 0.299999999999955
213.9074072266 0.299999999999955
214.0739731445 -0.600000000000023
214.241217041 0.000000000000000
214.3744287109 -0.500000000000000
214.540644043 0.000000000000000
214.6743349609 0.500000000000000
214.8403967285 -0.399999999999977
215.0071904297 0.100000000000023
215.1403376465 -0.200000000000045
215.3070808105 0.100000000000023
215.4406687012 0.100000000000023
215.6068537598 -0.200000000000045
215.7737932129 0.299999999999955
215.9070244141 -0.100000000000023
216.0738391113 0.399999999999977
216.2070778809 0.399999999999977
216.3735966797 0.200000000000045
216.5401960449 0.000000000000000
216.6733874512 -0.200000000000045
216.840157959 -0.100000000000023
216.9735827637 -0.200000000000045
217.140034668 -0.399999999999977
217.2731911621 0.100000000000023
217.4402668457 0.000000000000000
217.5732119141 0.299999999999955
217.7407243652 0.600000000000023
217.9067758789 0.299999999999955
218.0402702637 0.299999999999955
218.2064428711 0.100000000000023
218.3397619629 0.700000000000045
218.506171875 0.399999999999977
218.6398408203 0.299999999999955
218.8062231445 0.600000000000023
218.9725463867 1.000000000000000
219.1062514648 0.000000000000000
219.2726179199 -0.100000000000023
219.4059338379 0.200000000000045
219.5731772461 0.000000000000000
219.7060791016 0.700000000000045
219.8722878418 0.299999999999955
220.0388674316 0.100000000000023
220.1726572266 0.200000000000045
220.339104248 -0.100000000000023
220.5054958496 -0.100000000000023
220.6388796387 -0.399999999999977
220.8060678711 -0.200000000000045
220.9386831055 -0.500000000000000
221.1056928711 -0.500000000000000
221.2720620117 -0.500000000000000
221.4055559082 0.299999999999955
221.5718786621 0.899999999999977
221.7390026855 0.600000000000023
221.8718276367 0.700000000000045
222.0386928711 1.000000000000000
222.1716503906 1.100000000000023
222.3384104004 1.100000000000023
222.5050170898 1.000000000000000
222.6382287598 0.700000000000045
222.8048823242 0.299999999999955
222.9382885742 0.399999999999977
223.1052558594 0.299999999999955
223.2720620117 0.299999999999955
223.4048586426 0.200000000000045
223.5713735352 0.399999999999977
223.7387731934 0.600000000000023
223.8713000488 0.200000000000045
224.0378383789 0.600000000000023
224.1712094727 0.700000000000045
224.3379338379 0.200000000000045
224.5045036621 0.500000000000000
224.6377443848 0.799999999999955
224.8043117676 0.600000000000023
224.9715302734 1.000000000000000
225.1043354492 0.399999999999977
225.2709140625 0.100000000000023
225.4043579102 0.100000000000023
225.5707819824 0.600000000000023
225.7378210449 -0.399999999999977
225.8707451172 0.500000000000000
226.0378811035 0.200000000000045
226.1706572266 0.200000000000045
226.3374650879 -0.200000000000045
226.5037814941 0.000000000000000
226.6374943848 0.000000000000000
226.8036843262 0.000000000000000
226.9704821777 0.100000000000023
227.1042365723 0.700000000000045
227.2708156738 0.799999999999955
227.4036086426 0.000000000000000
227.5703637695 0.000000000000000
227.7369487305 0.000000000000000
227.8704238281 0.200000000000045
228.0370620117 0.399999999999977
228.1704147949 0.500000000000000
228.3365805664 0.700000000000045
228.5039016113 0.600000000000023
228.6370876465 -0.100000000000023
228.8032458496 0.399999999999977
228.9370290527 0.399999999999977
229.1033498535 0.700000000000045
229.2697470703 0.600000000000023
229.4032104492 0.200000000000045
229.5697590332 0.299999999999955
229.7031022949 0.200000000000045
229.8700063477 0.000000000000000
230.0368674316 0.000000000000000
230.1703066406 0.000000000000000
230.336876709 0.399999999999977
230.469454834 0.200000000000045
230.6361606445 0.000000000000000
230.8029155273 0.600000000000023
230.9359951172 0.399999999999977
231.1025456543 0.100000000000023
231.2362912598 -0.100000000000023
231.4028276367 0.200000000000045
231.5692314453 0.799999999999955
231.7024394531 0.700000000000045
231.8690463867 0.399999999999977
232.0027802734 0.399999999999977
232.1689858398 0.899999999999977
232.3356264648 1.100000000000023
232.4693278809 0.899999999999977
232.6357456055 1.299999999999955
232.7688261719 1.000000000000000
232.9357436523 0.799999999999955
233.1021271973 0.500000000000000
233.2354399414 0.500000000000000
233.4022512207 0.299999999999955
233.535333252 0.299999999999955
233.7019418945 0.600000000000023
233.8686628418 0.500000000000000
234.0017978516 0.700000000000045
234.1686728516 0.500000000000000
234.3017724609 0.399999999999977
234.468394043 0.299999999999955
234.6354626465 0.899999999999977
234.768704834 0.899999999999977
234.9350490723 0.799999999999955
235.0684438477 1.399999999999977
235.235357666 1.299999999999955
235.4017265625 1.500000000000000
235.5348505859 1.100000000000023
235.7012556152 2.100000000000023
235.8678034668 1.899999999999977
236.0013991699 1.899999999999977
236.1680646973 1.799999999999955
236.3011799316 1.600000000000023
236.4681186523 1.899999999999977
236.6344106445 2.000000000000000
236.7679570313 2.100000000000023
236.9345124512 2.200000000000045
237.1012492676 1.299999999999955
237.2348791504 1.399999999999977
237.4012712402 1.500000000000000
237.5350158691 1.700000000000045
237.7007873535 2.000000000000000
237.8344719238 1.600000000000023
238.0006691895 1.799999999999955
238.1673608398 1.700000000000045
238.300984375 1.399999999999977
238.4675646973 1.700000000000045
238.6009335937 1.799999999999955
238.7674719238 1.899999999999977
238.9338056641 2.100000000000023
239.0675373535 2.000000000000000
239.234088623 2.500000000000000
239.3670827637 2.600000000000023
239.5341879883 2.600000000000023
239.7004489746 2.899999999999977
239.8342050781 2.500000000000000
240.0003215332 2.200000000000045
240.1339560547 2.299999999999955
240.3006606445 2.200000000000045
240.4666975098 1.899999999999977
240.6004428711 2.000000000000000
240.7670083008 2.600000000000023
240.8997990723 2.700000000000045
241.0668630371 2.399999999999977
241.2332121582 2.600000000000023
241.3667888184 2.500000000000000
241.5331904297 2.700000000000045
241.6665239258 2.399999999999977
241.8330002441 3.299999999999955
241.9664555664 2.299999999999955
242.1328364258 2.100000000000023
242.2998139648 2.500000000000000
242.4332275391 2.899999999999977
242.599418457 2.200000000000045
242.7660983887 3.299999999999955
242.8993771973 3.000000000000000
243.0659694824 3.200000000000045
243.1993088379 2.500000000000000
243.3663059082 2.700000000000045
243.532989502 2.899999999999977
243.6673022461 3.299999999999955
243.8327878418 3.200000000000045
243.9660805664 3.000000000000000
244.1326291504 3.399999999999977
244.2993422852 3.799999999999955
244.4325422363 3.899999999999977
244.5994643555 3.299999999999955
244.7321584473 3.500000000000000
244.8994626465 3.500000000000000
245.0322839355 3.899999999999977
245.1987712402 4.299999999999955
245.3657194824 4.200000000000045
245.4986655273 4.600000000000023
245.6659812012 4.100000000000023
245.7988740234 4.000000000000000
245.9658754883 4.399999999999977
246.1320478516 3.700000000000045
246.2650429688 3.500000000000000
246.4320874023 3.500000000000000
246.5650246582 2.799999999999955
246.7318598633 2.799999999999955
246.8995214844 2.500000000000000
247.0348979492 2.399999999999977
247.201989502 1.899999999999977
247.3319199219 1.600000000000023
247.4993378906 1.799999999999955
247.6651760254 1.700000000000045
247.7989360352 1.700000000000045
247.9679331055 1.799999999999955
248.0995390625 2.000000000000000
248.2676640625 2.200000000000045
248.4003405762 2.000000000000000
248.5658623047 1.500000000000000
248.7314624023 0.500000000000000
248.8652492676 -0.799999999999955
249.0316152344 -2.399999999999977
249.1650268555 -2.700000000000045
249.3309016113 -3.600000000000023
249.4980773926 -4.600000000000023
249.6307646484 -5.299999999999955
249.797532959 -4.700000000000045
249.9311247559 -5.200000000000045
250.0973479004 -5.299999999999955
250.2639135742 -5.899999999999977
250.3972451172 -6.399999999999977
250.5641784668 -6.299999999999955
250.700208252 -6.600000000000023
250.8642492676 -6.799999999999955
251.0304504395 -6.899999999999977
251.1650102539 -6.399999999999977
251.3307150879 -7.000000000000000
251.4639082031 -6.799999999999955
251.6306259766 -6.799999999999955
251.7974111328 -6.600000000000023
251.9305583496 -6.899999999999977
252.0969560547 -6.799999999999955
252.2301635742 -6.700000000000045
252.3969130859 -7.000000000000000
252.5633708496 -7.200000000000045
252.6967834473 -7.600000000000023
252.863310791 -7.500000000000000
252.9966538086 -7.500000000000000
253.1633769531 -7.200000000000045
253.3300202637 -7.299999999999955
253.46321875 -7.899999999999977
253.6299072266 -7.500000000000000
253.7630979004 -7.200000000000045
253.9299260254 -7.200000000000045
254.0963452148 -7.500000000000000
254.2297670898 -7.600000000000023
254.3962224121 -7.700000000000045
254.5297023926 -7.600000000000023
254.6967756348 -7.399999999999977
254.8628483887 -7.299999999999955
254.9961340332 -7.500000000000000
255.1627167969 -7.299999999999955
255.295921875 -7.299999999999955
255.462682373 -7.200000000000045
255.6292966309 -7.399999999999977
255.7625534668 -6.700000000000045
255.9292922363 -7.200000000000045
256.0956945801 -6.799999999999955
256.2289106445 -6.799999999999955
256.3957150879 -7.200000000000045
256.5621872559 -7.100000000000023
256.695473877 -6.500000000000000
256.8622270508 -6.799999999999955
256.9955202637 -6.600000000000023
257.1619667969 -6.399999999999977
257.3288959961 -7.000000000000000
257.4620332031 -7.299999999999955
257.6286894531 -7.200000000000045
257.7620678711 -7.399999999999977
257.9285224609 -7.500000000000000
258.095626709 -7.299999999999955
258.2284782715 -6.899999999999977
258.3950136719 -7.000000000000000
258.5616557617 -7.000000000000000
258.695777832 -7.600000000000023
258.8615678711 -7.500000000000000
258.9949257813 -7.200000000000045
259.1615546875 -7.399999999999977
259.3283540039 -8.000000000000000
259.4613898926 -7.899999999999977
259.6280610352 -6.600000000000023
259.7613051758 -6.600000000000023
259.9280432129 -6.899999999999977
260.0613608398 -7.000000000000000
260.2281037598 -6.600000000000023
260.3948391113 -7.000000000000000
260.5279580078 -7.100000000000023
260.6943251953 -6.500000000000000
260.8281799316 -6.399999999999977
260.994682373 -6.899999999999977
261.1611950684 -6.100000000000023
261.2944858398 -7.200000000000045
261.4608254395 -7.500000000000000
261.5943786621 -7.399999999999977
261.7608349609 -7.200000000000045
261.9275927734 -7.200000000000045
262.0608393555 -7.299999999999955
262.2279765625 -6.799999999999955
262.3613786621 -7.200000000000045
262.527333252 -7.600000000000023
262.6938952637 -6.899999999999977
262.8272839355 -6.700000000000045
262.9939665527 -7.100000000000023
263.1271462402 -7.000000000000000
263.2938740234 -7.200000000000045
263.4605427246 -7.399999999999977
263.5939775391 -7.600000000000023
263.7605046387 -7.500000000000000
263.8936086426 -7.399999999999977
264.0605864258 -7.500000000000000
264.2274348145 -6.500000000000000
264.3600373535 -6.600000000000023
264.5267734375 -6.799999999999955
264.659963623 -6.799999999999955
264.8269331055 -6.899999999999977
264.9931330566 -7.299999999999955
265.1265998535 -7.000000000000000
265.2936604004 -7.299999999999955
265.4264765625 -7.000000000000000
265.5931931152 -7.100000000000023
265.7262607422 -7.200000000000045
265.8928830566 -6.399999999999977
266.0595996094 -7.200000000000045
266.1928620605 -6.899999999999977
266.3596247559 -6.600000000000023
266.4927756348 -6.799999999999955
266.6597104492 -6.799999999999955
266.7926291504 -7.000000000000000
266.9593586426 -6.899999999999977
267.1258996582 -6.899999999999977
267.292595459 -6.899999999999977
267.4258735352 -7.100000000000023
267.5925102539 -6.700000000000045
267.7258759766 -7.000000000000000
267.892574707 -6.600000000000023
268.0589902344 -6.500000000000000
268.1922966309 -6.299999999999955
268.359142334 -6.700000000000045
268.4927268066 -6.700000000000045
268.6589399414 -6.700000000000045
268.792550293 -6.899999999999977
268.9589667969 -6.700000000000045
269.125371582 -7.500000000000000
269.2586774902 -6.799999999999955
269.4253078613 -6.500000000000000
269.5586459961 -6.600000000000023
269.725447998 -7.000000000000000
269.8918510742 -7.200000000000045
270.0251259766 -7.100000000000023
270.1918691406 -7.500000000000000
270.3262714844 -7.200000000000045
270.4929084473 -7.200000000000045
270.6582824707 -7.700000000000045
270.7920776367 -7.899999999999977
270.9582470703 -7.200000000000045
271.0914987793 -7.600000000000023
271.2583935547 -7.500000000000000
271.3918295898 -7.100000000000023
271.558697998 -6.899999999999977
271.7249599609 -7.799999999999955
271.8582248535 -7.600000000000023
272.0248120117 -7.700000000000045
272.1914692383 -7.799999999999955
272.3245458984 -7.399999999999977
272.4915395508 -7.799999999999955
272.6244643555 -7.600000000000023
272.7913916016 -7.700000000000045
272.9243864746 -7.700000000000045
273.0911384277 -7.700000000000045
273.2584155273 -7.899999999999977
273.3909362793 -8.000000000000000
273.557833252 -7.500000000000000
273.7242050781 -7.899999999999977
273.8577602539 -7.899999999999977
274.0240390625 -8.100000000000023
274.1574638672 -8.100000000000023
274.3238422852 -7.600000000000023
274.4572636719 -7.899999999999977
274.6244482422 -7.700000000000045
274.7909038086 -8.600000000000023
274.9239467773 -8.200000000000045
275.0908308105 -7.899999999999977
275.2239880371 -8.200000000000045
275.3905300293 -7.899999999999977
275.5572663574 -7.799999999999955
275.690394043 -8.000000000000000
275.8574558105 -8.399999999999977
275.9905563965 -8.399999999999977
276.1571247559 -8.399999999999977
276.3236748047 -8.000000000000000
276.4566962891 -8.299999999999955
276.6241303711 -8.399999999999977
276.7569228516 -8.399999999999977
276.9239372559 -8.799999999999955
277.090326416 -8.600000000000023
277.2235234375 -8.500000000000000
277.3900097656 -8.600000000000023
277.5232124023 -8.799999999999955
277.6902124023 -8.399999999999977
277.8565471191 -8.200000000000045
277.9901616211 -8.299999999999955
278.1570698242 -8.299999999999955
278.2903779297 -8.200000000000045
278.4561931152 -8.000000000000000
278.623203125 -7.500000000000000
278.7563864746 -8.100000000000023
278.9231098633 -7.899999999999977
279.0559968262 -7.899999999999977
279.2226943359 -7.799999999999955
279.3893491211 -8.399999999999977
279.5227915039 -8.500000000000000
279.6894035645 -8.200000000000045
279.8228217773 -8.200000000000045
279.9894294434 -8.200000000000045
280.15596875 -7.899999999999977
280.2890446777 -7.899999999999977
280.4556518555 -8.100000000000023
280.5891455078 -7.799999999999955
280.7557824707 -7.100000000000023
280.922309082 -7.399999999999977
281.0558059082 -7.899999999999977
281.189048584 -7.500000000000000
281.355809082 -7.399999999999977
281.5220810547 -7.399999999999977
281.6554775391 -7.600000000000023
281.822421875 -7.200000000000045
281.9888198242 -7.299999999999955
282.1219851074 -7.500000000000000
282.2889450684 -7.200000000000045
282.4218366699 -7.299999999999955
282.5885534668 -7.500000000000000
282.7219279785 -7.000000000000000
282.8885214844 -7.700000000000045
283.0554663086 -8.100000000000023
283.1883837891 -7.899999999999977
283.3552011719 -7.200000000000045
283.5217038574 -7.299999999999955
283.6549343262 -7.700000000000045
283.8216340332 -7.700000000000045
283.9549663086 -7.700000000000045
284.1216142578 -7.799999999999955
284.2548012695 -7.700000000000045
284.4216987305 -7.600000000000023
284.5882670898 -7.500000000000000
284.7212956543 -7.299999999999955
284.888296875 -8.100000000000023
285.0213867188 -7.500000000000000
285.1881694336 -7.500000000000000
285.354769043 -7.600000000000023
285.487947998 -8.100000000000023
285.6545288086 -7.799999999999955
285.7876899414 -7.200000000000045
285.9546855469 -7.100000000000023
286.0878435059 -7.000000000000000
286.2542243652 -7.100000000000023
286.4210852051 -7.100000000000023
286.5543752441 -7.100000000000023
286.721121582 -7.399999999999977
286.8875131836 -7.299999999999955
287.0208452148 -7.100000000000023
287.1871904297 -7.600000000000023
287.3211650391 -8.100000000000023
287.4874575195 -7.600000000000023
287.6539538574 -7.799999999999955
287.7870256348 -7.899999999999977
287.953579834 -7.500000000000000
288.1224160156 -7.899999999999977
288.2535773926 -7.799999999999955
288.4205842285 -7.100000000000023
288.553935791 -7.399999999999977
288.720543457 -7.299999999999955
288.8867468262 -7.700000000000045
289.0199638672 -7.399999999999977
289.1867192383 -8.000000000000000
289.3204338379 -7.700000000000045
289.4869111328 -7.500000000000000
289.653470459 -7.299999999999955
289.7865527344 -7.299999999999955
289.9533200684 -7.000000000000000
290.0867568359 -6.899999999999977
290.2533303223 -7.000000000000000
290.4197834473 -7.100000000000023
290.5528132324 -7.200000000000045
290.7198171387 -6.899999999999977
290.8866164551 -7.299999999999955
291.0197050781 -7.200000000000045
291.1879355469 -7.799999999999955
291.3194526367 -7.700000000000045
291.4866079102 -7.600000000000023
291.6533435059 -7.500000000000000
291.786310791 -7.600000000000023
291.9527163086 -7.000000000000000
292.1192958984 -7.200000000000045
292.2530043945 -7.100000000000023
292.4194328613 -7.700000000000045
292.5528891602 -7.700000000000045
292.7192583008 -7.500000000000000
292.8857751465 -7.200000000000045
293.0190646973 -7.500000000000000
293.1858840332 -7.799999999999955
293.3196723633 -7.700000000000045
293.4856430664 -7.600000000000023
293.6523803711 -8.000000000000000
293.7853171387 -7.600000000000023
293.952543457 -7.000000000000000
294.0853735352 -7.000000000000000
294.2523862305 -7.399999999999977
294.4190395508 -7.000000000000000
294.5522531738 -7.200000000000045
294.7186208496 -7.399999999999977
294.8521740723 -7.399999999999977
295.0187436523 -7.600000000000023
295.1851772461 -7.500000000000000
295.3186054687 -7.299999999999955
295.4851054688 -7.000000000000000
295.6186428223 -6.899999999999977
295.7848652344 -7.100000000000023
295.9517050781 -7.299999999999955
296.0852116699 -7.399999999999977
296.2516123047 -7.799999999999955
296.3853288574 -7.500000000000000
296.5516936035 -7.500000000000000
296.7183532715 -7.200000000000045
296.8511572266 -7.700000000000045
297.0180830078 -7.799999999999955
297.1514140625 -7.600000000000023
297.3178051758 -8.000000000000000
297.4512580566 -7.600000000000023
297.6181164551 -7.000000000000000
297.7845026855 -7.500000000000000
297.9179147949 -7.799999999999955
298.0846352539 -7.600000000000023
298.2510358887 -7.899999999999977
298.3842236328 -7.100000000000023
298.5511931152 -7.399999999999977
298.6844731445 -7.399999999999977
298.8508051758 -7.600000000000023
299.0177634277 -7.600000000000023
299.1510334473 -7.000000000000000
299.3176408691 -7.500000000000000
299.4513278809 -7.799999999999955
299.6170124512 -7.899999999999977
299.7841386719 -7.700000000000045
299.9173095703 -7.600000000000023
300.0838740234 -7.799999999999955
300.217467041 -7.500000000000000
300.3840571289 -8.000000000000000
300.5171330566 -7.899999999999977
300.6833935547 -8.000000000000000
300.8507734375 -7.399999999999977
300.9839404297 -7.299999999999955
301.1507568359 -7.600000000000023
301.283545166 -7.299999999999955
301.4503432617 -7.500000000000000
301.617092041 -7.200000000000045
301.7497956543 -7.399999999999977
301.9168684082 -7.799999999999955
302.0836335449 -7.299999999999955
302.2168564453 -7.600000000000023
302.3838063965 -7.500000000000000
302.5499604492 -7.799999999999955
302.6832351074 -7.299999999999955
302.8495947266 -7.700000000000045
303.0165610352 -7.299999999999955
303.1498422852 -7.500000000000000
303.3167456055 -7.399999999999977
303.4836831055 -7.399999999999977
