0.0 -0.200000000000045
0.1667788086 -0.799999999999955
0.300269043 -0.399999999999977
0.4669626465 -1.100000000000023
0.6002507324 -0.799999999999955
0.7667324219 -0.299999999999955
0.9337597656 -1.100000000000023
1.1001643066 -0.500000000000000
1.234248291 -0.700000000000045
1.4001850586 -0.899999999999977
1.53325 -1.100000000000023
1.7002956543 -0.299999999999955
1.8665068359 -0.500000000000000
2.0003999023 -1.200000000000045
2.1660883789 -0.399999999999977
2.3327055664 -0.799999999999955
2.4660490723 -0.600000000000023
2.6331108398 -0.100000000000023
2.7993674316 -1.100000000000023
2.9325559082 -1.100000000000023
3.0991542969 -0.899999999999977
3.2323254395 -0.899999999999977
3.3992409668 -0.799999999999955
3.5654223633 -0.899999999999977
3.6988791504 -0.799999999999955
3.8663071289 0.000000000000000
3.9989216309 0.700000000000045
4.165385498 0.500000000000000
4.2987851563 0.200000000000045
4.4651115723 0.399999999999977
4.6323908691 0.399999999999977
4.7654504395 0.500000000000000
4.9322321777 0.299999999999955
5.0651728516 -0.200000000000045
5.2316794434 0.200000000000045
5.3984760742 0.299999999999955
5.5318310547 -0.200000000000045
5.6984042969 0.200000000000045
5.8651027832 -0.299999999999955
5.9986779785 -0.200000000000045
6.164885498 0.000000000000000
6.2983918457 -0.200000000000045
6.4663691406 -0.600000000000023
6.5992497559 -0.299999999999955
6.7646286621 -0.200000000000045
6.9314611816 0.000000000000000
7.0646674805 -0.399999999999977
7.2314858398 -0.299999999999955
7.3645063477 0.299999999999955
7.5310986328 0.000000000000000
7.6978166504 0.000000000000000
7.8310664062 0.100000000000023
7.9976560059 -0.200000000000045
8.1311694336 0.200000000000045
8.2976906738 -0.299999999999955
8.4644431152 -0.799999999999955
8.5976208496 -1.100000000000023
8.7643859863 -1.799999999999955
8.9307338867 -2.100000000000023
9.0642255859 -2.600000000000023
9.2308059082 -3.000000000000000
9.3641086426 -3.000000000000000
9.5305222168 -3.799999999999955
9.6970544434 -4.100000000000023
9.8304294434 -4.600000000000023
9.9971279297 -5.700000000000045
10.1304404297 -5.799999999999955
10.297170166 -6.299999999999955
10.4302966309 -6.600000000000023
10.5969472656 -7.000000000000000
10.7638144531 -7.200000000000045
10.8970080566 -7.100000000000023
11.0633781738 -8.299999999999955
11.1970102539 -8.399999999999977
11.3638959961 -8.700000000000045
11.5300588379 -9.299999999999955
11.663359375 -10.200000000000045
11.8299057617 -9.899999999999977
11.9633815918 -10.299999999999955
12.129779541 -11.100000000000023
12.2631962891 -11.100000000000023
12.4303752441 -10.500000000000000
12.5963288574 -10.899999999999977
12.7296967773 -10.399999999999977
12.896376709 -11.299999999999955
13.0296010742 -10.700000000000045
13.1961882324 -11.399999999999977
13.3630964355 -11.100000000000023
13.496213623 -10.899999999999977
13.6639306641 -11.399999999999977
13.7963083496 -10.899999999999977
13.9626142578 -10.899999999999977
14.1293605957 -10.899999999999977
14.2627382812 -11.000000000000000
14.4292531738 -10.500000000000000
14.5628022461 -10.700000000000045
14.7291542969 -10.799999999999955
14.8958415527 -10.899999999999977
15.0289306641 -10.799999999999955
15.1957727051 -10.600000000000023
15.3291782227 -10.700000000000045
15.4955566406 -10.799999999999955
15.6622854004 -10.700000000000045
15.7954682617 -10.899999999999977
15.963029541 -10.799999999999955
16.0954130859 -10.700000000000045
16.2620324707 -11.100000000000023
16.3952299805 -11.000000000000000
16.5621479492 -11.500000000000000
16.728717041 -11.000000000000000
16.8622712402 -11.600000000000023
17.0288674316 -10.899999999999977
17.1641784668 -11.299999999999955
17.328376709 -10.899999999999977
17.4617966309 -10.600000000000023
17.6282678223 -9.700000000000045
17.794871582 -9.299999999999955
17.9282089844 -9.700000000000045
18.0948378906 -8.600000000000023
18.2614313965 -8.200000000000045
18.39540625 -8.100000000000023
18.5613410645 -7.700000000000045
18.6950102539 -7.399999999999977
18.8614099121 -6.600000000000023
19.028220459 -5.899999999999977
19.1610795898 -5.500000000000000
19.3283144531 -5.500000000000000
19.4611003418 -5.299999999999955
19.6276342773 -4.500000000000000
19.7943391113 -4.600000000000023
19.9280615234 -2.500000000000000
20.09546875 -2.100000000000023
20.2275512695 -2.100000000000023
20.3942521973 -1.500000000000000
20.560842041 -1.100000000000023
20.6940686035 -0.399999999999977
20.8609428711 -0.600000000000023
20.994019043 -0.200000000000045
21.1605859375 -0.200000000000045
21.3272568359 0.399999999999977
21.4606491699 -0.299999999999955
21.6271672363 -0.299999999999955
21.7604858398 -0.200000000000045
21.927361084 0.200000000000045
22.0603435059 -0.100000000000023
22.2272402344 0.000000000000000
22.3938039551 0.399999999999977
22.5273430176 0.299999999999955
22.6938808594 0.200000000000045
22.8273388672 0.799999999999955
22.9935986328 -0.500000000000000
23.1600083008 -0.799999999999955
23.2934030762 -0.200000000000045
23.4599450684 -0.799999999999955
23.5934814453 -0.100000000000023
23.7603662109 0.100000000000023
23.9268056641 -0.299999999999955
24.0601918945 -0.600000000000023
24.2266574707 -0.200000000000045
24.3604448242 -0.500000000000000
24.5262800293 -0.700000000000045
24.6928952637 -0.500000000000000
24.8264680176 -0.799999999999955
24.9933095703 -0.299999999999955
25.1263322754 -0.100000000000023
25.293375 -0.100000000000023
25.4593103027 -1.000000000000000
25.5933146973 -0.700000000000045
25.759447998 -0.700000000000045
25.8933679199 -0.500000000000000
26.0595703125 -0.700000000000045
