0.0 -1.000000000000000
0.0668251953 -1.100000000000023
0.1337944336 -1.399999999999977
0.1669943848 -1.299999999999955
0.233345459 -0.899999999999977
0.3007077637 -1.100000000000023
0.3335415039 -1.500000000000000
0.3999082031 -1.100000000000023
0.4330915527 -1.100000000000023
0.499828125 -0.100000000000023
0.5334067383 -0.200000000000045
0.6004782715 0.000000000000000
0.6668022461 -0.299999999999955
0.7001196289 0.000000000000000
0.7670422363 0.000000000000000
0.8332202148 -0.200000000000045
0.8664941406 0.100000000000023
0.9337368164 0.200000000000045
0.9663596191 0.100000000000023
1.033059082 0.200000000000045
1.0997058105 0.200000000000045
1.1331774902 0.100000000000023
1.1997038574 -0.200000000000045
1.2332683105 0.200000000000045
1.3001882324 0.000000000000000
1.366355957 -0.299999999999955
1.3996047363 -0.200000000000045
1.4663439941 -0.100000000000023
1.5329106445 0.000000000000000
1.5666503906 0.299999999999955
1.6333330078 0.399999999999977
1.6664648438 -0.100000000000023
1.7327526855 -0.100000000000023
1.7998295898 -0.100000000000023
1.8328371582 0.100000000000023
1.8996357422 0.200000000000045
1.9327563477 0.200000000000045
1.999644043 0.100000000000023
2.0331914062 0.299999999999955
2.0996350098 0.000000000000000
2.1660183105 -0.700000000000045
2.2327346191 -0.700000000000045
2.2659399414 -0.700000000000045
2.3327651367 -1.200000000000045
2.3658740234 -0.799999999999955
2.4331022949 -0.700000000000045
2.4662438965 -0.899999999999977
2.5331755371 -0.700000000000045
2.5995400391 -0.799999999999955
2.6330444336 -0.899999999999977
2.6994592285 0.000000000000000
2.7658984375 0.399999999999977
2.7995871582 -0.100000000000023
2.8661547852 0.000000000000000
2.8994987793 -0.200000000000045
2.9660395508 0.100000000000023
3.0327080078 -0.100000000000023
3.0665578613 -0.399999999999977
3.1324855957 -0.299999999999955
3.1990964355 -0.500000000000000
3.2327856445 -0.399999999999977
3.2991660156 -0.299999999999955
3.3658461914 -0.100000000000023
3.4323654785 -0.399999999999977
3.4659445801 -0.700000000000045
3.5324143066 -0.200000000000045
3.5992770996 -0.200000000000045
3.6325732422 -0.500000000000000
3.6997446289 0.000000000000000
3.732892334 0.000000000000000
3.7990881348 -0.299999999999955
3.8656022949 -0.200000000000045
3.8992126465 -0.200000000000045
3.9655881348 0.000000000000000
4.0325864258 -0.200000000000045
4.0658640137 0.200000000000045
4.1324072266 0.000000000000000
4.1682851562 -0.200000000000045
4.2322402344 0.000000000000000
4.2991015625 -0.299999999999955
4.3324311523 0.000000000000000
4.3988334961 -0.299999999999955
4.4321638184 0.200000000000045
4.4985986328 -0.500000000000000
4.5656455078 0.100000000000023
4.599284668 -0.299999999999955
4.6654758301 -0.600000000000023
4.7319580078 -0.600000000000023
4.7658442383 -0.500000000000000
4.8329777832 -0.399999999999977
4.865973877 -0.500000000000000
4.9324492188 -0.600000000000023
4.9990444336 -0.500000000000000
5.0325146484 -0.200000000000045
5.0986967773 -0.399999999999977
5.1322390137 -0.600000000000023
5.1987614746 -0.500000000000000
5.2652177734 -0.399999999999977
5.2989846191 -0.399999999999977
5.3656894531 -0.500000000000000
5.3990646973 -0.899999999999977
5.4652038574 -0.700000000000045
5.531958252 -0.200000000000045
5.5653469238 -0.600000000000023
5.6318066406 -0.600000000000023
5.6652685547 -0.299999999999955
5.731814209 -0.399999999999977
5.7988010254 -0.799999999999955
5.8318518066 -0.799999999999955
5.8984279785 -0.299999999999955
5.9318552246 -0.500000000000000
5.998355957 -0.299999999999955
6.0653098145 -0.200000000000045
6.0985722656 -0.500000000000000
6.164878418 -0.500000000000000
6.1983364258 -0.299999999999955
6.2988630371 -0.299999999999955
6.3329460449 -0.500000000000000
6.3986347656 -0.500000000000000
6.46490625 -0.500000000000000
6.4981228027 -0.899999999999977
6.5648076172 -0.600000000000023
6.6313742676 -0.100000000000023
6.6651362305 -0.500000000000000
6.7325158691 -0.600000000000023
6.7655483398 0.000000000000000
6.8313598633 -0.200000000000045
6.8653674316 -0.600000000000023
6.9314746094 -0.700000000000045
6.9983774414 -0.500000000000000
7.0316572266 -0.399999999999977
7.0981040039 -0.200000000000045
7.1317106934 -0.500000000000000
7.1985947266 -0.899999999999977
7.2650551758 -1.100000000000023
7.2987175293 -1.000000000000000
7.3647321777 -1.299999999999955
7.3984404297 -1.700000000000045
7.4649987793 -1.399999999999977
7.5311838379 -1.899999999999977
7.5645544434 -1.700000000000045
7.6313044434 -2.100000000000023
7.6648166504 -2.299999999999955
7.7311655273 -2.899999999999977
7.7984470215 -2.600000000000023
7.8313840332 -2.700000000000045
7.8980114746 -3.000000000000000
7.9314968262 -3.000000000000000
7.9977810059 -3.299999999999955
8.064503418 -3.600000000000023
8.0977358398 -3.500000000000000
8.1646313477 -3.100000000000023
8.2316894531 -3.700000000000045
8.2977368164 -4.000000000000000
8.3315046387 -4.000000000000000
8.3981081543 -4.700000000000045
8.4316154785 -4.399999999999977
8.4976242676 -4.299999999999955
8.5655373535 -4.399999999999977
8.6308840332 -4.899999999999977
8.6648278809 -4.700000000000045
8.7311394043 -4.899999999999977
8.7977890625 -5.200000000000045
8.8307297363 -5.700000000000045
8.8974819336 -5.600000000000023
8.9309160156 -5.799999999999955
8.9976755371 -6.399999999999977
9.0652099609 -6.200000000000045
9.1311386719 -6.399999999999977
9.197498291 -6.000000000000000
9.2310302734 -6.500000000000000
9.2975998535 -6.399999999999977
9.331104248 -7.000000000000000
9.3976474609 -7.100000000000023
9.4643959961 -6.700000000000045
9.4973518066 -6.700000000000045
9.5642922363 -7.299999999999955
9.5977312012 -7.299999999999955
9.6640908203 -7.500000000000000
9.7307734375 -8.100000000000023
9.7643486328 -8.500000000000000
9.8308054199 -8.399999999999977
9.8641772461 -8.600000000000023
9.9309194336 -8.500000000000000
9.9647419434 -8.500000000000000
10.0308308105 -8.700000000000045
10.0970942383 -8.899999999999977
10.1306052246 -9.200000000000045
10.1972888184 -9.299999999999955
10.2309187012 -9.200000000000045
10.2971447754 -9.200000000000045
10.3636918945 -9.600000000000023
10.397579834 -9.799999999999955
10.4644274902 -10.100000000000023
10.4976611328 -9.799999999999955
10.5637895508 -10.200000000000045
10.6303391113 -10.100000000000023
10.6636782227 -10.299999999999955
10.7302939453 -10.799999999999955
10.7969282227 -10.899999999999977
10.8306535645 -10.600000000000023
10.8969030762 -11.100000000000023
10.9636647949 -10.899999999999977
10.9971760254 -11.600000000000023
11.0638723145 -11.399999999999977
11.1301530762 -11.200000000000045
11.1635144043 -11.399999999999977
11.2305234375 -11.100000000000023
11.2636516113 -11.399999999999977
11.3303554687 -11.200000000000045
11.3643066406 -11.200000000000045
11.4301022949 -11.299999999999955
11.4967023926 -11.000000000000000
11.5304050293 -10.799999999999955
11.596826416 -11.299999999999955
11.6302766113 -11.000000000000000
11.6967033691 -11.200000000000045
11.7638522949 -11.100000000000023
11.7971643066 -11.100000000000023
11.8632363281 -11.200000000000045
11.8969887695 -11.100000000000023
11.9634970703 -11.000000000000000
11.9974846191 -11.299999999999955
12.0635842285 -11.399999999999977
12.1300842285 -11.000000000000000
12.1632312012 -11.000000000000000
12.2302526855 -11.399999999999977
12.2967109375 -11.500000000000000
12.330458252 -11.399999999999977
12.3968259277 -11.600000000000023
12.4633198242 -11.600000000000023
12.5298034668 -11.600000000000023
12.5632197266 -11.500000000000000
12.6299831543 -11.200000000000045
12.6631318359 -11.299999999999955
12.7297375488 -11.200000000000045
12.7966411133 -11.600000000000023
12.8297290039 -11.399999999999977
12.8964162598 -11.299999999999955
12.9296586914 -11.500000000000000
12.9963740234 -11.200000000000045
13.0305732422 -11.399999999999977
13.096515625 -11.100000000000023
13.162989502 -11.200000000000045
13.1966474609 -11.100000000000023
13.2629343262 -10.600000000000023
13.2963303223 -10.500000000000000
13.3633046875 -10.899999999999977
13.4298271484 -10.399999999999977
13.4631782227 -10.500000000000000
13.5298027344 -11.299999999999955
13.5631491699 -10.600000000000023
13.6298525391 -10.799999999999955
13.6633117676 -11.000000000000000
13.7295244141 -11.200000000000045
13.7961816406 -11.600000000000023
13.8298430176 -10.899999999999977
13.8960854492 -11.000000000000000
13.9299382324 -11.299999999999955
13.9963835449 -11.299999999999955
14.0629619141 -11.000000000000000
14.0961831055 -11.000000000000000
14.1630090332 -11.399999999999977
14.1961772461 -11.500000000000000
14.2628959961 -11.600000000000023
14.329253418 -11.500000000000000
14.3630646973 -11.000000000000000
14.4295583496 -11.200000000000045
14.4959519043 -11.100000000000023
14.5295439453 -11.399999999999977
14.5633171387 -11.100000000000023
14.6295170898 -11.399999999999977
14.6960429687 -11.100000000000023
14.7295144043 -11.000000000000000
14.7958696289 -11.000000000000000
14.8293830566 -11.100000000000023
14.8964213867 -10.899999999999977
14.962605957 -10.799999999999955
14.9957512207 -10.799999999999955
15.0631816406 -10.500000000000000
15.129310791 -11.100000000000023
15.2293730469 -11.899999999999977
15.2626606445 -11.899999999999977
15.3292243652 -11.299999999999955
15.3625046387 -11.500000000000000
15.4292390137 -11.500000000000000
15.4631455078 -11.399999999999977
15.5296394043 -11.799999999999955
15.5957202148 -11.500000000000000
15.6292180176 -11.100000000000023
15.6960671387 -11.399999999999977
15.7623383789 -11.100000000000023
15.7959362793 -11.100000000000023
15.8623508301 -11.600000000000023
15.8958183594 -11.000000000000000
15.9626867676 -11.200000000000045
16.0287590332 -11.000000000000000
16.062302002 -11.299999999999955
16.1621887207 -10.500000000000000
16.1956560059 -11.100000000000023
16.2623662109 -11.000000000000000
16.2954794922 -10.700000000000045
16.3623518066 -10.799999999999955
16.4288366699 -10.500000000000000
16.4622763672 -10.899999999999977
16.5290144043 -10.500000000000000
16.5956428223 -10.399999999999977
16.6293132324 -10.100000000000023
16.6956491699 -9.899999999999977
16.761998291 -9.299999999999955
16.795458252 -9.500000000000000
16.864887207 -9.200000000000045
16.8954304199 -9.000000000000000
16.9623354492 -8.799999999999955
17.0286555176 -9.000000000000000
17.0624279785 -8.500000000000000
17.1287355957 -8.600000000000023
17.1623195801 -8.299999999999955
17.2291052246 -8.700000000000045
17.295390625 -8.500000000000000
17.3286679688 -8.200000000000045
17.3960939941 -8.500000000000000
17.4621777344 -8.399999999999977
17.5284523926 -8.100000000000023
17.5623032227 -6.799999999999955
17.6283405762 -6.600000000000023
17.6622915039 -6.600000000000023
17.7291589355 -6.299999999999955
17.7951655273 -6.100000000000023
17.828703125 -6.200000000000045
17.8953320312 -5.500000000000000
17.928513916 -5.700000000000045
17.9950002441 -5.100000000000023
18.0287258301 -5.500000000000000
18.0959655762 -5.600000000000023
18.1618762207 -5.100000000000023
18.1951967773 -5.100000000000023
18.2616499023 -4.299999999999955
18.2951306152 -4.500000000000000
18.3614475098 -4.200000000000045
18.3953334961 -4.000000000000000
18.4617102051 -4.500000000000000
18.5286936035 -3.700000000000045
18.562088623 -3.899999999999977
18.6283742676 -3.500000000000000
18.6977431641 -3.200000000000045
18.728359375 -3.700000000000045
18.7950375977 -3.500000000000000
18.828612793 -3.399999999999977
18.8947607422 -3.000000000000000
18.9282307129 -3.200000000000045
18.9948623047 -2.899999999999977
19.0614057617 -2.700000000000045
19.0948830566 -2.899999999999977
19.161239502 -2.500000000000000
19.1946794434 -2.500000000000000
19.2614335937 -2.000000000000000
19.3281860352 -2.000000000000000
19.3613330078 -1.600000000000023
19.4278439941 -1.500000000000000
19.4617250977 -1.899999999999977
19.5281247559 -1.200000000000045
19.5947524414 -1.500000000000000
19.6280778809 -0.899999999999977
19.6944267578 -0.700000000000045
19.7281074219 -0.899999999999977
19.7944667969 -0.399999999999977
19.8611660156 -0.299999999999955
19.8947167969 -0.200000000000045
19.9615178223 -0.200000000000045
19.9945952148 -0.399999999999977
20.0614846191 -0.200000000000045
20.0948371582 -0.399999999999977
20.1613022461 -0.399999999999977
20.2280864258 -0.700000000000045
20.2614448242 -0.799999999999955
20.3275898438 -0.500000000000000
20.3610739746 -0.700000000000045
20.4277058105 -0.399999999999977
20.4614648438 -0.799999999999955
20.5275671387 -0.100000000000023
20.5947595215 -0.200000000000045
20.6286601562 -0.700000000000045
20.6945927734 -0.600000000000023
20.7611938477 -0.500000000000000
20.827564209 -0.700000000000045
20.8614160156 -0.899999999999977
20.9281228027 -0.600000000000023
20.9945554199 -0.799999999999955
21.0608972168 -0.899999999999977
21.0944912109 -0.500000000000000
21.1607578125 -0.500000000000000
21.1944160156 -0.500000000000000
21.2606970215 -0.500000000000000
21.2941494141 -1.000000000000000
21.3609868164 -0.200000000000045
21.4276411133 -0.700000000000045
21.4608752441 -0.899999999999977
21.5278522949 -0.500000000000000
21.5938796387 -0.799999999999955
21.6277668457 -0.500000000000000
21.6941123047 -0.600000000000023
21.7609150391 -0.500000000000000
21.8275078125 -0.500000000000000
21.8608530273 -0.700000000000045
21.927142334 -0.899999999999977
21.9612375488 -0.899999999999977
22.0275778809 -0.600000000000023
22.0945895996 -0.700000000000045
22.1271362305 -1.000000000000000
22.1941635742 -0.799999999999955
22.2272438965 -1.000000000000000
22.2941098633 -0.299999999999955
22.3607524414 -0.500000000000000
22.3942875977 -0.799999999999955
22.4603044434 -0.899999999999977
22.5276538086 -0.799999999999955
22.5607194824 -0.700000000000045
22.6276958008 -0.500000000000000
22.6940031738 -0.299999999999955
22.727248291 -0.799999999999955
22.7939118652 -0.100000000000023
22.8270666504 -0.399999999999977
22.8935998535 -0.200000000000045
22.9609821777 0.200000000000045
22.9939863281 -0.700000000000045
23.0605383301 -0.600000000000023
23.0940507813 -0.399999999999977
23.1605126953 -0.399999999999977
23.2272939453 -0.500000000000000
23.2604042969 -0.600000000000023
23.3270378418 -0.299999999999955
23.3604868164 -0.299999999999955
23.4267294922 -0.100000000000023
23.4933195801 -0.100000000000023
23.527269043 -0.100000000000023
23.5938928223 0.000000000000000
23.6602810059 -0.399999999999977
23.6935678711 -0.500000000000000
23.7600263672 -0.600000000000023
23.7937487793 -0.399999999999977
23.8602114258 -0.500000000000000
23.9267800293 -0.500000000000000
23.959890625 -0.299999999999955
24.0599631348 -0.600000000000023
24.0936081543 -0.600000000000023
24.1601494141 -0.600000000000023
24.1933991699 -0.399999999999977
24.2601513672 -0.399999999999977
24.3266723633 -0.399999999999977
24.3600429688 -0.399999999999977
24.426652832 -0.299999999999955
24.4598762207 -0.799999999999955
24.5266174316 -0.600000000000023
24.593144043 -0.799999999999955
24.6266962891 -0.399999999999977
24.6929890137 -0.200000000000045
24.7268166504 -0.500000000000000
24.793378418 -0.799999999999955
24.8268422852 -1.100000000000023
24.8931223145 -0.700000000000045
24.9599562988 -0.500000000000000
24.9973251953 -0.799999999999955
25.0597927246 -1.100000000000023
25.0933007813 -0.500000000000000
25.1599177246 -1.100000000000023
25.2263830566 -1.200000000000045
25.293277832 -0.100000000000023
25.3264907227 -0.600000000000023
25.3930739746 -0.700000000000045
25.4268342285 -0.399999999999977
25.4928798828 -0.200000000000045
25.5266162109 -0.299999999999955
