0.0 0.0 0.0 0.0 0.0 0.0 0.0
0.2 0.0 -1.503 0.0 0.0 0.0 0.0
0.4 0.0 -3.006 0.0 0.0 0.0 0.0
0.6 0.0 -3.006 0.0 0.0 0.0 0.0
0.8 0.0 -2.5107 0.0 0.0 0.0 0.0
1.0 0.0 -1.2932 0.0 0.0 0.0 0.0
1.2 0.0 -0.494 0.0 0.0 0.0 0.0
1.4 0.0 -0.2165 0.0 0.0 0.0 0.0
1.6 0.0 0.2083 0.0 0.0 0.0 0.0
1.8 0.0 1.0712 0.0 0.0 0.0 0.0
2.0 0.0 1.8474 0.0 0.0 0.0 0.0
2.2 0.0 3.0689 0.0 0.0 0.0 0.0
2.4 0.0 3.6229 0.0 0.0 0.0 0.0
2.6 0.0 4.1019 0.0 0.0 0.0 0.0
2.8 0.0 4.5332 0.0 0.0 0.0 0.0
3.0 0.0 4.5332 0.0 0.0 0.0 0.0
3.2 0.0 4.287 0.0 0.0 0.0 0.0
3.4 0.0 3.1536 0.0 0.0 0.0 0.0
3.6 0.0 1.3087 0.0 0.0 0.0 0.0
3.8 0.0 -0.0486 0.0 0.0 0.0 0.0
4.0 0.0 -1.4643 0.0 0.0 0.0 0.0
4.2 0.0 -3.674 0.0 0.0 0.0 0.0
4.4 0.0 -5.6467 0.0 0.0 0.0 0.0
4.6 0.0 -5.6467 0.0 0.0 0.0 0.0
4.8 0.0 -4.2818 0.0 0.0 0.0 0.0
5.0 0.0 -1.7543 0.0 0.0 0.0 0.0
5.2 0.0 -0.654 0.0 0.0 0.0 0.0
5.4 0.0 0.2403 0.0 0.0 0.0 0.0
5.6 0.0 0.9947 0.0 0.0 0.0 0.0
5.8 0.0 1.6646 0.0 0.0 0.0 0.0
6.0 0.0 3.0409 0.0 0.0 0.0 0.0
6.2 0.0 3.5179 0.0 0.0 0.0 0.0
6.4 0.0 3.9477 0.0 0.0 0.0 0.0
6.6 0.0 4.2076 0.0 0.0 0.0 0.0
6.8 0.0 4.2076 0.0 0.0 0.0 0.0
7.0 0.0 3.5972 0.0 0.0 0.0 0.0
7.2 0.0 1.6879 0.0 0.0 0.0 0.0
7.4 0.0 -0.2895 0.0 0.0 0.0 0.0
7.6 0.0 -2.3444 0.0 0.0 0.0 0.0
7.8 0.0 -4.5988 0.0 0.0 0.0 0.0
8.0 0.0 -6.0851 0.0 0.0 0.0 0.0
8.2 0.0 -7.6863 0.0 0.0 0.0 0.0
8.4 0.0 -7.7475 0.0 0.0 0.0 0.0
8.6 0.0 -9.1419 0.0 0.0 0.0 0.0
8.8 0.0 -9.1419 0.0 0.0 0.0 0.0
9.0 0.0 -8.1523 0.0 0.0 0.0 0.0
9.2 0.0 -5.9352 0.0 0.0 0.0 0.0
9.4 0.0 -2.2956 0.0 0.0 0.0 0.0
9.6 0.0 0.2815 0.0 0.0 0.0 0.0
9.8 0.0 2.1148 0.0 0.0 0.0 0.0
10.0 0.0 3.5122 0.0 0.0 0.0 0.0
10.2 0.0 3.7823 0.0 0.0 0.0 0.0
10.4 0.0 3.7823 0.0 0.0 0.0 0.0
10.6 0.0 3.0085 0.0 0.0 0.0 0.0
10.8 0.0 1.0486 0.0 0.0 0.0 0.0
11.0 0.0 -1.0915 0.0 0.0 0.0 0.0
11.2 0.0 -3.1828 0.0 0.0 0.0 0.0
11.4 0.0 -6.2537 0.0 0.0 0.0 0.0
11.6 0.0 -10.419 0.0 0.0 0.0 0.0
11.8 0.0 -10.419 0.0 0.0 0.0 0.0
12.0 0.0 -9.4197 0.0 0.0 0.0 0.0
12.2 0.0 -6.6239 0.0 0.0 0.0 0.0
12.4 0.0 -4.0048 0.0 0.0 0.0 0.0
12.6 0.0 -1.7139 0.0 0.0 0.0 0.0
12.8 0.0 -0.0833 0.0 0.0 0.0 0.0
13.0 0.0 1.6709 0.0 0.0 0.0 0.0
13.2 0.0 2.5638 0.0 0.0 0.0 0.0
13.4 0.0 3.1505 0.0 0.0 0.0 0.0
13.6 0.0 3.7017 0.0 0.0 0.0 0.0
13.8 0.0 4.0418 0.0 0.0 0.0 0.0
14.0 0.0 4.6455 0.0 0.0 0.0 0.0
14.2 0.0 4.6455 0.0 0.0 0.0 0.0
14.4 0.0 4.2481 0.0 0.0 0.0 0.0
14.6 0.0 2.3933 0.0 0.0 0.0 0.0
14.8 0.0 0.2838 0.0 0.0 0.0 0.0
15.0 0.0 -1.8837 0.0 0.0 0.0 0.0
15.2 0.0 -4.1641 0.0 0.0 0.0 0.0
15.4 0.0 -6.6935 0.0 0.0 0.0 0.0
15.6 0.0 -8.7107 0.0 0.0 0.0 0.0
15.8 0.0 -8.7107 0.0 0.0 0.0 0.0
16.0 0.0 -6.7215 0.0 0.0 0.0 0.0
16.2 0.0 -3.7015 0.0 0.0 0.0 0.0
16.4 0.0 -1.5981 0.0 0.0 0.0 0.0
16.6 0.0 -0.2958 0.0 0.0 0.0 0.0
16.8 0.0 0.8243 0.0 0.0 0.0 0.0
17.0 0.0 1.7393 0.0 0.0 0.0 0.0
17.2 0.0 2.9817 0.0 0.0 0.0 0.0
17.4 0.0 3.4886 0.0 0.0 0.0 0.0
17.6 0.0 3.71 0.0 0.0 0.0 0.0
17.8 0.0 4.016 0.0 0.0 0.0 0.0
18.0 0.0 4.2846 0.0 0.0 0.0 0.0
18.2 0.0 4.2846 0.0 0.0 0.0 0.0
18.4 0.0 3.7272 0.0 0.0 0.0 0.0
18.6 0.0 1.5815 0.0 0.0 0.0 0.0
18.8 0.0 -0.998 0.0 0.0 0.0 0.0
19.0 0.0 -4.0836 0.0 0.0 0.0 0.0
19.2 0.0 -7.0741 0.0 0.0 0.0 0.0
19.4 0.0 -9.4783 0.0 0.0 0.0 0.0
19.6 0.0 -12.1944 0.0 0.0 0.0 0.0
19.8 0.0 -12.1944 0.0 0.0 0.0 0.0
20.0 0.0 -11.4902 0.0 0.0 0.0 0.0
20.2 0.0 -7.3243 0.0 0.0 0.0 0.0
20.4 0.0 -3.0043 0.0 0.0 0.0 0.0
20.6 0.0 -0.1055 0.0 0.0 0.0 0.0
20.8 0.0 1.3436 0.0 0.0 0.0 0.0
21.0 0.0 2.3554 0.0 0.0 0.0 0.0
21.2 0.0 3.142 0.0 0.0 0.0 0.0
21.4 0.0 4.1274 0.0 0.0 0.0 0.0
21.6 0.0 4.7878 0.0 0.0 0.0 0.0
21.8 0.0 4.8858 0.0 0.0 0.0 0.0
22.0 0.0 4.972 0.0 0.0 0.0 0.0
22.2 0.0 4.972 0.0 0.0 0.0 0.0
22.4 0.0 4.2868 0.0 0.0 0.0 0.0
22.6 0.0 2.5247 0.0 0.0 0.0 0.0
22.8 0.0 -0.2023 0.0 0.0 0.0 0.0
23.0 0.0 -2.9946 0.0 0.0 0.0 0.0
23.2 0.0 -6.3464 0.0 0.0 0.0 0.0
23.4 0.0 -8.8281 0.0 0.0 0.0 0.0
23.6 0.0 -9.2459 0.0 0.0 0.0 0.0
23.8 0.0 -9.2459 0.0 0.0 0.0 0.0
24.0 0.0 -7.247 0.0 0.0 0.0 0.0
24.2 0.0 -4.4797 0.0 0.0 0.0 0.0
24.4 0.0 -1.783 0.0 0.0 0.0 0.0
24.6 0.0 0.1649 0.0 0.0 0.0 0.0
24.8 0.0 0.9256 0.0 0.0 0.0 0.0
25.0 0.0 1.3973 0.0 0.0 0.0 0.0
25.2 0.0 1.7821 0.0 0.0 0.0 0.0
25.4 0.0 2.6536 0.0 0.0 0.0 0.0
25.6 0.0 3.1156 0.0 0.0 0.0 0.0
25.8 0.0 3.3291 0.0 0.0 0.0 0.0
26.0 0.0 3.5274 0.0 0.0 0.0 0.0
26.2 0.0 3.5293 0.0 0.0 0.0 0.0
26.4 0.0 4.1459 0.0 0.0 0.0 0.0
26.6 0.0 4.7096 0.0 0.0 0.0 0.0
26.8 0.0 4.7096 0.0 0.0 0.0 0.0
27.0 0.0 4.6762 0.0 0.0 0.0 0.0
27.2 0.0 3.8589 0.0 0.0 0.0 0.0
27.4 0.0 2.2352 0.0 0.0 0.0 0.0
27.6 0.0 0.8753 0.0 0.0 0.0 0.0
27.8 0.0 -0.771 0.0 0.0 0.0 0.0
28.0 0.0 -3.4217 0.0 0.0 0.0 0.0
28.2 0.0 -4.205 0.0 0.0 0.0 0.0
28.4 0.0 -4.205 0.0 0.0 0.0 0.0
28.6 0.0 -1.6556 0.0 0.0 0.0 0.0
28.8 0.0 0.2841 0.0 0.0 0.0 0.0
29.0 0.0 1.2675 0.0 0.0 0.0 0.0
29.2 0.0 1.8181 0.0 0.0 0.0 0.0
29.4 0.0 1.931 0.0 0.0 0.0 0.0
29.6 0.0 2.0439 0.0 0.0 0.0 0.0
29.8 0.0 2.9544 0.0 0.0 0.0 0.0
30.0 0.0 3.9778 0.0 0.0 0.0 0.0
30.2 0.0 4.3316 0.0 0.0 0.0 0.0
30.4 0.0 4.6006 0.0 0.0 0.0 0.0
30.6 0.0 4.8168 0.0 0.0 0.0 0.0
30.8 0.0 5.056 0.0 0.0 0.0 0.0
31.0 0.0 5.2855 0.0 0.0 0.0 0.0
31.2 0.0 5.2984 0.0 0.0 0.0 0.0
31.4 0.0 5.3735 0.0 0.0 0.0 0.0
31.6 0.0 5.3735 0.0 0.0 0.0 0.0
31.8 0.0 5.1058 0.0 0.0 0.0 0.0
32.0 0.0 4.4445 0.0 0.0 0.0 0.0
32.2 0.0 2.4552 0.0 0.0 0.0 0.0
32.4 0.0 -0.0165 0.0 0.0 0.0 0.0
32.6 0.0 -2.9554 0.0 0.0 0.0 0.0
32.8 0.0 -5.9895 0.0 0.0 0.0 0.0
33.0 0.0 -8.8691 0.0 0.0 0.0 0.0
33.2 0.0 -9.8899 0.0 0.0 0.0 0.0
33.4 0.0 -9.8899 0.0 0.0 0.0 0.0
33.6 0.0 -8.9039 0.0 0.0 0.0 0.0
33.8 0.0 -6.5975 0.0 0.0 0.0 0.0
34.0 0.0 -0.4458 0.0 0.0 0.0 0.0
34.2 0.0 0.4777 0.0 0.0 0.0 0.0
34.4 0.0 1.0413 0.0 0.0 0.0 0.0
34.6 0.0 1.8002 0.0 0.0 0.0 0.0
34.8 0.0 3.9799 0.0 0.0 0.0 0.0
35.0 0.0 4.8941 0.0 0.0 0.0 0.0
35.2 0.0 5.9987 0.0 0.0 0.0 0.0
35.4 0.0 6.5047 0.0 0.0 0.0 0.0
35.6 0.0 7.0153 0.0 0.0 0.0 0.0
35.8 0.0 7.6771 0.0 0.0 0.0 0.0
36.0 0.0 7.9322 0.0 0.0 0.0 0.0
36.2 0.0 7.9546 0.0 0.0 0.0 0.0
36.4 0.0 7.9927 0.0 0.0 0.0 0.0
36.6 0.0 8.0238 0.0 0.0 0.0 0.0
36.8 0.0 8.1119 0.0 0.0 0.0 0.0
37.0 0.0 8.1119 0.0 0.0 0.0 0.0
37.2 0.0 7.0283 0.0 0.0 0.0 0.0
37.4 0.0 5.9413 0.0 0.0 0.0 0.0
37.6 0.0 4.9007 0.0 0.0 0.0 0.0
37.8 0.0 3.4594 0.0 0.0 0.0 0.0
38.0 0.0 2.4897 0.0 0.0 0.0 0.0
38.2 0.0 1.5249 0.0 0.0 0.0 0.0
38.4 0.0 1.5249 0.0 0.0 0.0 0.0
38.6 0.0 2.7473 0.0 0.0 0.0 0.0
38.8 0.0 4.1649 0.0 0.0 0.0 0.0
39.0 0.0 6.1984 0.0 0.0 0.0 0.0
39.2 0.0 6.6773 0.0 0.0 0.0 0.0
39.4 0.0 7.1213 0.0 0.0 0.0 0.0
39.6 0.0 7.1237 0.0 0.0 0.0 0.0
39.8 0.0 7.3081 0.0 0.0 0.0 0.0
40.0 0.0 7.4348 0.0 0.0 0.0 0.0
40.2 0.0 7.5234 0.0 0.0 0.0 0.0
40.4 0.0 8.0718 0.0 0.0 0.0 0.0
40.6 0.0 8.0718 0.0 0.0 0.0 0.0
40.8 0.0 8.0714 0.0 0.0 0.0 0.0
41.0 0.0 8.0714 0.0 0.0 0.0 0.0
41.2 0.0 8.063 0.0 0.0 0.0 0.0
41.4 0.0 8.063 0.0 0.0 0.0 0.0
41.6 0.0 7.2597 0.0 0.0 0.0 0.0
41.8 0.0 5.9757 0.0 0.0 0.0 0.0
42.0 0.0 4.498 0.0 0.0 0.0 0.0
42.2 0.0 2.9325 0.0 0.0 0.0 0.0
42.4 0.0 2.0549 0.0 0.0 0.0 0.0
42.6 0.0 2.0549 0.0 0.0 0.0 0.0
42.8 0.0 2.9773 0.0 0.0 0.0 0.0
43.0 0.0 4.4009 0.0 0.0 0.0 0.0
43.2 0.0 5.479 0.0 0.0 0.0 0.0
43.4 0.0 6.4824 0.0 0.0 0.0 0.0
43.6 0.0 7.2086 0.0 0.0 0.0 0.0
43.8 0.0 7.447 0.0 0.0 0.0 0.0
44.0 0.0 7.6656 0.0 0.0 0.0 0.0
44.2 0.0 7.7328 0.0 0.0 0.0 0.0
44.4 0.0 7.7989 0.0 0.0 0.0 0.0
44.6 0.0 8.2227 0.0 0.0 0.0 0.0
44.8 0.0 8.2227 0.0 0.0 0.0 0.0
45.0 0.0 8.1572 0.0 0.0 0.0 0.0
45.2 0.0 8.1572 0.0 0.0 0.0 0.0
45.4 0.0 8.2029 0.0 0.0 0.0 0.0
45.6 0.0 8.2029 0.0 0.0 0.0 0.0
45.8 0.0 8.0223 0.0 0.0 0.0 0.0
46.0 0.0 7.0066 0.0 0.0 0.0 0.0
46.2 0.0 5.9748 0.0 0.0 0.0 0.0
46.4 0.0 4.4225 0.0 0.0 0.0 0.0
46.6 0.0 2.9702 0.0 0.0 0.0 0.0
46.8 0.0 2.1061 0.0 0.0 0.0 0.0
47.0 0.0 2.1061 0.0 0.0 0.0 0.0
47.2 0.0 2.6497 0.0 0.0 0.0 0.0
47.4 0.0 4.2547 0.0 0.0 0.0 0.0
47.6 0.0 5.9384 0.0 0.0 0.0 0.0
47.8 0.0 7.2077 0.0 0.0 0.0 0.0
48.0 0.0 7.7685 0.0 0.0 0.0 0.0
48.2 0.0 7.9668 0.0 0.0 0.0 0.0
48.4 0.0 8.1545 0.0 0.0 0.0 0.0
48.6 0.0 8.1554 0.0 0.0 0.0 0.0
48.8 0.0 8.2418 0.0 0.0 0.0 0.0
49.0 0.0 8.3445 0.0 0.0 0.0 0.0
49.2 0.0 8.3445 0.0 0.0 0.0 0.0
49.4 0.0 8.1116 0.0 0.0 0.0 0.0
49.6 0.0 7.3735 0.0 0.0 0.0 0.0
49.8 0.0 6.3007 0.0 0.0 0.0 0.0
50.0 0.0 5.299 0.0 0.0 0.0 0.0
50.2 0.0 3.8234 0.0 0.0 0.0 0.0
50.4 0.0 2.2257 0.0 0.0 0.0 0.0
50.6 0.0 0.8818 0.0 0.0 0.0 0.0
50.8 0.0 0.0799 0.0 0.0 0.0 0.0
51.0 0.0 0.0799 0.0 0.0 0.0 0.0
51.2 0.0 2.3317 0.0 0.0 0.0 0.0
51.4 0.0 3.2916 0.0 0.0 0.0 0.0
51.6 0.0 4.2413 0.0 0.0 0.0 0.0
51.8 0.0 4.8107 0.0 0.0 0.0 0.0
52.0 0.0 5.0632 0.0 0.0 0.0 0.0
52.2 0.0 5.2274 0.0 0.0 0.0 0.0
52.4 0.0 5.6203 0.0 0.0 0.0 0.0
52.6 0.0 5.6501 0.0 0.0 0.0 0.0
52.8 0.0 5.6501 0.0 0.0 0.0 0.0
53.0 0.0 -0.6688 0.0 0.0 0.0 0.0
53.2 0.0 -0.918 0.0 0.0 0.0 0.0
53.4 0.0 -0.918 0.0 0.0 0.0 0.0
53.6 0.0 0.6288 0.0 0.0 0.0 0.0
53.8 0.0 1.6731 0.0 0.0 0.0 0.0
54.0 0.0 2.7583 0.0 0.0 0.0 0.0
54.2 0.0 3.0599 0.0 0.0 0.0 0.0
54.4 0.0 3.1182 0.0 0.0 0.0 0.0
54.6 0.0 3.2078 0.0 0.0 0.0 0.0
54.8 0.0 3.2078 0.0 0.0 0.0 0.0
55.0 0.0 2.7388 0.0 0.0 0.0 0.0
55.2 0.0 2.2213 0.0 0.0 0.0 0.0
55.4 0.0 1.2389 0.0 0.0 0.0 0.0
55.6 0.0 0.2565 0.0 0.0 0.0 0.0
55.8 0.0 -0.7259 0.0 0.0 0.0 0.0
56.0 0.0 -2.7725 0.0 0.0 0.0 0.0
56.2 0.0 -4.9968 0.0 0.0 0.0 0.0
56.4 0.0 -4.9968 0.0 0.0 0.0 0.0
56.6 0.0 -3.7222 0.0 0.0 0.0 0.0
56.8 0.0 -1.6693 0.0 0.0 0.0 0.0
57.0 0.0 3.3195 0.0 0.0 0.0 0.0
57.2 0.0 3.3195 0.0 0.0 0.0 0.0
57.4 0.0 2.9982 0.0 0.0 0.0 0.0
57.6 0.0 1.6385 0.0 0.0 0.0 0.0
57.8 0.0 0.0039 0.0 0.0 0.0 0.0
58.0 0.0 -1.7076 0.0 0.0 0.0 0.0
58.2 0.0 -3.2295 0.0 0.0 0.0 0.0
58.4 0.0 -3.2295 0.0 0.0 0.0 0.0
58.6 0.0 -3.211 0.0 0.0 0.0 0.0
58.8 0.0 -1.8789 0.0 0.0 0.0 0.0
59.0 0.0 0.2073 0.0 0.0 0.0 0.0
59.2 0.0 1.336 0.0 0.0 0.0 0.0
59.4 0.0 2.43 0.0 0.0 0.0 0.0
59.6 0.0 3.2962 0.0 0.0 0.0 0.0
59.8 0.0 3.2962 0.0 0.0 0.0 0.0
60.0 0.0 3.3974 0.0 0.0 0.0 0.0
60.2 0.0 3.3974 0.0 0.0 0.0 0.0
60.4 0.0 3.5419 0.0 0.0 0.0 0.0
60.6 0.0 3.8659 0.0 0.0 0.0 0.0
60.8 0.0 3.8659 0.0 0.0 0.0 0.0
61.0 0.0 3.763 0.0 0.0 0.0 0.0
61.2 0.0 3.1613 0.0 0.0 0.0 0.0
61.4 0.0 2.0202 0.0 0.0 0.0 0.0
61.6 0.0 1.2977 0.0 0.0 0.0 0.0
61.8 0.0 0.8472 0.0 0.0 0.0 0.0
62.0 0.0 -0.3115 0.0 0.0 0.0 0.0
62.2 0.0 -1.432 0.0 0.0 0.0 0.0
62.4 0.0 -2.0912 0.0 0.0 0.0 0.0
62.6 0.0 -2.0912 0.0 0.0 0.0 0.0
62.8 0.0 -1.9051 0.0 0.0 0.0 0.0
63.0 0.0 0.4841 0.0 0.0 0.0 0.0
63.2 0.0 1.289 0.0 0.0 0.0 0.0
63.4 0.0 2.0511 0.0 0.0 0.0 0.0
63.6 0.0 2.5468 0.0 0.0 0.0 0.0
63.8 0.0 2.8015 0.0 0.0 0.0 0.0
64.0 0.0 3.4172 0.0 0.0 0.0 0.0
64.2 0.0 3.4172 0.0 0.0 0.0 0.0
64.4 0.0 3.3869 0.0 0.0 0.0 0.0
64.6 0.0 3.3869 0.0 0.0 0.0 0.0
64.8 0.0 3.6192 0.0 0.0 0.0 0.0
65.0 0.0 3.6551 0.0 0.0 0.0 0.0
65.2 0.0 3.6551 0.0 0.0 0.0 0.0
65.4 0.0 3.6551 0.0 0.0 0.0 0.0
65.6 0.0 3.3917 0.0 0.0 0.0 0.0
65.8 0.0 2.5276 0.0 0.0 0.0 0.0
66.0 0.0 1.4605 0.0 0.0 0.0 0.0
66.2 0.0 0.7309 0.0 0.0 0.0 0.0
66.4 0.0 0.0116 0.0 0.0 0.0 0.0
66.6 0.0 -1.348 0.0 0.0 0.0 0.0
66.8 0.0 -1.3864 0.0 0.0 0.0 0.0
67.0 0.0 -1.3864 0.0 0.0 0.0 0.0
67.2 0.0 0.2759 0.0 0.0 0.0 0.0
67.4 0.0 1.2253 0.0 0.0 0.0 0.0
67.6 0.0 1.297 0.0 0.0 0.0 0.0
67.8 0.0 1.4881 0.0 0.0 0.0 0.0
68.0 0.0 1.5571 0.0 0.0 0.0 0.0
68.2 0.0 1.5571 0.0 0.0 0.0 0.0
68.4 0.0 2.1175 0.0 0.0 0.0 0.0
68.6 0.0 2.9287 0.0 0.0 0.0 0.0
68.8 0.0 2.9301 0.0 0.0 0.0 0.0
69.0 0.0 2.9301 0.0 0.0 0.0 0.0
69.2 0.0 2.9301 0.0 0.0 0.0 0.0
69.4 0.0 0.3759 0.0 0.0 0.0 0.0
69.6 0.0 -1.5565 0.0 0.0 0.0 0.0
69.8 0.0 -3.7881 0.0 0.0 0.0 0.0
70.0 0.0 -5.8023 0.0 0.0 0.0 0.0
70.2 0.0 -5.8023 0.0 0.0 0.0 0.0
70.4 0.0 -5.5285 0.0 0.0 0.0 0.0
70.6 0.0 -3.8807 0.0 0.0 0.0 0.0
70.8 0.0 -1.8218 0.0 0.0 0.0 0.0
71.0 0.0 -0.3906 0.0 0.0 0.0 0.0
71.2 0.0 0.9025 0.0 0.0 0.0 0.0
71.4 0.0 1.586 0.0 0.0 0.0 0.0
71.6 0.0 2.1312 0.0 0.0 0.0 0.0
71.8 0.0 2.5681 0.0 0.0 0.0 0.0
72.0 0.0 2.6404 0.0 0.0 0.0 0.0
72.2 0.0 2.6831 0.0 0.0 0.0 0.0
72.4 0.0 2.753 0.0 0.0 0.0 0.0
72.6 0.0 2.9228 0.0 0.0 0.0 0.0
72.8 0.0 2.9228 0.0 0.0 0.0 0.0
73.0 0.0 1.842 0.0 0.0 0.0 0.0
73.2 0.0 0.0 0.0 0.0 0.0 0.0
73.4 0.0 -2.0703 0.0 0.0 0.0 0.0
73.6 0.0 -4.2661 0.0 0.0 0.0 0.0
73.8 0.0 -6.1873 0.0 0.0 0.0 0.0
74.0 0.0 -6.4828 0.0 0.0 0.0 0.0
74.2 0.0 -6.4828 0.0 0.0 0.0 0.0
74.4 0.0 -5.1103 0.0 0.0 0.0 0.0
74.6 0.0 -4.2579 0.0 0.0 0.0 0.0
74.8 0.0 -3.3289 0.0 0.0 0.0 0.0
75.0 0.0 0.2899 0.0 0.0 0.0 0.0
75.2 0.0 3.0558 0.0 0.0 0.0 0.0
75.4 0.0 4.1263 0.0 0.0 0.0 0.0
75.6 0.0 4.601 0.0 0.0 0.0 0.0
75.8 0.0 5.2331 0.0 0.0 0.0 0.0
76.0 0.0 5.6945 0.0 0.0 0.0 0.0
76.2 0.0 5.6945 0.0 0.0 0.0 0.0
76.4 0.0 5.6945 0.0 0.0 0.0 0.0
76.6 0.0 5.8458 0.0 0.0 0.0 0.0
76.8 0.0 5.9759 0.0 0.0 0.0 0.0
77.0 0.0 5.9759 0.0 0.0 0.0 0.0
77.2 0.0 5.7625 0.0 0.0 0.0 0.0
77.4 0.0 4.3491 0.0 0.0 0.0 0.0
77.6 0.0 2.2875 0.0 0.0 0.0 0.0
77.8 0.0 0.3858 0.0 0.0 0.0 0.0
78.0 0.0 -1.9299 0.0 0.0 0.0 0.0
78.2 0.0 -4.0878 0.0 0.0 0.0 0.0
78.4 0.0 -4.0878 0.0 0.0 0.0 0.0
78.6 0.0 -3.4729 0.0 0.0 0.0 0.0
78.8 0.0 -1.497 0.0 0.0 0.0 0.0
79.0 0.0 -0.4376 0.0 0.0 0.0 0.0
79.2 0.0 -0.0817 0.0 0.0 0.0 0.0
79.4 0.0 1.5299 0.0 0.0 0.0 0.0
79.6 0.0 2.6838 0.0 0.0 0.0 0.0
79.8 0.0 3.6293 0.0 0.0 0.0 0.0
80.0 0.0 4.8223 0.0 0.0 0.0 0.0
80.2 0.0 5.0846 0.0 0.0 0.0 0.0
80.4 0.0 5.3329 0.0 0.0 0.0 0.0
80.6 0.0 5.6124 0.0 0.0 0.0 0.0
80.8 0.0 5.6962 0.0 0.0 0.0 0.0
81.0 0.0 5.7575 0.0 0.0 0.0 0.0
81.2 0.0 5.7575 0.0 0.0 0.0 0.0
81.4 0.0 5.9686 0.0 0.0 0.0 0.0
81.6 0.0 5.9686 0.0 0.0 0.0 0.0
81.8 0.0 5.7913 0.0 0.0 0.0 0.0
82.0 0.0 3.9869 0.0 0.0 0.0 0.0
82.2 0.0 2.4977 0.0 0.0 0.0 0.0
82.4 0.0 0.3853 0.0 0.0 0.0 0.0
82.6 0.0 -1.6206 0.0 0.0 0.0 0.0
82.8 0.0 -1.6206 0.0 0.0 0.0 0.0
83.0 0.0 -1.5734 0.0 0.0 0.0 0.0
83.2 0.0 0.6686 0.0 0.0 0.0 0.0
83.4 0.0 2.2521 0.0 0.0 0.0 0.0
83.6 0.0 3.6278 0.0 0.0 0.0 0.0
83.8 0.0 4.5871 0.0 0.0 0.0 0.0
84.0 0.0 5.2721 0.0 0.0 0.0 0.0
84.2 0.0 6.0542 0.0 0.0 0.0 0.0
84.4 0.0 6.1881 0.0 0.0 0.0 0.0
84.6 0.0 6.1883 0.0 0.0 0.0 0.0
84.8 0.0 6.2303 0.0 0.0 0.0 0.0
85.0 0.0 6.3586 0.0 0.0 0.0 0.0
85.2 0.0 6.3896 0.0 0.0 0.0 0.0
85.4 0.0 6.3896 0.0 0.0 0.0 0.0
85.6 0.0 4.4988 0.0 0.0 0.0 0.0
85.8 0.0 1.7638 0.0 0.0 0.0 0.0
86.0 0.0 -0.2851 0.0 0.0 0.0 0.0
86.2 0.0 -2.3591 0.0 0.0 0.0 0.0
86.4 0.0 -2.3605 0.0 0.0 0.0 0.0
86.6 0.0 -2.3605 0.0 0.0 0.0 0.0
86.8 0.0 -1.1407 0.0 0.0 0.0 0.0
87.0 0.0 0.2272 0.0 0.0 0.0 0.0
87.2 0.0 1.3275 0.0 0.0 0.0 0.0
87.4 0.0 2.9416 0.0 0.0 0.0 0.0
87.6 0.0 3.2803 0.0 0.0 0.0 0.0
87.8 0.0 3.4969 0.0 0.0 0.0 0.0
88.0 0.0 3.6278 0.0 0.0 0.0 0.0
88.2 0.0 4.1922 0.0 0.0 0.0 0.0
88.4 0.0 4.7341 0.0 0.0 0.0 0.0
88.6 0.0 4.9794 0.0 0.0 0.0 0.0
88.8 0.0 4.9794 0.0 0.0 0.0 0.0
89.0 0.0 4.9411 0.0 0.0 0.0 0.0
89.2 0.0 4.9411 0.0 0.0 0.0 0.0
89.4 0.0 4.8068 0.0 0.0 0.0 0.0
89.6 0.0 4.7359 0.0 0.0 0.0 0.0
89.8 0.0 3.8323 0.0 0.0 0.0 0.0
90.0 0.0 3.6859 0.0 0.0 0.0 0.0
90.2 0.0 3.6859 0.0 0.0 0.0 0.0
90.4 0.0 4.4056 0.0 0.0 0.0 0.0
90.6 0.0 5.1762 0.0 0.0 0.0 0.0
90.8 0.0 5.3351 0.0 0.0 0.0 0.0
91.0 0.0 5.7324 0.0 0.0 0.0 0.0
91.2 0.0 5.9295 0.0 0.0 0.0 0.0
91.4 0.0 6.239 0.0 0.0 0.0 0.0
91.6 0.0 6.239 0.0 0.0 0.0 0.0
91.8 0.0 5.229 0.0 0.0 0.0 0.0
92.0 0.0 3.05 0.0 0.0 0.0 0.0
92.2 0.0 0.5214 0.0 0.0 0.0 0.0
92.4 0.0 -2.0687 0.0 0.0 0.0 0.0
92.6 0.0 -4.2384 0.0 0.0 0.0 0.0
92.8 0.0 -5.474 0.0 0.0 0.0 0.0
93.0 0.0 -5.474 0.0 0.0 0.0 0.0
93.2 0.0 -5.1486 0.0 0.0 0.0 0.0
93.4 0.0 -3.4707 0.0 0.0 0.0 0.0
93.6 0.0 0.124 0.0 0.0 0.0 0.0
93.8 0.0 3.0455 0.0 0.0 0.0 0.0
94.0 0.0 4.377 0.0 0.0 0.0 0.0
94.2 0.0 5.1545 0.0 0.0 0.0 0.0
94.4 0.0 5.6391 0.0 0.0 0.0 0.0
94.6 0.0 5.932 0.0 0.0 0.0 0.0
94.8 0.0 6.0112 0.0 0.0 0.0 0.0
95.0 0.0 6.0381 0.0 0.0 0.0 0.0
95.2 0.0 6.105 0.0 0.0 0.0 0.0
95.4 0.0 6.2456 0.0 0.0 0.0 0.0
95.6 0.0 6.2456 0.0 0.0 0.0 0.0
95.8 0.0 5.0587 0.0 0.0 0.0 0.0
96.0 0.0 3.5761 0.0 0.0 0.0 0.0
96.2 0.0 2.0323 0.0 0.0 0.0 0.0
96.4 0.0 0.9568 0.0 0.0 0.0 0.0
96.6 0.0 -0.6237 0.0 0.0 0.0 0.0
96.8 0.0 -3.0336 0.0 0.0 0.0 0.0
97.0 0.0 -3.3275 0.0 0.0 0.0 0.0
97.2 0.0 -3.3275 0.0 0.0 0.0 0.0
97.4 0.0 -2.3361 0.0 0.0 0.0 0.0
97.6 0.0 0.3256 0.0 0.0 0.0 0.0
97.8 0.0 2.3191 0.0 0.0 0.0 0.0
98.0 0.0 3.7993 0.0 0.0 0.0 0.0
98.2 0.0 4.8327 0.0 0.0 0.0 0.0
98.4 0.0 5.7946 0.0 0.0 0.0 0.0
98.6 0.0 5.8678 0.0 0.0 0.0 0.0
98.8 0.0 6.1138 0.0 0.0 0.0 0.0
99.0 0.0 6.159 0.0 0.0 0.0 0.0
99.2 0.0 6.2011 0.0 0.0 0.0 0.0
99.4 0.0 6.5475 0.0 0.0 0.0 0.0
99.6 0.0 6.5475 0.0 0.0 0.0 0.0
99.8 0.0 6.3101 0.0 0.0 0.0 0.0
100.0 0.0 5.6174 0.0 0.0 0.0 0.0
100.2 0.0 4.3481 0.0 0.0 0.0 0.0
100.4 0.0 3.0593 0.0 0.0 0.0 0.0
100.6 0.0 1.6851 0.0 0.0 0.0 0.0
100.8 0.0 -0.3486 0.0 0.0 0.0 0.0
101.0 0.0 -1.9044 0.0 0.0 0.0 0.0
101.2 0.0 -1.9536 0.0 0.0 0.0 0.0
101.4 0.0 -1.9536 0.0 0.0 0.0 0.0
101.6 0.0 0.3705 0.0 0.0 0.0 0.0
101.8 0.0 1.6567 0.0 0.0 0.0 0.0
102.0 0.0 2.6993 0.0 0.0 0.0 0.0
102.2 0.0 3.9629 0.0 0.0 0.0 0.0
102.4 0.0 4.9652 0.0 0.0 0.0 0.0
102.6 0.0 5.9151 0.0 0.0 0.0 0.0
102.8 0.0 6.0377 0.0 0.0 0.0 0.0
103.0 0.0 6.2091 0.0 0.0 0.0 0.0
103.2 0.0 6.2635 0.0 0.0 0.0 0.0
103.4 0.0 6.3292 0.0 0.0 0.0 0.0
103.6 0.0 6.5152 0.0 0.0 0.0 0.0
103.8 0.0 6.5152 0.0 0.0 0.0 0.0
104.0 0.0 5.4789 0.0 0.0 0.0 0.0
104.2 0.0 4.2753 0.0 0.0 0.0 0.0
104.4 0.0 2.8745 0.0 0.0 0.0 0.0
104.6 0.0 1.6047 0.0 0.0 0.0 0.0
104.8 0.0 0.6036 0.0 0.0 0.0 0.0
105.0 0.0 -0.0317 0.0 0.0 0.0 0.0
105.2 0.0 -1.0397 0.0 0.0 0.0 0.0
105.4 0.0 -1.0397 0.0 0.0 0.0 0.0
105.6 0.0 0.6754 0.0 0.0 0.0 0.0
105.8 0.0 2.3435 0.0 0.0 0.0 0.0
106.0 0.0 4.1137 0.0 0.0 0.0 0.0
106.2 0.0 4.8238 0.0 0.0 0.0 0.0
106.4 0.0 5.4112 0.0 0.0 0.0 0.0
106.6 0.0 5.8041 0.0 0.0 0.0 0.0
106.8 0.0 6.0218 0.0 0.0 0.0 0.0
107.0 0.0 6.4779 0.0 0.0 0.0 0.0
107.2 0.0 6.4783 0.0 0.0 0.0 0.0
107.4 0.0 6.4783 0.0 0.0 0.0 0.0
107.6 0.0 6.4783 0.0 0.0 0.0 0.0
107.8 0.0 6.3765 0.0 0.0 0.0 0.0
108.0 0.0 6.2207 0.0 0.0 0.0 0.0
108.2 0.0 6.187 0.0 0.0 0.0 0.0
108.4 0.0 5.0719 0.0 0.0 0.0 0.0
108.6 0.0 3.0386 0.0 0.0 0.0 0.0
108.8 0.0 1.4372 0.0 0.0 0.0 0.0
109.0 0.0 0.1926 0.0 0.0 0.0 0.0
109.2 0.0 -0.3115 0.0 0.0 0.0 0.0
109.4 0.0 -1.5516 0.0 0.0 0.0 0.0
109.6 0.0 -1.5516 0.0 0.0 0.0 0.0
109.8 0.0 -1.112 0.0 0.0 0.0 0.0
110.0 0.0 1.0039 0.0 0.0 0.0 0.0
110.2 0.0 3.0453 0.0 0.0 0.0 0.0
110.4 0.0 4.6945 0.0 0.0 0.0 0.0
110.6 0.0 5.3272 0.0 0.0 0.0 0.0
110.8 0.0 5.6096 0.0 0.0 0.0 0.0
111.0 0.0 5.8902 0.0 0.0 0.0 0.0
111.2 0.0 6.0561 0.0 0.0 0.0 0.0
111.4 0.0 6.3666 0.0 0.0 0.0 0.0
111.6 0.0 6.4055 0.0 0.0 0.0 0.0
111.8 0.0 6.4063 0.0 0.0 0.0 0.0
112.0 0.0 6.4063 0.0 0.0 0.0 0.0
112.2 0.0 6.4075 0.0 0.0 0.0 0.0
112.4 0.0 6.4242 0.0 0.0 0.0 0.0
112.6 0.0 6.7208 0.0 0.0 0.0 0.0
112.8 0.0 6.7208 0.0 0.0 0.0 0.0
113.0 0.0 6.173 0.0 0.0 0.0 0.0
113.2 0.0 5.6878 0.0 0.0 0.0 0.0
113.4 0.0 5.6038 0.0 0.0 0.0 0.0
113.6 0.0 5.2393 0.0 0.0 0.0 0.0
113.8 0.0 4.1598 0.0 0.0 0.0 0.0
114.0 0.0 3.311 0.0 0.0 0.0 0.0
114.2 0.0 2.5981 0.0 0.0 0.0 0.0
114.4 0.0 2.5981 0.0 0.0 0.0 0.0
114.6 0.0 3.9612 0.0 0.0 0.0 0.0
114.8 0.0 5.261 0.0 0.0 0.0 0.0
115.0 0.0 5.894 0.0 0.0 0.0 0.0
115.2 0.0 5.9592 0.0 0.0 0.0 0.0
115.4 0.0 6.0576 0.0 0.0 0.0 0.0
115.6 0.0 6.2396 0.0 0.0 0.0 0.0
115.8 0.0 6.3334 0.0 0.0 0.0 0.0
116.0 0.0 6.5409 0.0 0.0 0.0 0.0
116.2 0.0 6.5409 0.0 0.0 0.0 0.0
116.4 0.0 6.5015 0.0 0.0 0.0 0.0
116.6 0.0 6.3703 0.0 0.0 0.0 0.0
116.8 0.0 6.2019 0.0 0.0 0.0 0.0
117.0 0.0 5.8703 0.0 0.0 0.0 0.0
117.2 0.0 5.3989 0.0 0.0 0.0 0.0
117.4 0.0 3.8498 0.0 0.0 0.0 0.0
117.6 0.0 2.4452 0.0 0.0 0.0 0.0
117.8 0.0 1.3034 0.0 0.0 0.0 0.0
118.0 0.0 0.0126 0.0 0.0 0.0 0.0
118.2 0.0 -0.0641 0.0 0.0 0.0 0.0
118.4 0.0 -0.0641 0.0 0.0 0.0 0.0
118.6 0.0 1.5523 0.0 0.0 0.0 0.0
118.8 0.0 2.9461 0.0 0.0 0.0 0.0
119.0 0.0 4.1827 0.0 0.0 0.0 0.0
119.2 0.0 5.3459 0.0 0.0 0.0 0.0
119.4 0.0 5.5603 0.0 0.0 0.0 0.0
119.6 0.0 5.7482 0.0 0.0 0.0 0.0
119.8 0.0 6.0224 0.0 0.0 0.0 0.0
120.0 0.0 6.0765 0.0 0.0 0.0 0.0
120.2 0.0 6.4806 0.0 0.0 0.0 0.0
120.4 0.0 6.5109 0.0 0.0 0.0 0.0
120.6 0.0 6.5782 0.0 0.0 0.0 0.0
120.8 0.0 6.5131 0.0 0.0 0.0 0.0
121.0 0.0 6.5782 0.0 0.0 0.0 0.0
121.2 0.0 6.5131 0.0 0.0 0.0 0.0
121.4 0.0 6.2912 0.0 0.0 0.0 0.0
121.6 0.0 5.473 0.0 0.0 0.0 0.0
121.8 0.0 4.1468 0.0 0.0 0.0 0.0
122.0 0.0 2.8031 0.0 0.0 0.0 0.0
122.2 0.0 1.1431 0.0 0.0 0.0 0.0
122.4 0.0 -0.0652 0.0 0.0 0.0 0.0
122.6 0.0 -0.5384 0.0 0.0 0.0 0.0
122.8 0.0 -0.5384 0.0 0.0 0.0 0.0
123.0 0.0 0.1072 0.0 0.0 0.0 0.0
123.2 0.0 1.1664 0.0 0.0 0.0 0.0
123.4 0.0 2.8841 0.0 0.0 0.0 0.0
123.6 0.0 4.7575 0.0 0.0 0.0 0.0
123.8 0.0 5.1984 0.0 0.0 0.0 0.0
124.0 0.0 5.5602 0.0 0.0 0.0 0.0
124.2 0.0 5.829 0.0 0.0 0.0 0.0
124.4 0.0 6.2789 0.0 0.0 0.0 0.0
124.6 0.0 6.5237 0.0 0.0 0.0 0.0
124.8 0.0 6.5926 0.0 0.0 0.0 0.0
125.0 0.0 6.5559 0.0 0.0 0.0 0.0
125.2 0.0 6.5559 0.0 0.0 0.0 0.0
125.4 0.0 6.5559 0.0 0.0 0.0 0.0
125.6 0.0 6.731 0.0 0.0 0.0 0.0
125.8 0.0 6.731 0.0 0.0 0.0 0.0
126.0 0.0 6.2666 0.0 0.0 0.0 0.0
126.2 0.0 5.2186 0.0 0.0 0.0 0.0
126.4 0.0 4.3833 0.0 0.0 0.0 0.0
126.6 0.0 3.5306 0.0 0.0 0.0 0.0
126.8 0.0 2.4102 0.0 0.0 0.0 0.0
127.0 0.0 1.4195 0.0 0.0 0.0 0.0
127.2 0.0 -0.284 0.0 0.0 0.0 0.0
127.4 0.0 -0.6258 0.0 0.0 0.0 0.0
127.6 0.0 -0.6258 0.0 0.0 0.0 0.0
127.8 0.0 0.8776 0.0 0.0 0.0 0.0
128.0 0.0 1.3622 0.0 0.0 0.0 0.0
128.2 0.0 1.5224 0.0 0.0 0.0 0.0
128.4 0.0 2.8004 0.0 0.0 0.0 0.0
128.6 0.0 4.099 0.0 0.0 0.0 0.0
128.8 0.0 5.1457 0.0 0.0 0.0 0.0
129.0 0.0 5.4992 0.0 0.0 0.0 0.0
129.2 0.0 5.5379 0.0 0.0 0.0 0.0
129.4 0.0 5.6603 0.0 0.0 0.0 0.0
129.6 0.0 5.76 0.0 0.0 0.0 0.0
129.8 0.0 6.043 0.0 0.0 0.0 0.0
130.0 0.0 6.043 0.0 0.0 0.0 0.0
130.2 0.0 5.115 0.0 0.0 0.0 0.0
130.4 0.0 3.791 0.0 0.0 0.0 0.0
130.6 0.0 2.1877 0.0 0.0 0.0 0.0
130.8 0.0 0.5882 0.0 0.0 0.0 0.0
131.0 0.0 -0.3781 0.0 0.0 0.0 0.0
131.2 0.0 -1.4693 0.0 0.0 0.0 0.0
131.4 0.0 -1.4693 0.0 0.0 0.0 0.0
131.6 0.0 -1.4031 0.0 0.0 0.0 0.0
131.8 0.0 -0.352 0.0 0.0 0.0 0.0
132.0 0.0 1.0016 0.0 0.0 0.0 0.0
132.2 0.0 1.7891 0.0 0.0 0.0 0.0
132.4 0.0 3.0551 0.0 0.0 0.0 0.0
132.6 0.0 4.2364 0.0 0.0 0.0 0.0
132.8 0.0 4.7185 0.0 0.0 0.0 0.0
133.0 0.0 5.5784 0.0 0.0 0.0 0.0
133.2 0.0 5.8112 0.0 0.0 0.0 0.0
133.4 0.0 5.8556 0.0 0.0 0.0 0.0
133.6 0.0 5.8112 0.0 0.0 0.0 0.0
133.8 0.0 5.6498 0.0 0.0 0.0 0.0
134.0 0.0 4.8067 0.0 0.0 0.0 0.0
134.2 0.0 3.855 0.0 0.0 0.0 0.0
134.4 0.0 1.9141 0.0 0.0 0.0 0.0
134.6 0.0 -0.374 0.0 0.0 0.0 0.0
134.8 0.0 -1.7467 0.0 0.0 0.0 0.0
135.0 0.0 -2.6356 0.0 0.0 0.0 0.0
135.2 0.0 -3.2625 0.0 0.0 0.0 0.0
135.4 0.0 -3.2625 0.0 0.0 0.0 0.0
135.6 0.0 -1.5462 0.0 0.0 0.0 0.0
135.8 0.0 -0.313 0.0 0.0 0.0 0.0
136.0 0.0 1.3777 0.0 0.0 0.0 0.0
136.2 0.0 3.2487 0.0 0.0 0.0 0.0
136.4 0.0 3.9773 0.0 0.0 0.0 0.0
136.6 0.0 4.5199 0.0 0.0 0.0 0.0
136.8 0.0 4.8989 0.0 0.0 0.0 0.0
137.0 0.0 5.3255 0.0 0.0 0.0 0.0
137.2 0.0 5.9667 0.0 0.0 0.0 0.0
137.4 0.0 6.0453 0.0 0.0 0.0 0.0
137.6 0.0 6.0453 0.0 0.0 0.0 0.0
137.8 0.0 5.6764 0.0 0.0 0.0 0.0
138.0 0.0 4.3099 0.0 0.0 0.0 0.0
138.2 0.0 2.8502 0.0 0.0 0.0 0.0
138.4 0.0 1.232 0.0 0.0 0.0 0.0
138.6 0.0 -1.1555 0.0 0.0 0.0 0.0
138.8 0.0 -3.1099 0.0 0.0 0.0 0.0
139.0 0.0 -3.419 0.0 0.0 0.0 0.0
139.2 0.0 -3.419 0.0 0.0 0.0 0.0
139.4 0.0 -2.5835 0.0 0.0 0.0 0.0
139.6 0.0 -0.5928 0.0 0.0 0.0 0.0
139.8 0.0 0.6036 0.0 0.0 0.0 0.0
140.0 0.0 0.8647 0.0 0.0 0.0 0.0
140.2 0.0 2.0158 0.0 0.0 0.0 0.0
140.4 0.0 2.7699 0.0 0.0 0.0 0.0
140.6 0.0 4.3562 0.0 0.0 0.0 0.0
140.8 0.0 4.5699 0.0 0.0 0.0 0.0
141.0 0.0 5.0374 0.0 0.0 0.0 0.0
141.2 0.0 5.1728 0.0 0.0 0.0 0.0
141.4 0.0 5.4466 0.0 0.0 0.0 0.0
141.6 0.0 5.8774 0.0 0.0 0.0 0.0
141.8 0.0 5.8774 0.0 0.0 0.0 0.0
142.0 0.0 5.8417 0.0 0.0 0.0 0.0
142.2 0.0 5.8384 0.0 0.0 0.0 0.0
142.4 0.0 5.8417 0.0 0.0 0.0 0.0
142.6 0.0 6.2381 0.0 0.0 0.0 0.0
142.8 0.0 6.2381 0.0 0.0 0.0 0.0
143.0 0.0 6.1138 0.0 0.0 0.0 0.0
143.2 0.0 6.0669 0.0 0.0 0.0 0.0
143.4 0.0 6.0658 0.0 0.0 0.0 0.0
143.6 0.0 5.3556 0.0 0.0 0.0 0.0
143.8 0.0 4.7255 0.0 0.0 0.0 0.0
144.0 0.0 3.3011 0.0 0.0 0.0 0.0
144.2 0.0 1.7826 0.0 0.0 0.0 0.0
144.4 0.0 0.0474 0.0 0.0 0.0 0.0
144.6 0.0 -0.4584 0.0 0.0 0.0 0.0
144.8 0.0 -0.4584 0.0 0.0 0.0 0.0
145.0 0.0 0.5811 0.0 0.0 0.0 0.0
145.2 0.0 1.1885 0.0 0.0 0.0 0.0
145.4 0.0 2.0996 0.0 0.0 0.0 0.0
145.6 0.0 2.8394 0.0 0.0 0.0 0.0
145.8 0.0 3.491 0.0 0.0 0.0 0.0
146.0 0.0 4.0892 0.0 0.0 0.0 0.0
146.2 0.0 4.3432 0.0 0.0 0.0 0.0
146.4 0.0 4.7273 0.0 0.0 0.0 0.0
146.6 0.0 5.1449 0.0 0.0 0.0 0.0
146.8 0.0 5.4686 0.0 0.0 0.0 0.0
147.0 0.0 6.0255 0.0 0.0 0.0 0.0
147.2 0.0 6.0255 0.0 0.0 0.0 0.0
147.4 0.0 5.9651 0.0 0.0 0.0 0.0
147.6 0.0 5.8378 0.0 0.0 0.0 0.0
147.8 0.0 4.936 0.0 0.0 0.0 0.0
148.0 0.0 4.936 0.0 0.0 0.0 0.0
148.2 0.0 5.0052 0.0 0.0 0.0 0.0
148.4 0.0 5.0282 0.0 0.0 0.0 0.0
148.6 0.0 5.3177 0.0 0.0 0.0 0.0
148.8 0.0 5.5749 0.0 0.0 0.0 0.0
149.0 0.0 6.1201 0.0 0.0 0.0 0.0
149.2 0.0 6.1624 0.0 0.0 0.0 0.0
149.4 0.0 6.1201 0.0 0.0 0.0 0.0
149.6 0.0 6.0352 0.0 0.0 0.0 0.0
149.8 0.0 5.013 0.0 0.0 0.0 0.0
150.0 0.0 3.9791 0.0 0.0 0.0 0.0
150.2 0.0 1.6917 0.0 0.0 0.0 0.0
150.4 0.0 -0.7957 0.0 0.0 0.0 0.0
150.6 0.0 -3.7148 0.0 0.0 0.0 0.0
150.8 0.0 -6.0161 0.0 0.0 0.0 0.0
151.0 0.0 -6.0161 0.0 0.0 0.0 0.0
151.2 0.0 -4.263 0.0 0.0 0.0 0.0
151.4 0.0 -1.9237 0.0 0.0 0.0 0.0
151.6 0.0 -0.1346 0.0 0.0 0.0 0.0
151.8 0.0 1.617 0.0 0.0 0.0 0.0
152.0 0.0 2.2913 0.0 0.0 0.0 0.0
152.2 0.0 2.9656 0.0 0.0 0.0 0.0
152.4 0.0 3.9373 0.0 0.0 0.0 0.0
152.6 0.0 4.8267 0.0 0.0 0.0 0.0
152.8 0.0 5.4848 0.0 0.0 0.0 0.0
153.0 0.0 5.9215 0.0 0.0 0.0 0.0
153.2 0.0 5.9215 0.0 0.0 0.0 0.0
153.4 0.0 5.0722 0.0 0.0 0.0 0.0
153.6 0.0 2.8405 0.0 0.0 0.0 0.0
153.8 0.0 0.5218 0.0 0.0 0.0 0.0
154.0 0.0 -2.1156 0.0 0.0 0.0 0.0
154.2 0.0 -5.5874 0.0 0.0 0.0 0.0
154.4 0.0 -7.9248 0.0 0.0 0.0 0.0
154.6 0.0 -7.9248 0.0 0.0 0.0 0.0
154.8 0.0 -6.8002 0.0 0.0 0.0 0.0
155.0 0.0 -4.1771 0.0 0.0 0.0 0.0
155.2 0.0 -1.992 0.0 0.0 0.0 0.0
155.4 0.0 -0.205 0.0 0.0 0.0 0.0
155.6 0.0 1.0589 0.0 0.0 0.0 0.0
155.8 0.0 2.0378 0.0 0.0 0.0 0.0
156.0 0.0 3.3276 0.0 0.0 0.0 0.0
156.2 0.0 3.9265 0.0 0.0 0.0 0.0
156.4 0.0 4.5055 0.0 0.0 0.0 0.0
156.6 0.0 4.8744 0.0 0.0 0.0 0.0
156.8 0.0 5.0241 0.0 0.0 0.0 0.0
157.0 0.0 5.1925 0.0 0.0 0.0 0.0
157.2 0.0 5.1925 0.0 0.0 0.0 0.0
157.4 0.0 3.5916 0.0 0.0 0.0 0.0
157.6 0.0 1.5189 0.0 0.0 0.0 0.0
157.8 0.0 -1.5042 0.0 0.0 0.0 0.0
158.0 0.0 -4.4222 0.0 0.0 0.0 0.0
158.2 0.0 -6.7153 0.0 0.0 0.0 0.0
158.4 0.0 -6.7153 0.0 0.0 0.0 0.0
158.6 0.0 -6.4143 0.0 0.0 0.0 0.0
158.8 0.0 -5.0471 0.0 0.0 0.0 0.0
159.0 0.0 -3.2133 0.0 0.0 0.0 0.0
159.2 0.0 -0.9054 0.0 0.0 0.0 0.0
159.4 0.0 0.4604 0.0 0.0 0.0 0.0
159.6 0.0 1.2878 0.0 0.0 0.0 0.0
159.8 0.0 2.7336 0.0 0.0 0.0 0.0
160.0 0.0 3.7501 0.0 0.0 0.0 0.0
160.2 0.0 4.6974 0.0 0.0 0.0 0.0
160.4 0.0 5.4813 0.0 0.0 0.0 0.0
160.6 0.0 5.5921 0.0 0.0 0.0 0.0
160.8 0.0 5.6082 0.0 0.0 0.0 0.0
161.0 0.0 5.7113 0.0 0.0 0.0 0.0
161.2 0.0 5.7113 0.0 0.0 0.0 0.0
161.4 0.0 5.1173 0.0 0.0 0.0 0.0
161.6 0.0 3.6679 0.0 0.0 0.0 0.0
161.8 0.0 0.8788 0.0 0.0 0.0 0.0
162.0 0.0 -2.0776 0.0 0.0 0.0 0.0
162.2 0.0 -3.6898 0.0 0.0 0.0 0.0
162.4 0.0 -3.6898 0.0 0.0 0.0 0.0
162.6 0.0 -2.7856 0.0 0.0 0.0 0.0
162.8 0.0 -1.6903 0.0 0.0 0.0 0.0
163.0 0.0 -0.5762 0.0 0.0 0.0 0.0
163.2 0.0 0.5061 0.0 0.0 0.0 0.0
163.4 0.0 1.4845 0.0 0.0 0.0 0.0
163.6 0.0 2.691 0.0 0.0 0.0 0.0
163.8 0.0 3.2571 0.0 0.0 0.0 0.0
164.0 0.0 3.9179 0.0 0.0 0.0 0.0
164.2 0.0 4.4364 0.0 0.0 0.0 0.0
164.4 0.0 4.8748 0.0 0.0 0.0 0.0
164.6 0.0 5.3314 0.0 0.0 0.0 0.0
164.8 0.0 5.6046 0.0 0.0 0.0 0.0
165.0 0.0 5.6046 0.0 0.0 0.0 0.0
165.2 0.0 5.5217 0.0 0.0 0.0 0.0
165.4 0.0 5.1767 0.0 0.0 0.0 0.0
165.6 0.0 2.5975 0.0 0.0 0.0 0.0
165.8 0.0 0.5548 0.0 0.0 0.0 0.0
166.0 0.0 -1.3581 0.0 0.0 0.0 0.0
166.2 0.0 -3.1197 0.0 0.0 0.0 0.0
166.4 0.0 -3.1197 0.0 0.0 0.0 0.0
166.6 0.0 -2.197 0.0 0.0 0.0 0.0
166.8 0.0 -0.5553 0.0 0.0 0.0 0.0
167.0 0.0 0.4112 0.0 0.0 0.0 0.0
167.2 0.0 1.322 0.0 0.0 0.0 0.0
167.4 0.0 2.3277 0.0 0.0 0.0 0.0
167.6 0.0 3.1841 0.0 0.0 0.0 0.0
167.8 0.0 4.1693 0.0 0.0 0.0 0.0
168.0 0.0 5.0281 0.0 0.0 0.0 0.0
168.2 0.0 5.2226 0.0 0.0 0.0 0.0
168.4 0.0 5.4681 0.0 0.0 0.0 0.0
168.6 0.0 5.4689 0.0 0.0 0.0 0.0
168.8 0.0 5.6111 0.0 0.0 0.0 0.0
169.0 0.0 5.6907 0.0 0.0 0.0 0.0
169.2 0.0 5.6907 0.0 0.0 0.0 0.0
169.4 0.0 4.6965 0.0 0.0 0.0 0.0
169.6 0.0 3.163 0.0 0.0 0.0 0.0
169.8 0.0 1.4639 0.0 0.0 0.0 0.0
170.0 0.0 0.1748 0.0 0.0 0.0 0.0
170.2 0.0 -2.0451 0.0 0.0 0.0 0.0
170.4 0.0 -3.4082 0.0 0.0 0.0 0.0
170.6 0.0 -3.4082 0.0 0.0 0.0 0.0
170.8 0.0 -2.8696 0.0 0.0 0.0 0.0
171.0 0.0 -1.0481 0.0 0.0 0.0 0.0
171.2 0.0 0.6289 0.0 0.0 0.0 0.0
171.4 0.0 2.2528 0.0 0.0 0.0 0.0
171.6 0.0 3.1608 0.0 0.0 0.0 0.0
171.8 0.0 3.8168 0.0 0.0 0.0 0.0
172.0 0.0 4.3236 0.0 0.0 0.0 0.0
172.2 0.0 5.0204 0.0 0.0 0.0 0.0
172.4 0.0 5.4909 0.0 0.0 0.0 0.0
172.6 0.0 5.5005 0.0 0.0 0.0 0.0
172.8 0.0 5.6891 0.0 0.0 0.0 0.0
173.0 0.0 5.6891 0.0 0.0 0.0 0.0
173.2 0.0 5.6853 0.0 0.0 0.0 0.0
173.4 0.0 5.3513 0.0 0.0 0.0 0.0
173.6 0.0 4.7604 0.0 0.0 0.0 0.0
173.8 0.0 3.0182 0.0 0.0 0.0 0.0
174.0 0.0 1.6581 0.0 0.0 0.0 0.0
174.2 0.0 -0.8909 0.0 0.0 0.0 0.0
174.4 0.0 -2.5347 0.0 0.0 0.0 0.0
174.6 0.0 -2.5347 0.0 0.0 0.0 0.0
174.8 0.0 -1.3399 0.0 0.0 0.0 0.0
175.0 0.0 -0.2792 0.0 0.0 0.0 0.0
175.2 0.0 0.5073 0.0 0.0 0.0 0.0
175.4 0.0 1.8947 0.0 0.0 0.0 0.0
175.6 0.0 3.2629 0.0 0.0 0.0 0.0
175.8 0.0 3.7928 0.0 0.0 0.0 0.0
176.0 0.0 4.2594 0.0 0.0 0.0 0.0
176.2 0.0 4.5495 0.0 0.0 0.0 0.0
176.4 0.0 4.9078 0.0 0.0 0.0 0.0
176.6 0.0 5.3928 0.0 0.0 0.0 0.0
176.8 0.0 5.7436 0.0 0.0 0.0 0.0
177.0 0.0 6.0571 0.0 0.0 0.0 0.0
177.2 0.0 6.3284 0.0 0.0 0.0 0.0
177.4 0.0 6.3284 0.0 0.0 0.0 0.0
177.6 0.0 6.0385 0.0 0.0 0.0 0.0
177.8 0.0 5.485 0.0 0.0 0.0 0.0
178.0 0.0 3.9907 0.0 0.0 0.0 0.0
178.2 0.0 1.9618 0.0 0.0 0.0 0.0
178.4 0.0 0.2116 0.0 0.0 0.0 0.0
178.6 0.0 -1.3859 0.0 0.0 0.0 0.0
178.8 0.0 -1.8402 0.0 0.0 0.0 0.0
179.0 0.0 -1.8402 0.0 0.0 0.0 0.0
179.2 0.0 -1.3662 0.0 0.0 0.0 0.0
179.4 0.0 0.1204 0.0 0.0 0.0 0.0
179.6 0.0 0.8947 0.0 0.0 0.0 0.0
179.8 0.0 1.8305 0.0 0.0 0.0 0.0
180.0 0.0 3.0416 0.0 0.0 0.0 0.0
180.2 0.0 3.9681 0.0 0.0 0.0 0.0
180.4 0.0 4.3115 0.0 0.0 0.0 0.0
180.6 0.0 4.9048 0.0 0.0 0.0 0.0
180.8 0.0 5.206 0.0 0.0 0.0 0.0
181.0 0.0 5.34 0.0 0.0 0.0 0.0
181.2 0.0 6.1613 0.0 0.0 0.0 0.0
181.4 0.0 6.1758 0.0 0.0 0.0 0.0
181.6 0.0 6.1758 0.0 0.0 0.0 0.0
181.8 0.0 6.0385 0.0 0.0 0.0 0.0
182.0 0.0 5.6967 0.0 0.0 0.0 0.0
182.2 0.0 5.0546 0.0 0.0 0.0 0.0
182.4 0.0 4.4049 0.0 0.0 0.0 0.0
182.6 0.0 2.8026 0.0 0.0 0.0 0.0
182.8 0.0 0.8345 0.0 0.0 0.0 0.0
183.0 0.0 -0.2988 0.0 0.0 0.0 0.0
183.2 0.0 -0.3588 0.0 0.0 0.0 0.0
183.4 0.0 -0.3588 0.0 0.0 0.0 0.0
183.6 0.0 1.1838 0.0 0.0 0.0 0.0
183.8 0.0 1.6374 0.0 0.0 0.0 0.0
184.0 0.0 1.77 0.0 0.0 0.0 0.0
184.2 0.0 2.1119 0.0 0.0 0.0 0.0
184.4 0.0 2.9316 0.0 0.0 0.0 0.0
184.6 0.0 4.2597 0.0 0.0 0.0 0.0
184.8 0.0 4.7155 0.0 0.0 0.0 0.0
185.0 0.0 5.1332 0.0 0.0 0.0 0.0
185.2 0.0 5.3111 0.0 0.0 0.0 0.0
185.4 0.0 5.543 0.0 0.0 0.0 0.0
185.6 0.0 5.8809 0.0 0.0 0.0 0.0
185.8 0.0 5.8809 0.0 0.0 0.0 0.0
186.0 0.0 5.0207 0.0 0.0 0.0 0.0
186.2 0.0 3.6015 0.0 0.0 0.0 0.0
186.4 0.0 1.9854 0.0 0.0 0.0 0.0
186.6 0.0 0.4763 0.0 0.0 0.0 0.0
186.8 0.0 -0.8809 0.0 0.0 0.0 0.0
187.0 0.0 -2.981 0.0 0.0 0.0 0.0
187.2 0.0 -3.186 0.0 0.0 0.0 0.0
187.4 0.0 -3.186 0.0 0.0 0.0 0.0
187.6 0.0 -1.4431 0.0 0.0 0.0 0.0
187.8 0.0 0.2282 0.0 0.0 0.0 0.0
188.0 0.0 1.3111 0.0 0.0 0.0 0.0
188.2 0.0 2.3237 0.0 0.0 0.0 0.0
188.4 0.0 3.4373 0.0 0.0 0.0 0.0
188.6 0.0 4.2397 0.0 0.0 0.0 0.0
188.8 0.0 5.5727 0.0 0.0 0.0 0.0
189.0 0.0 5.8026 0.0 0.0 0.0 0.0
189.2 0.0 5.8723 0.0 0.0 0.0 0.0
189.4 0.0 5.8723 0.0 0.0 0.0 0.0
189.6 0.0 5.991 0.0 0.0 0.0 0.0
189.8 0.0 6.2949 0.0 0.0 0.0 0.0
190.0 0.0 6.2949 0.0 0.0 0.0 0.0
190.2 0.0 5.6864 0.0 0.0 0.0 0.0
190.4 0.0 4.3955 0.0 0.0 0.0 0.0
190.6 0.0 2.6777 0.0 0.0 0.0 0.0
190.8 0.0 0.883 0.0 0.0 0.0 0.0
191.0 0.0 -0.3609 0.0 0.0 0.0 0.0
191.2 0.0 -1.9101 0.0 0.0 0.0 0.0
191.4 0.0 -2.6226 0.0 0.0 0.0 0.0
191.6 0.0 -2.6226 0.0 0.0 0.0 0.0
191.8 0.0 -1.1383 0.0 0.0 0.0 0.0
192.0 0.0 0.1792 0.0 0.0 0.0 0.0
192.2 0.0 1.2874 0.0 0.0 0.0 0.0
192.4 0.0 2.4856 0.0 0.0 0.0 0.0
192.6 0.0 3.4066 0.0 0.0 0.0 0.0
192.8 0.0 4.2853 0.0 0.0 0.0 0.0
193.0 0.0 5.1826 0.0 0.0 0.0 0.0
193.2 0.0 5.4269 0.0 0.0 0.0 0.0
193.4 0.0 5.4773 0.0 0.0 0.0 0.0
193.6 0.0 5.6107 0.0 0.0 0.0 0.0
193.8 0.0 5.7084 0.0 0.0 0.0 0.0
194.0 0.0 6.0495 0.0 0.0 0.0 0.0
194.2 0.0 6.2747 0.0 0.0 0.0 0.0
194.4 0.0 6.2747 0.0 0.0 0.0 0.0
194.6 0.0 6.2695 0.0 0.0 0.0 0.0
194.8 0.0 5.1946 0.0 0.0 0.0 0.0
195.0 0.0 3.6088 0.0 0.0 0.0 0.0
195.2 0.0 2.76 0.0 0.0 0.0 0.0
195.4 0.0 2.3045 0.0 0.0 0.0 0.0
195.6 0.0 -0.3001 0.0 0.0 0.0 0.0
195.8 0.0 -1.7261 0.0 0.0 0.0 0.0
196.0 0.0 -1.7261 0.0 0.0 0.0 0.0
196.2 0.0 -0.9253 0.0 0.0 0.0 0.0
196.4 0.0 0.0127 0.0 0.0 0.0 0.0
196.6 0.0 0.7053 0.0 0.0 0.0 0.0
196.8 0.0 0.8873 0.0 0.0 0.0 0.0
197.0 0.0 1.0854 0.0 0.0 0.0 0.0
197.2 0.0 2.1406 0.0 0.0 0.0 0.0
197.4 0.0 3.9744 0.0 0.0 0.0 0.0
197.6 0.0 4.8835 0.0 0.0 0.0 0.0
197.8 0.0 4.8941 0.0 0.0 0.0 0.0
198.0 0.0 4.8941 0.0 0.0 0.0 0.0
198.2 0.0 0.1037 0.0 0.0 0.0 0.0
198.4 0.0 -1.5437 0.0 0.0 0.0 0.0
198.6 0.0 -1.9488 0.0 0.0 0.0 0.0
198.8 0.0 -1.9488 0.0 0.0 0.0 0.0
199.0 0.0 -0.9511 0.0 0.0 0.0 0.0
199.2 0.0 0.585 0.0 0.0 0.0 0.0
199.4 0.0 1.4817 0.0 0.0 0.0 0.0
199.6 0.0 2.7387 0.0 0.0 0.0 0.0
199.8 0.0 3.0431 0.0 0.0 0.0 0.0
200.0 0.0 3.3109 0.0 0.0 0.0 0.0
200.2 0.0 3.5835 0.0 0.0 0.0 0.0
200.4 0.0 3.8512 0.0 0.0 0.0 0.0
200.6 0.0 4.2213 0.0 0.0 0.0 0.0
200.8 0.0 4.5481 0.0 0.0 0.0 0.0
201.0 0.0 4.6599 0.0 0.0 0.0 0.0
201.2 0.0 4.6599 0.0 0.0 0.0 0.0
201.4 0.0 4.4578 0.0 0.0 0.0 0.0
201.6 0.0 4.4578 0.0 0.0 0.0 0.0
201.8 0.0 4.4666 0.0 0.0 0.0 0.0
202.0 0.0 4.5012 0.0 0.0 0.0 0.0
202.2 0.0 4.6712 0.0 0.0 0.0 0.0
202.4 0.0 4.6712 0.0 0.0 0.0 0.0
202.6 0.0 4.3524 0.0 0.0 0.0 0.0
202.8 0.0 4.1892 0.0 0.0 0.0 0.0
203.0 0.0 4.1892 0.0 0.0 0.0 0.0
203.2 0.0 4.401 0.0 0.0 0.0 0.0
203.4 0.0 5.1754 0.0 0.0 0.0 0.0
203.6 0.0 6.0324 0.0 0.0 0.0 0.0
203.8 0.0 6.3927 0.0 0.0 0.0 0.0
204.0 0.0 6.3927 0.0 0.0 0.0 0.0
204.2 0.0 4.6447 0.0 0.0 0.0 0.0
204.4 0.0 3.5119 0.0 0.0 0.0 0.0
204.6 0.0 2.0046 0.0 0.0 0.0 0.0
204.8 0.0 -0.0628 0.0 0.0 0.0 0.0
205.0 0.0 -1.1798 0.0 0.0 0.0 0.0
205.2 0.0 -1.8482 0.0 0.0 0.0 0.0
205.4 0.0 -3.5138 0.0 0.0 0.0 0.0
205.6 0.0 -5.3211 0.0 0.0 0.0 0.0
205.8 0.0 -5.3211 0.0 0.0 0.0 0.0
206.0 0.0 -5.0354 0.0 0.0 0.0 0.0
206.2 0.0 -3.0111 0.0 0.0 0.0 0.0
206.4 0.0 -0.6748 0.0 0.0 0.0 0.0
206.6 0.0 1.9945 0.0 0.0 0.0 0.0
206.8 0.0 3.8947 0.0 0.0 0.0 0.0
207.0 0.0 5.0261 0.0 0.0 0.0 0.0
207.2 0.0 5.3912 0.0 0.0 0.0 0.0
207.4 0.0 6.1444 0.0 0.0 0.0 0.0
207.6 0.0 6.1444 0.0 0.0 0.0 0.0
207.8 0.0 6.0621 0.0 0.0 0.0 0.0
208.0 0.0 4.6132 0.0 0.0 0.0 0.0
208.2 0.0 3.1133 0.0 0.0 0.0 0.0
208.4 0.0 0.6627 0.0 0.0 0.0 0.0
208.6 0.0 -1.0243 0.0 0.0 0.0 0.0
208.8 0.0 -3.8605 0.0 0.0 0.0 0.0
209.0 0.0 -6.2271 0.0 0.0 0.0 0.0
209.2 0.0 -6.2271 0.0 0.0 0.0 0.0
209.4 0.0 -5.8872 0.0 0.0 0.0 0.0
209.6 0.0 -3.7515 0.0 0.0 0.0 0.0
209.8 0.0 -1.6332 0.0 0.0 0.0 0.0
210.0 0.0 -0.1522 0.0 0.0 0.0 0.0
210.2 0.0 0.9202 0.0 0.0 0.0 0.0
210.4 0.0 2.2568 0.0 0.0 0.0 0.0
210.6 0.0 2.4045 0.0 0.0 0.0 0.0
210.8 0.0 2.9952 0.0 0.0 0.0 0.0
211.0 0.0 4.5882 0.0 0.0 0.0 0.0
211.2 0.0 5.4155 0.0 0.0 0.0 0.0
211.4 0.0 5.4155 0.0 0.0 0.0 0.0
211.6 0.0 5.2807 0.0 0.0 0.0 0.0
211.8 0.0 3.5157 0.0 0.0 0.0 0.0
212.0 0.0 2.1487 0.0 0.0 0.0 0.0
212.2 0.0 -0.7623 0.0 0.0 0.0 0.0
212.4 0.0 -3.724 0.0 0.0 0.0 0.0
212.6 0.0 -4.4138 0.0 0.0 0.0 0.0
212.8 0.0 -5.4299 0.0 0.0 0.0 0.0
213.0 0.0 -6.8354 0.0 0.0 0.0 0.0
213.2 0.0 -6.8354 0.0 0.0 0.0 0.0
213.4 0.0 -5.3136 0.0 0.0 0.0 0.0
213.6 0.0 -3.7564 0.0 0.0 0.0 0.0
213.8 0.0 -1.9706 0.0 0.0 0.0 0.0
214.0 0.0 0.198 0.0 0.0 0.0 0.0
214.2 0.0 1.1919 0.0 0.0 0.0 0.0
214.4 0.0 3.0407 0.0 0.0 0.0 0.0
214.6 0.0 3.8231 0.0 0.0 0.0 0.0
214.8 0.0 4.6449 0.0 0.0 0.0 0.0
215.0 0.0 5.1717 0.0 0.0 0.0 0.0
215.2 0.0 5.8244 0.0 0.0 0.0 0.0
215.4 0.0 5.8244 0.0 0.0 0.0 0.0
215.6 0.0 4.8304 0.0 0.0 0.0 0.0
215.8 0.0 3.3549 0.0 0.0 0.0 0.0
216.0 0.0 1.6082 0.0 0.0 0.0 0.0
216.2 0.0 0.2472 0.0 0.0 0.0 0.0
216.4 0.0 -2.9228 0.0 0.0 0.0 0.0
216.6 0.0 -5.568 0.0 0.0 0.0 0.0
216.8 0.0 -6.5177 0.0 0.0 0.0 0.0
217.0 0.0 -6.6309 0.0 0.0 0.0 0.0
217.2 0.0 -6.6309 0.0 0.0 0.0 0.0
217.4 0.0 -6.5453 0.0 0.0 0.0 0.0
217.6 0.0 -5.8251 0.0 0.0 0.0 0.0
217.8 0.0 -3.7526 0.0 0.0 0.0 0.0
218.0 0.0 -1.8112 0.0 0.0 0.0 0.0
218.2 0.0 -1.0913 0.0 0.0 0.0 0.0
218.4 0.0 -0.854 0.0 0.0 0.0 0.0
218.6 0.0 -0.2593 0.0 0.0 0.0 0.0
218.8 0.0 0.6123 0.0 0.0 0.0 0.0
219.0 0.0 1.874 0.0 0.0 0.0 0.0
219.2 0.0 2.5585 0.0 0.0 0.0 0.0
219.4 0.0 3.3773 0.0 0.0 0.0 0.0
219.6 0.0 3.9137 0.0 0.0 0.0 0.0
219.8 0.0 5.1 0.0 0.0 0.0 0.0
220.0 0.0 5.4062 0.0 0.0 0.0 0.0
220.2 0.0 5.4062 0.0 0.0 0.0 0.0
220.4 0.0 3.964 0.0 0.0 0.0 0.0
220.6 0.0 2.519 0.0 0.0 0.0 0.0
220.8 0.0 0.7204 0.0 0.0 0.0 0.0
221.0 0.0 -2.6276 0.0 0.0 0.0 0.0
221.2 0.0 -3.2649 0.0 0.0 0.0 0.0
221.4 0.0 -3.2649 0.0 0.0 0.0 0.0
221.6 0.0 -1.514 0.0 0.0 0.0 0.0
221.8 0.0 0.0719 0.0 0.0 0.0 0.0
222.0 0.0 1.5253 0.0 0.0 0.0 0.0
222.2 0.0 3.1559 0.0 0.0 0.0 0.0
222.4 0.0 4.6115 0.0 0.0 0.0 0.0
222.6 0.0 4.8026 0.0 0.0 0.0 0.0
222.8 0.0 4.8026 0.0 0.0 0.0 0.0
223.0 0.0 4.8026 0.0 0.0 0.0 0.0
223.2 0.0 4.9766 0.0 0.0 0.0 0.0
223.4 0.0 5.1511 0.0 0.0 0.0 0.0
223.6 0.0 5.2891 0.0 0.0 0.0 0.0
223.8 0.0 5.3894 0.0 0.0 0.0 0.0
224.0 0.0 5.7595 0.0 0.0 0.0 0.0
224.2 0.0 5.9109 0.0 0.0 0.0 0.0
224.4 0.0 5.9109 0.0 0.0 0.0 0.0
224.6 0.0 5.8631 0.0 0.0 0.0 0.0
224.8 0.0 5.5746 0.0 0.0 0.0 0.0
225.0 0.0 4.694 0.0 0.0 0.0 0.0
225.2 0.0 2.6798 0.0 0.0 0.0 0.0
225.4 0.0 0.1248 0.0 0.0 0.0 0.0
225.6 0.0 -1.3198 0.0 0.0 0.0 0.0
225.8 0.0 -1.3198 0.0 0.0 0.0 0.0
226.0 0.0 -0.0733 0.0 0.0 0.0 0.0
226.2 0.0 1.0395 0.0 0.0 0.0 0.0
226.4 0.0 1.5308 0.0 0.0 0.0 0.0
226.6 0.0 1.8606 0.0 0.0 0.0 0.0
226.8 0.0 2.8625 0.0 0.0 0.0 0.0
227.0 0.0 3.2579 0.0 0.0 0.0 0.0
227.2 0.0 4.103 0.0 0.0 0.0 0.0
227.4 0.0 4.7995 0.0 0.0 0.0 0.0
227.6 0.0 4.9825 0.0 0.0 0.0 0.0
227.8 0.0 5.7686 0.0 0.0 0.0 0.0
228.0 0.0 5.9031 0.0 0.0 0.0 0.0
228.2 0.0 5.9031 0.0 0.0 0.0 0.0
228.4 0.0 5.6921 0.0 0.0 0.0 0.0
228.6 0.0 5.579 0.0 0.0 0.0 0.0
228.8 0.0 5.5778 0.0 0.0 0.0 0.0
229.0 0.0 5.5766 0.0 0.0 0.0 0.0
229.2 0.0 4.5372 0.0 0.0 0.0 0.0
229.4 0.0 3.6026 0.0 0.0 0.0 0.0
229.6 0.0 1.8213 0.0 0.0 0.0 0.0
229.8 0.0 0.6404 0.0 0.0 0.0 0.0
230.0 0.0 -1.847 0.0 0.0 0.0 0.0
230.2 0.0 -1.847 0.0 0.0 0.0 0.0
230.4 0.0 0.5377 0.0 0.0 0.0 0.0
230.6 0.0 1.3033 0.0 0.0 0.0 0.0
230.8 0.0 1.9026 0.0 0.0 0.0 0.0
231.0 0.0 2.3065 0.0 0.0 0.0 0.0
231.2 0.0 2.7282 0.0 0.0 0.0 0.0
231.4 0.0 4.0365 0.0 0.0 0.0 0.0
231.6 0.0 4.979 0.0 0.0 0.0 0.0
231.8 0.0 5.3405 0.0 0.0 0.0 0.0
232.0 0.0 5.5784 0.0 0.0 0.0 0.0
232.2 0.0 5.9741 0.0 0.0 0.0 0.0
232.4 0.0 5.9741 0.0 0.0 0.0 0.0
232.6 0.0 4.4485 0.0 0.0 0.0 0.0
232.8 0.0 2.6609 0.0 0.0 0.0 0.0
233.0 0.0 0.7222 0.0 0.0 0.0 0.0
233.2 0.0 -0.9177 0.0 0.0 0.0 0.0
233.4 0.0 -2.7173 0.0 0.0 0.0 0.0
233.6 0.0 -2.7173 0.0 0.0 0.0 0.0
233.8 0.0 -1.4963 0.0 0.0 0.0 0.0
234.0 0.0 0.1456 0.0 0.0 0.0 0.0
234.2 0.0 1.2433 0.0 0.0 0.0 0.0
234.4 0.0 2.2927 0.0 0.0 0.0 0.0
234.6 0.0 2.567 0.0 0.0 0.0 0.0
234.8 0.0 2.6763 0.0 0.0 0.0 0.0
235.0 0.0 2.9149 0.0 0.0 0.0 0.0
235.2 0.0 3.1961 0.0 0.0 0.0 0.0
235.4 0.0 4.1796 0.0 0.0 0.0 0.0
235.6 0.0 4.8081 0.0 0.0 0.0 0.0
235.8 0.0 5.473 0.0 0.0 0.0 0.0
236.0 0.0 5.6742 0.0 0.0 0.0 0.0
236.2 0.0 5.7831 0.0 0.0 0.0 0.0
236.4 0.0 5.8484 0.0 0.0 0.0 0.0
236.6 0.0 5.9167 0.0 0.0 0.0 0.0
236.8 0.0 5.9167 0.0 0.0 0.0 0.0
237.0 0.0 5.3341 0.0 0.0 0.0 0.0
237.2 0.0 3.3676 0.0 0.0 0.0 0.0
237.4 0.0 0.5693 0.0 0.0 0.0 0.0
237.6 0.0 -2.5101 0.0 0.0 0.0 0.0
237.8 0.0 -2.5101 0.0 0.0 0.0 0.0
238.0 0.0 -1.7311 0.0 0.0 0.0 0.0
238.2 0.0 -0.4577 0.0 0.0 0.0 0.0
238.4 0.0 0.3975 0.0 0.0 0.0 0.0
238.6 0.0 0.7705 0.0 0.0 0.0 0.0
238.8 0.0 1.3146 0.0 0.0 0.0 0.0
239.0 0.0 2.2113 0.0 0.0 0.0 0.0
239.2 0.0 2.7401 0.0 0.0 0.0 0.0
239.4 0.0 3.5171 0.0 0.0 0.0 0.0
239.6 0.0 4.2224 0.0 0.0 0.0 0.0
239.8 0.0 4.5237 0.0 0.0 0.0 0.0
240.0 0.0 5.2752 0.0 0.0 0.0 0.0
240.2 0.0 5.6849 0.0 0.0 0.0 0.0
240.4 0.0 5.685 0.0 0.0 0.0 0.0
240.6 0.0 5.8641 0.0 0.0 0.0 0.0
240.8 0.0 5.945 0.0 0.0 0.0 0.0
241.0 0.0 5.945 0.0 0.0 0.0 0.0
241.2 0.0 4.7971 0.0 0.0 0.0 0.0
241.4 0.0 2.7409 0.0 0.0 0.0 0.0
241.6 0.0 0.457 0.0 0.0 0.0 0.0
241.8 0.0 -1.5771 0.0 0.0 0.0 0.0
242.0 0.0 -1.7056 0.0 0.0 0.0 0.0
242.2 0.0 -1.7056 0.0 0.0 0.0 0.0
242.4 0.0 -0.6371 0.0 0.0 0.0 0.0
242.6 0.0 0.1878 0.0 0.0 0.0 0.0
242.8 0.0 0.6127 0.0 0.0 0.0 0.0
243.0 0.0 1.3779 0.0 0.0 0.0 0.0
243.2 0.0 2.1593 0.0 0.0 0.0 0.0
243.4 0.0 2.1601 0.0 0.0 0.0 0.0
243.6 0.0 2.9334 0.0 0.0 0.0 0.0
243.8 0.0 3.6871 0.0 0.0 0.0 0.0
244.0 0.0 4.0254 0.0 0.0 0.0 0.0
244.2 0.0 4.9905 0.0 0.0 0.0 0.0
244.4 0.0 5.2302 0.0 0.0 0.0 0.0
244.6 0.0 5.2871 0.0 0.0 0.0 0.0
244.8 0.0 5.344 0.0 0.0 0.0 0.0
245.0 0.0 5.355 0.0 0.0 0.0 0.0
245.2 0.0 5.485 0.0 0.0 0.0 0.0
245.4 0.0 5.5995 0.0 0.0 0.0 0.0
245.6 0.0 5.7637 0.0 0.0 0.0 0.0
245.8 0.0 5.7637 0.0 0.0 0.0 0.0
246.0 0.0 3.8547 0.0 0.0 0.0 0.0
246.2 0.0 1.6893 0.0 0.0 0.0 0.0
246.4 0.0 -0.5767 0.0 0.0 0.0 0.0
246.6 0.0 -1.9182 0.0 0.0 0.0 0.0
246.8 0.0 -1.9182 0.0 0.0 0.0 0.0
247.0 0.0 -1.6668 0.0 0.0 0.0 0.0
247.2 0.0 -0.4731 0.0 0.0 0.0 0.0
247.4 0.0 0.8708 0.0 0.0 0.0 0.0
247.6 0.0 2.9893 0.0 0.0 0.0 0.0
247.8 0.0 3.8435 0.0 0.0 0.0 0.0
248.0 0.0 4.6166 0.0 0.0 0.0 0.0
248.2 0.0 5.1327 0.0 0.0 0.0 0.0
248.4 0.0 5.8919 0.0 0.0 0.0 0.0
248.6 0.0 5.8919 0.0 0.0 0.0 0.0
248.8 0.0 5.8443 0.0 0.0 0.0 0.0
249.0 0.0 5.8152 0.0 0.0 0.0 0.0
249.2 0.0 5.3176 0.0 0.0 0.0 0.0
249.4 0.0 4.5682 0.0 0.0 0.0 0.0
249.6 0.0 3.77 0.0 0.0 0.0 0.0
249.8 0.0 2.9366 0.0 0.0 0.0 0.0
250.0 0.0 0.4828 0.0 0.0 0.0 0.0
250.2 0.0 -2.6567 0.0 0.0 0.0 0.0
250.4 0.0 -3.2453 0.0 0.0 0.0 0.0
250.6 0.0 -3.2453 0.0 0.0 0.0 0.0
250.8 0.0 -2.1344 0.0 0.0 0.0 0.0
251.0 0.0 -1.1438 0.0 0.0 0.0 0.0
251.2 0.0 -0.306 0.0 0.0 0.0 0.0
251.4 0.0 0.8155 0.0 0.0 0.0 0.0
251.6 0.0 2.6185 0.0 0.0 0.0 0.0
251.8 0.0 3.2838 0.0 0.0 0.0 0.0
252.0 0.0 4.1924 0.0 0.0 0.0 0.0
252.2 0.0 4.6738 0.0 0.0 0.0 0.0
252.4 0.0 5.2722 0.0 0.0 0.0 0.0
252.6 0.0 5.5622 0.0 0.0 0.0 0.0
252.8 0.0 5.5629 0.0 0.0 0.0 0.0
253.0 0.0 5.5629 0.0 0.0 0.0 0.0
253.2 0.0 5.0409 0.0 0.0 0.0 0.0
253.4 0.0 3.6447 0.0 0.0 0.0 0.0
253.6 0.0 2.3437 0.0 0.0 0.0 0.0
253.8 0.0 0.1855 0.0 0.0 0.0 0.0
254.0 0.0 -2.1115 0.0 0.0 0.0 0.0
254.2 0.0 -4.418 0.0 0.0 0.0 0.0
254.4 0.0 -4.418 0.0 0.0 0.0 0.0
254.6 0.0 -3.5285 0.0 0.0 0.0 0.0
254.8 0.0 -2.1554 0.0 0.0 0.0 0.0
255.0 0.0 -1.0902 0.0 0.0 0.0 0.0
255.2 0.0 0.2667 0.0 0.0 0.0 0.0
255.4 0.0 1.3092 0.0 0.0 0.0 0.0
255.6 0.0 2.4157 0.0 0.0 0.0 0.0
255.8 0.0 3.0691 0.0 0.0 0.0 0.0
256.0 0.0 3.9151 0.0 0.0 0.0 0.0
256.2 0.0 4.3195 0.0 0.0 0.0 0.0
256.4 0.0 4.7235 0.0 0.0 0.0 0.0
256.6 0.0 5.1601 0.0 0.0 0.0 0.0
256.8 0.0 5.4941 0.0 0.0 0.0 0.0
257.0 0.0 5.5142 0.0 0.0 0.0 0.0
257.2 0.0 5.5142 0.0 0.0 0.0 0.0
257.4 0.0 4.6407 0.0 0.0 0.0 0.0
257.6 0.0 3.9634 0.0 0.0 0.0 0.0
257.8 0.0 2.4408 0.0 0.0 0.0 0.0
258.0 0.0 -0.1044 0.0 0.0 0.0 0.0
258.2 0.0 -2.3467 0.0 0.0 0.0 0.0
258.4 0.0 -3.6933 0.0 0.0 0.0 0.0
258.6 0.0 -3.6933 0.0 0.0 0.0 0.0
258.8 0.0 -2.0488 0.0 0.0 0.0 0.0
259.0 0.0 -0.728 0.0 0.0 0.0 0.0
259.2 0.0 0.4924 0.0 0.0 0.0 0.0
259.4 0.0 1.4281 0.0 0.0 0.0 0.0
259.6 0.0 2.2911 0.0 0.0 0.0 0.0
259.8 0.0 3.5411 0.0 0.0 0.0 0.0
260.0 0.0 3.8786 0.0 0.0 0.0 0.0
260.2 0.0 4.3216 0.0 0.0 0.0 0.0
260.4 0.0 4.5866 0.0 0.0 0.0 0.0
260.6 0.0 5.002 0.0 0.0 0.0 0.0
260.8 0.0 5.4443 0.0 0.0 0.0 0.0
261.0 0.0 5.5211 0.0 0.0 0.0 0.0
261.2 0.0 5.5211 0.0 0.0 0.0 0.0
261.4 0.0 5.1744 0.0 0.0 0.0 0.0
261.6 0.0 4.3893 0.0 0.0 0.0 0.0
261.8 0.0 2.8993 0.0 0.0 0.0 0.0
262.0 0.0 0.8261 0.0 0.0 0.0 0.0
262.2 0.0 -1.2694 0.0 0.0 0.0 0.0
262.4 0.0 -3.3056 0.0 0.0 0.0 0.0
262.6 0.0 -3.3056 0.0 0.0 0.0 0.0
262.8 0.0 -3.0483 0.0 0.0 0.0 0.0
263.0 0.0 -0.9245 0.0 0.0 0.0 0.0
263.2 0.0 0.3305 0.0 0.0 0.0 0.0
263.4 0.0 1.1767 0.0 0.0 0.0 0.0
263.6 0.0 1.9119 0.0 0.0 0.0 0.0
263.8 0.0 3.3775 0.0 0.0 0.0 0.0
264.0 0.0 4.0145 0.0 0.0 0.0 0.0
264.2 0.0 4.3827 0.0 0.0 0.0 0.0
264.4 0.0 4.787 0.0 0.0 0.0 0.0
264.6 0.0 5.0489 0.0 0.0 0.0 0.0
264.8 0.0 5.4978 0.0 0.0 0.0 0.0
265.0 0.0 5.7928 0.0 0.0 0.0 0.0
265.2 0.0 5.7928 0.0 0.0 0.0 0.0
265.4 0.0 5.6649 0.0 0.0 0.0 0.0
265.6 0.0 4.8318 0.0 0.0 0.0 0.0
265.8 0.0 3.9761 0.0 0.0 0.0 0.0
266.0 0.0 2.2534 0.0 0.0 0.0 0.0
266.2 0.0 0.3315 0.0 0.0 0.0 0.0
266.4 0.0 -1.8817 0.0 0.0 0.0 0.0
266.6 0.0 -3.2531 0.0 0.0 0.0 0.0
266.8 0.0 -3.2531 0.0 0.0 0.0 0.0
267.0 0.0 -1.8065 0.0 0.0 0.0 0.0
267.2 0.0 -0.4317 0.0 0.0 0.0 0.0
267.4 0.0 -0.1536 0.0 0.0 0.0 0.0
267.6 0.0 0.5519 0.0 0.0 0.0 0.0
267.8 0.0 1.3315 0.0 0.0 0.0 0.0
268.0 0.0 3.4275 0.0 0.0 0.0 0.0
268.2 0.0 4.0048 0.0 0.0 0.0 0.0
268.4 0.0 4.5498 0.0 0.0 0.0 0.0
268.6 0.0 4.8073 0.0 0.0 0.0 0.0
268.8 0.0 4.9791 0.0 0.0 0.0 0.0
269.0 0.0 5.7233 0.0 0.0 0.0 0.0
269.2 0.0 5.8124 0.0 0.0 0.0 0.0
269.4 0.0 5.813 0.0 0.0 0.0 0.0
269.6 0.0 5.813 0.0 0.0 0.0 0.0
269.8 0.0 5.6613 0.0 0.0 0.0 0.0
270.0 0.0 4.6643 0.0 0.0 0.0 0.0
270.2 0.0 3.413 0.0 0.0 0.0 0.0
270.4 0.0 1.6839 0.0 0.0 0.0 0.0
270.6 0.0 1.1307 0.0 0.0 0.0 0.0
270.8 0.0 0.1201 0.0 0.0 0.0 0.0
271.0 0.0 -0.9452 0.0 0.0 0.0 0.0
271.2 0.0 -0.9452 0.0 0.0 0.0 0.0
271.4 0.0 0.3983 0.0 0.0 0.0 0.0
271.6 0.0 1.1387 0.0 0.0 0.0 0.0
271.8 0.0 1.3362 0.0 0.0 0.0 0.0
272.0 0.0 2.6058 0.0 0.0 0.0 0.0
272.2 0.0 4.119 0.0 0.0 0.0 0.0
272.4 0.0 4.5039 0.0 0.0 0.0 0.0
272.6 0.0 4.7351 0.0 0.0 0.0 0.0
272.8 0.0 5.0462 0.0 0.0 0.0 0.0
273.0 0.0 5.2697 0.0 0.0 0.0 0.0
273.2 0.0 5.3195 0.0 0.0 0.0 0.0
273.4 0.0 5.7733 0.0 0.0 0.0 0.0
273.6 0.0 5.7733 0.0 0.0 0.0 0.0
273.8 0.0 5.7512 0.0 0.0 0.0 0.0
274.0 0.0 5.7512 0.0 0.0 0.0 0.0
274.2 0.0 5.8012 0.0 0.0 0.0 0.0
274.4 0.0 6.0005 0.0 0.0 0.0 0.0
274.6 0.0 6.0005 0.0 0.0 0.0 0.0
274.8 0.0 5.8917 0.0 0.0 0.0 0.0
275.0 0.0 5.5516 0.0 0.0 0.0 0.0
275.2 0.0 3.7177 0.0 0.0 0.0 0.0
275.4 0.0 1.9123 0.0 0.0 0.0 0.0
275.6 0.0 0.072 0.0 0.0 0.0 0.0
275.8 0.0 -0.9429 0.0 0.0 0.0 0.0
276.0 0.0 -0.9429 0.0 0.0 0.0 0.0
276.2 0.0 -0.2726 0.0 0.0 0.0 0.0
276.4 0.0 0.533 0.0 0.0 0.0 0.0
276.6 0.0 1.6969 0.0 0.0 0.0 0.0
276.8 0.0 2.1638 0.0 0.0 0.0 0.0
277.0 0.0 2.1656 0.0 0.0 0.0 0.0
277.2 0.0 2.3298 0.0 0.0 0.0 0.0
277.4 0.0 2.6431 0.0 0.0 0.0 0.0
277.6 0.0 3.5038 0.0 0.0 0.0 0.0
277.8 0.0 4.8382 0.0 0.0 0.0 0.0
278.0 0.0 5.0473 0.0 0.0 0.0 0.0
278.2 0.0 5.3502 0.0 0.0 0.0 0.0
278.4 0.0 5.3981 0.0 0.0 0.0 0.0
278.6 0.0 5.4614 0.0 0.0 0.0 0.0
278.8 0.0 5.8356 0.0 0.0 0.0 0.0
279.0 0.0 5.8356 0.0 0.0 0.0 0.0
279.2 0.0 5.8136 0.0 0.0 0.0 0.0
279.4 0.0 4.6437 0.0 0.0 0.0 0.0
279.6 0.0 2.5475 0.0 0.0 0.0 0.0
279.8 0.0 0.6197 0.0 0.0 0.0 0.0
280.0 0.0 -1.4277 0.0 0.0 0.0 0.0
280.2 0.0 -2.9274 0.0 0.0 0.0 0.0
280.4 0.0 -2.9274 0.0 0.0 0.0 0.0
280.6 0.0 -1.795 0.0 0.0 0.0 0.0
280.8 0.0 -0.8409 0.0 0.0 0.0 0.0
281.0 0.0 0.04 0.0 0.0 0.0 0.0
281.2 0.0 1.2691 0.0 0.0 0.0 0.0
281.4 0.0 2.6657 0.0 0.0 0.0 0.0
281.6 0.0 3.3516 0.0 0.0 0.0 0.0
281.8 0.0 4.319 0.0 0.0 0.0 0.0
282.0 0.0 4.9982 0.0 0.0 0.0 0.0
282.2 0.0 5.0227 0.0 0.0 0.0 0.0
282.4 0.0 5.2594 0.0 0.0 0.0 0.0
282.6 0.0 5.3136 0.0 0.0 0.0 0.0
282.8 0.0 5.5766 0.0 0.0 0.0 0.0
283.0 0.0 6.0145 0.0 0.0 0.0 0.0
283.2 0.0 6.0145 0.0 0.0 0.0 0.0
283.4 0.0 5.849 0.0 0.0 0.0 0.0
283.6 0.0 5.8357 0.0 0.0 0.0 0.0
283.8 0.0 5.5282 0.0 0.0 0.0 0.0
284.0 0.0 4.0888 0.0 0.0 0.0 0.0
284.2 0.0 1.8969 0.0 0.0 0.0 0.0
284.4 0.0 0.0554 0.0 0.0 0.0 0.0
284.6 0.0 -0.8884 0.0 0.0 0.0 0.0
284.8 0.0 -2.8684 0.0 0.0 0.0 0.0
285.0 0.0 -2.8684 0.0 0.0 0.0 0.0
285.2 0.0 -2.0732 0.0 0.0 0.0 0.0
285.4 0.0 -1.6039 0.0 0.0 0.0 0.0
285.6 0.0 -0.9204 0.0 0.0 0.0 0.0
285.8 0.0 0.027 0.0 0.0 0.0 0.0
286.0 0.0 1.8239 0.0 0.0 0.0 0.0
286.2 0.0 3.5423 0.0 0.0 0.0 0.0
286.4 0.0 4.0392 0.0 0.0 0.0 0.0
286.6 0.0 4.5076 0.0 0.0 0.0 0.0
286.8 0.0 4.8763 0.0 0.0 0.0 0.0
287.0 0.0 5.6929 0.0 0.0 0.0 0.0
287.2 0.0 5.7271 0.0 0.0 0.0 0.0
287.4 0.0 5.7271 0.0 0.0 0.0 0.0
287.6 0.0 5.7845 0.0 0.0 0.0 0.0
287.8 0.0 5.709 0.0 0.0 0.0 0.0
288.0 0.0 5.4089 0.0 0.0 0.0 0.0
288.2 0.0 3.9472 0.0 0.0 0.0 0.0
288.4 0.0 2.291 0.0 0.0 0.0 0.0
288.6 0.0 0.1652 0.0 0.0 0.0 0.0
288.8 0.0 -2.533 0.0 0.0 0.0 0.0
289.0 0.0 -3.6368 0.0 0.0 0.0 0.0
289.2 0.0 -3.6368 0.0 0.0 0.0 0.0
289.4 0.0 -1.8661 0.0 0.0 0.0 0.0
289.6 0.0 -0.8505 0.0 0.0 0.0 0.0
289.8 0.0 0.0926 0.0 0.0 0.0 0.0
290.0 0.0 1.7521 0.0 0.0 0.0 0.0
290.2 0.0 3.3263 0.0 0.0 0.0 0.0
290.4 0.0 3.7694 0.0 0.0 0.0 0.0
290.6 0.0 4.1112 0.0 0.0 0.0 0.0
290.8 0.0 4.5507 0.0 0.0 0.0 0.0
291.0 0.0 4.7853 0.0 0.0 0.0 0.0
291.2 0.0 5.2448 0.0 0.0 0.0 0.0
291.4 0.0 5.4629 0.0 0.0 0.0 0.0
291.6 0.0 5.4891 0.0 0.0 0.0 0.0
291.8 0.0 5.4629 0.0 0.0 0.0 0.0
292.0 0.0 5.4891 0.0 0.0 0.0 0.0
292.2 0.0 5.5401 0.0 0.0 0.0 0.0
292.4 0.0 5.5401 0.0 0.0 0.0 0.0
292.6 0.0 4.8545 0.0 0.0 0.0 0.0
292.8 0.0 4.3461 0.0 0.0 0.0 0.0
293.0 0.0 3.388 0.0 0.0 0.0 0.0
293.2 0.0 1.7025 0.0 0.0 0.0 0.0
293.4 0.0 0.4944 0.0 0.0 0.0 0.0
293.6 0.0 -2.1246 0.0 0.0 0.0 0.0
293.8 0.0 -3.0299 0.0 0.0 0.0 0.0
294.0 0.0 -3.0299 0.0 0.0 0.0 0.0
294.2 0.0 -1.32 0.0 0.0 0.0 0.0
294.4 0.0 0.1091 0.0 0.0 0.0 0.0
294.6 0.0 0.6211 0.0 0.0 0.0 0.0
294.8 0.0 0.6437 0.0 0.0 0.0 0.0
295.0 0.0 0.9905 0.0 0.0 0.0 0.0
295.2 0.0 2.2983 0.0 0.0 0.0 0.0
295.4 0.0 3.1821 0.0 0.0 0.0 0.0
295.6 0.0 4.1371 0.0 0.0 0.0 0.0
295.8 0.0 4.7028 0.0 0.0 0.0 0.0
296.0 0.0 4.8549 0.0 0.0 0.0 0.0
296.2 0.0 5.1709 0.0 0.0 0.0 0.0
296.4 0.0 5.1713 0.0 0.0 0.0 0.0
296.6 0.0 5.4497 0.0 0.0 0.0 0.0
296.8 0.0 5.7037 0.0 0.0 0.0 0.0
297.0 0.0 5.7037 0.0 0.0 0.0 0.0
297.2 0.0 5.7037 0.0 0.0 0.0 0.0
297.4 0.0 5.6208 0.0 0.0 0.0 0.0
297.6 0.0 4.9842 0.0 0.0 0.0 0.0
297.8 0.0 4.2328 0.0 0.0 0.0 0.0
298.0 0.0 2.7078 0.0 0.0 0.0 0.0
298.2 0.0 1.022 0.0 0.0 0.0 0.0
298.4 0.0 -0.2965 0.0 0.0 0.0 0.0
298.6 0.0 -0.2965 0.0 0.0 0.0 0.0
298.8 0.0 0.2651 0.0 0.0 0.0 0.0
299.0 0.0 0.993 0.0 0.0 0.0 0.0
299.2 0.0 1.4662 0.0 0.0 0.0 0.0
299.4 0.0 2.0856 0.0 0.0 0.0 0.0
299.6 0.0 2.8084 0.0 0.0 0.0 0.0
299.8 0.0 3.3348 0.0 0.0 0.0 0.0
300.0 0.0 3.6933 0.0 0.0 0.0 0.0

