0 0 0 0 0 0 0
0.2 0.1 0.1 0.1 0.1 0.1 0.1
0.4 0 0 0 0 0 0
0.6 0.1 0.1 0.1 0.1 0.1 0.1
0.8 0 0 0 0 0 0
1 0.1 0.1 0.1 0.1 0.1 0.1
1.2 0 0 0 0 0 0
1.4 0.0258 0.1341 -0.0041 0.0215 -0.0216 -0.0052
1.6 0.0516 0.2683 -0.0082 0.0429 -0.0432 -0.0103
1.8 0.0775 0.4024 -0.0123 0.0644 -0.0648 -0.0155
2 0.0299 0.2774 0.0485 0.2413 -0.0234 -0.0112
2.2 -0.2674 -0.4743 0.4587 -0.2707 0.3451 -0.1387
2.4 -0.2346 -0.3019 0.4716 -0.3048 0.3109 -0.1287
2.6 -0.1725 -0.1029 0.3949 -0.2024 0.2199 -0.0862
2.8 -0.1569 -0.106 0.309 0.0179 0.1803 -0.0673
3 -0.1653 -0.1093 0.37 0.1675 0.1669 -0.0578
3.2 -0.0575 0.1795 0.0777 0.322 0.0016 -0.0031
3.4 0.1328 0.8405 0.0654 0.4054 -0.1633 0.0179
3.6 0.1691 0.9935 0.188 0.2477 -0.0407 -0.0622
3.8 0.176 1.0093 0.1364 0.3531 -0.1518 -0.0207
4 0.1774 1.0085 0.1549 0.4601 -0.2033 -0.0222
4.2 0.2656 1.2661 0.0872 0.4343 -0.0766 -0.0817
4.4 0.3026 1.3417 0.2308 0.4476 -0.1739 -0.0808
4.6 0.3033 1.3323 0.2052 0.5701 -0.2441 -0.0776
4.8 0.285 1.2809 0.2193 0.4749 -0.1429 -0.1059
5 0.1025 0.7056 0.4402 0.1245 0.0681 -0.0612
5.2 -0.4278 -0.9459 1.0327 -0.4996 0.4745 0.0253
5.4 -0.9797 -2.4977 1.3375 -0.7969 1.1212 -0.0496
5.6 -1.5716 -4.5323 2.2701 -0.881 1.5359 -0.1693
5.8 -3.0087 -8.7586 3.5351 -1.4897 2.9852 -0.3639
6 -3.751 -11.1459 4.4373 -1.6354 3.3134 -0.3943
6.2 -3.9161 -11.8118 4.7748 -1.427 4.0665 -0.8238
6.4 -3.3043 -10.2902 4.4593 -1.1856 3.2217 -0.6372
6.6 -2.7374 -8.0305 3.3379 -0.6825 2.685 -0.6478
6.8 -2.0953 -5.7022 2.3495 -0.4867 1.6086 -0.3898
7 -1.5047 -3.6361 1.5161 -0.1055 0.8661 -0.2871
7.2 -0.8805 -1.7982 0.9246 0.1027 0.4414 -0.2846
7.4 -0.5755 -1.067 0.7549 0.1451 0.3052 -0.2548
7.6 -0.4098 -0.4854 0.532 0.1384 0.1197 -0.1577
7.8 -0.1389 0.1639 0.3861 0.3453 0.7154 -0.3963
8 0.0666 0.6163 0.2791 0.4108 -0.0732 -0.1748
8.2 0.1256 0.8349 0.1864 0.3989 0.2754 -0.1961
8.4 0.3341 1.1574 0.1539 0.4026 0.0874 -0.1042
8.6 0.3366 0.9969 0.2329 0.1625 -0.2466 0.0636
8.8 0.1478 0.7038 0.2747 0.0705 -0.0957 0.1714
9 -0.1628 -0.4811 0.7145 -0.2125 0.3538 0.161
9.2 -0.7991 -2.0395 1.1915 -0.3908 0.9715 0.002
9.4 -1.0372 -2.8574 1.4859 -0.611 1.7415 -0.0164
9.6 -1.865 -5.4091 2.3929 -0.851 1.7729 -0.2043
9.8 -2.7195 -7.691 3.1587 -1.1835 2.7824 -0.3127
10 -3.4254 -10.2524 4.1142 -1.6311 3.3053 -0.281
10.2 -3.7396 -11.1483 4.4334 -1.7242 3.5784 -0.2341
10.4 -3.1412 -9.3012 3.7983 -1.2515 2.7214 -0.163
10.6 -2.2159 -6.2033 2.6803 -0.6246 1.4469 -0.4219
10.8 -1.7904 -4.3622 1.9988 -0.3758 1.2372 -0.48
11 -1.1085 -2.7995 1.4667 -0.1521 1.2083 -0.4489
11.2 -0.7709 -1.6812 1.0791 0.1278 0.649 -0.5792
11.4 -0.333 -0.6171 0.6938 -0.0527 0.0196 -0.1284
11.6 -0.1889 -0.1189 0.518 -0.0163 -0.1556 0.0297
11.8 -0.0793 0.2519 0.3877 0.1457 -0.0536 -0.0539
12 0.0396 0.5009 0.2853 0.1861 0.0708 -0.1063
12.2 0.0063 0.5259 0.2794 0.2212 0.0602 -0.1937
12.4 0.0571 0.5867 0.262 0.0562 -0.6108 0.0587
12.6 0.0589 0.5772 0.2482 0.3881 0.211 -0.4916
12.8 -0.314 -0.2816 0.5735 -0.0636 0.1151 -0.2856
13 -1.4627 -2.9256 1.5007 -0.5115 0.824 -0.4275
13.2 -2.0451 -4.8795 2.2048 -0.9205 1.3064 -0.3455
13.4 -2.7994 -7.2307 3.1111 -1.011 2.5021 -0.4302
13.6 -3.6296 -9.6642 4.0077 -1.2616 3.2281 -0.4346
13.8 -3.9921 -11.4046 4.667 -1.3474 3.7811 -0.1813
14 -4.0089 -11.6036 4.7679 -1.3685 3.1233 -0.2421
14.2 -3.6279 -10.3072 4.3142 -1.2194 2.2488 -0.1824
14.4 -2.884 -7.6994 3.3675 -0.7791 2.3413 -0.2071
14.6 -1.9188 -4.9282 2.3287 -0.5268 1.2739 -0.1716
14.8 -1.0384 -2.5192 1.4259 -0.2085 0.7676 -0.4419
15 -0.6461 -1.605 1.051 -0.4381 -0.4073 -0.0235
15.2 -0.2421 -0.7564 0.6951 -0.2353 -0.3697 -0.3516
15.4 -0.0482 -0.1985 0.4852 -0.0063 0.0437 -0.4776
15.6 0.0115 0.132 0.3707 0.0166 -0.2926 -0.1383
15.8 0.2935 0.708 0.1221 0.1252 -0.4587 -0.0851
16 0.2378 0.6861 0.1448 0.1753 -0.0692 -0.1968
16.2 0.0577 0.4731 0.2615 0.1161 0.0711 -0.4262
16.4 -0.2031 -0.003 0.4775 -0.0116 0.0776 -0.3511
16.6 -0.5079 -0.5994 0.735 -0.0711 0.5031 -0.5581
16.8 -1.316 -2.7148 1.5658 -0.5237 1.0074 -0.6577
17 -2.014 -4.5927 2.3174 -0.8913 1.3739 -0.6915
17.2 -2.7149 -6.8156 3.1382 -1.0234 2.1856 -0.7252
17.4 -3.3836 -9.2849 3.9994 -1.1692 2.9357 -0.5609
17.6 -3.7376 -10.7556 4.4902 -1.3292 3.5521 -0.6008
17.8 -3.6072 -10.3297 4.3368 -1.3075 3.2672 -0.4189
18 -2.7052 -7.1823 3.257 -0.5066 2.7802 -0.5746
18.2 -1.9106 -5.2305 2.4415 -0.7282 1.2141 -0.1444
18.4 -1.135 -3.2687 1.6177 -0.4566 0.6545 0.0101
18.6 -0.5953 -1.9146 1.0744 -0.2832 0.203 -0.2038
18.8 -0.1901 -1.0429 0.67 -0.157 0.0054 -0.1672
19 0.0112 0.0716 0.3766 0.0349 -0.1426 -0.3403
19.2 0.1467 0.3661 0.2405 0.0178 -0.4526 -0.084
19.4 0.1733 0.4907 0.1877 0.2064 -0.1443 -0.1215
19.6 0.1564 0.6243 0.1806 0.1333 -0.2985 -0.1251
19.8 0.1226 0.5628 0.2111 -0.0013 -0.3937 -0.1608
20 -0.1433 0.5544 0.421 0.0879 -0.2369 -0.2179
20.2 -0.6526 -0.6068 0.9283 -0.2938 0.2957 -0.6155
20.4 -1.2402 -2.4245 1.5647 -0.5353 1.2157 -0.9202
20.6 -1.8374 -4.1328 2.2145 -0.8306 1.6568 -0.9314
20.8 -2.5071 -6.339 2.9763 -1.1943 2.0425 -0.7688
21 -3.1702 -8.7211 3.7271 -1.4055 2.6984 -0.553
21.2 -3.3624 -9.6619 3.9809 -1.3671 2.7152 -0.1701
21.4 -3.1909 -9.0247 3.7969 -1.0938 2.8073 -0.2239
21.6 -2.5677 -7.1581 3.123 -0.5589 2.6852 -0.4732
21.8 -1.8188 -5.2525 2.3239 -0.4788 1.5742 -0.1731
22 -1.0774 -3.3861 1.5298 -0.2976 0.7706 0.0141
22.2 -0.3589 -1.3073 0.7484 -0.1058 0.0713 -0.1009
22.4 -0.0859 -0.7257 0.4425 -0.1917 -0.1637 -0.1269
22.6 0.0298 -0.2469 0.3153 -0.1264 -0.5723 0.0574
22.8 0.1116 0.1526 0.225 -0.154 -0.714 0.0106
23 0.1337 0.4952 0.2006 -0.016 -0.6326 -0.0697
23.2 0.1596 0.9543 0.1771 0.1125 -0.8486 0.0914
23.4 0.1177 0.8086 0.2136 0.002 -0.5079 -0.2009
23.6 0.0909 0.8134 0.2424 0.0667 -0.6072 -0.0123
23.8 -0.0664 0.5484 0.4218 0.0281 -0.4707 -0.0708
24 -0.6132 -0.5281 1.0021 -0.3949 0.1308 -0.4144
24.2 -1.0364 -1.4424 1.4804 -0.7843 0.4015 -0.6085
24.4 -1.6297 -3.3564 2.1213 -1.1164 1.0808 -0.7672
24.6 -2.1447 -4.9388 2.6732 -1.3654 1.5364 -0.7456
24.8 -2.3025 -5.3215 2.8508 -1.4117 1.7354 -0.8326
25 -2.6988 -6.7728 3.2672 -1.5084 2.0235 -0.6495
25.2 -3.6976 -10.1714 4.3081 -1.6631 3.3892 -0.6732
25.4 -3.518 -9.2739 4.1689 -1.2193 3.0398 -0.4207
25.6 -2.271 -6.2819 2.7831 -0.536 2.1736 -0.4213
25.8 -1.4331 -4.2004 1.8121 -0.4302 1.3721 -0.338
26 -0.7609 -2.479 1.0569 -0.3788 0.6204 -0.3377
26.2 -0.3613 -1.3513 0.609 -0.2104 0.1963 -0.2475
26.4 -0.174 -0.3552 0.4749 -0.3214 -0.2177 -0.2857
26.6 -0.1242 -0.0602 0.4577 -0.2457 -0.2159 -0.3607
26.8 -0.0379 0.1515 0.3741 -0.2197 -0.4577 -0.2712
27 -0.03 0.217 0.3547 -0.2906 -0.4998 -0.2365
27.2 -0.0744 0.2444 0.4372 -0.322 -0.3875 -0.328
27.4 0.0175 0.7977 0.4227 -0.1402 -0.5407 -0.2641
27.6 0.006 0.8189 0.4587 -0.05 -0.3079 -0.3848
27.8 -0.2601 0.2628 0.7764 -0.3893 -0.0736 -0.4687
28 -0.725 -0.8999 1.3216 -0.8929 0.1634 -0.4843
28.2 -1.22 -2.4217 1.8429 -1.2897 0.8352 -0.7089
28.4 -1.6739 -3.7093 2.3594 -1.3949 1.2416 -0.6925
28.6 -1.8167 -4.1152 2.5154 -1.4548 1.4348 -0.7238
28.8 -1.9825 -4.5634 2.7118 -1.4835 1.6356 -0.7482
29 -2.5928 -6.4889 3.2978 -1.6128 2.1187 -0.573
29.2 -3.1694 -8.3304 3.8819 -1.6164 2.8307 -0.6357
29.4 -2.4907 -6.7489 3.018 -0.9648 2.0098 -0.3629
29.6 -1.2638 -3.3445 1.6237 -0.4061 0.9427 -0.3133
29.8 -0.7581 -2.1102 0.9462 -0.2369 0.4985 -0.2844
30 -0.4356 -1.1505 0.6062 -0.3254 0.1531 -0.2887
30.2 -0.2467 -0.5102 0.4527 -0.1866 0.0064 -0.2833
30.4 -0.1499 -0.2032 0.3542 -0.2477 -0.1683 -0.257
30.6 -0.0122 0.4191 0.3956 -0.0637 -0.3192 -0.2647
30.8 0.0451 0.6401 0.3758 -0.1426 -0.4086 -0.2567
31 0.0546 0.684 0.3888 -0.0735 -0.329 -0.3133
31.2 0.074 0.7055 0.295 -0.2548 -0.3479 -0.3025
31.4 0.0736 0.7961 0.4256 -0.2013 -0.3705 -0.355
31.6 0.0866 0.7613 0.3895 -0.1375 -0.3126 -0.3769
31.8 0.1415 0.9654 0.4132 -0.2522 -0.3902 -0.3556
32 0.128 0.9879 0.5713 -0.1486 -0.3999 -0.3775
32.2 -0.2709 -0.0817 1.1339 -0.4955 -0.0262 -0.4031
32.4 -0.7211 -1.3835 1.5598 -0.9711 0.4713 -0.3784
32.6 -1.0895 -2.4681 1.8703 -1.5362 0.9662 -0.415
32.8 -1.5021 -3.6947 2.2426 -1.6433 1.3424 -0.3701
33 -1.8112 -4.5826 2.6966 -1.6872 1.5784 -0.3315
33.2 -2.3858 -6.2659 3.2999 -1.6954 2.1301 -0.3689
33.4 -2.4998 -6.6068 3.3721 -1.6905 2.2351 -0.3684
33.6 -2.5923 -6.8812 3.4333 -1.7057 2.3342 -0.3748
33.8 -2.2837 -6.0539 3.0563 -1.2162 2.0892 -0.4852
34 -1.6746 -4.3542 2.1356 -0.6762 1.3026 -0.3942
34.2 -0.9133 -2.1941 1.2513 -0.2739 0.6591 -0.4208
34.4 -0.6708 -1.4498 0.7569 -0.1936 0.3126 -0.3122
34.6 -0.582 -1.1303 0.6357 -0.384 0.3118 -0.2882
34.8 -0.455 -0.7507 0.479 -0.3484 0.0483 -0.1909
35 -0.9809 -3.5711 0.2586 -0.2211 0.0261 -0.2381
35.2 -1.0772 -3.7433 0.4849 -0.1713 0.1454 -0.2404
35.4 -1.1735 -3.9155 0.7111 -0.1215 0.2648 -0.2427
35.6 -1.2698 -4.0877 0.9373 -0.0716 0.3841 -0.245
35.8 -1.3662 -4.2598 1.1636 -0.0218 0.5034 -0.2473
36 -1.4625 -4.432 1.3898 0.028 0.6227 -0.2496
36.2 -1.5588 -4.6042 1.6161 0.0779 0.742 -0.2519
36.4 -1.6551 -4.7764 1.8423 0.1277 0.8614 -0.2543
36.6 -1.7515 -4.9486 2.0686 0.1775 0.9807 -0.2566
36.8 -1.8478 -5.1208 2.2948 0.2274 1.1 -0.2589
37 -1.8002 -4.8623 2.3429 0.2356 1.0576 -0.2629
37.2 -1.2562 -3.3633 1.643 0.0778 0.5557 -0.2206
37.4 -0.925 -2.5398 1.1108 -0.0191 0.2493 -0.1639
37.6 -0.5474 -1.5494 0.5369 -0.2316 0.0025 -0.1777
37.8 -0.3239 -0.8691 0.3263 -0.1289 -0.1839 -0.1673
38 -0.162 -0.3425 0.2469 -0.1501 -0.2709 -0.2079
38.2 0.1142 0.5709 0.1166 -0.0155 -0.4918 -0.2243
38.4 0.1589 0.7409 0.1164 0.1188 -0.4943 -0.2459
38.6 0.2116 0.9101 0.1159 0.0812 -0.524 -0.2799
38.8 0.2111 1.0508 0.2207 -0.0598 -0.3924 -0.369
39 0.046 0.706 0.6489 0.0185 -0.2253 -0.4504
39.2 -0.1615 0.2618 1.0253 -0.1929 0.0665 -0.5341
39.4 -0.5786 -0.8875 1.4905 -0.5434 0.5447 -0.6266
39.6 -1.1635 -2.6165 1.9852 -1.1397 1.0882 -0.624
39.8 -1.6439 -4.0577 2.3611 -1.2475 1.5167 -0.6176
40 -2.2012 -5.7865 2.8167 -1.4043 1.8805 -0.5204
40.2 -2.5818 -6.8637 3.5606 0.3621 1.9886 -0.6374
40.4 -2.7699 -7.3422 3.8705 0.4226 2.1796 -0.697
40.6 -2.6342 -7.0101 3.618 0.3793 2.0442 -0.6518
40.8 -2.181 -5.7979 2.8825 -0.0919 1.6783 -0.5547
41 -1.7435 -4.7192 2.1015 -0.319 1.2621 -0.4397
41.2 -1.3911 -3.7612 1.6215 -0.3965 0.9391 -0.3825
41.4 -0.9158 -2.4381 1.0795 -0.1636 0.4281 -0.307
41.6 -0.8532 -2.2299 1.0471 -0.1249 0.3585 -0.2754
41.8 -0.6664 -1.685 0.8265 -0.2512 0.2132 -0.2655
42 -0.4389 -0.963 0.6628 -0.3539 0.0639 -0.2885
42.2 -0.2834 -0.5401 0.4247 -0.4738 -0.0744 -0.2561
42.4 -0.0876 0.1335 0.3822 -0.5663 -0.1617 -0.3117
42.6 0.0633 0.671 0.395 -0.4847 -0.2525 -0.3608
42.8 0.1831 1.0332 0.2967 -0.3802 -0.3792 -0.3519
43 0.1953 1.1179 0.3785 -0.4404 -0.3362 -0.3898
43.2 -0.0711 0.4415 0.8592 -0.4988 -0.0206 -0.4836
43.4 -0.3431 -0.2963 1.2631 -0.5932 0.2694 -0.5452
43.6 -0.5429 -0.8463 1.577 -0.4376 0.5098 -0.6175
43.8 -1.1018 -2.5435 1.8286 -0.9595 1.0393 -0.5893
44 -1.5644 -3.8487 2.6967 0.0389 1.3322 -0.7354
44.2 -2.3528 -6.2447 3.3477 0.1883 1.9409 -0.7573
44.4 -3.0269 -8.5784 3.1982 0.1236 2.1665 -0.4635
44.6 -3.0428 -8.3179 4.0008 0.1972 2.4904 -0.7902
44.8 -2.3895 -6.4522 3.1933 0.1791 1.878 -0.7008
45 -1.9736 -5.2949 2.5721 0.0545 1.468 -0.5938
45.2 -1.6335 -4.3476 2.041 -0.1374 1.1419 -0.489
45.4 -1.2706 -3.3206 1.5092 -0.3309 0.806 -0.3907
45.6 -0.8647 -2.1513 0.9735 -0.5295 0.4518 -0.3037
45.8 -0.538 -1.1891 0.5937 -0.5971 0.175 -0.2874
46 -0.3665 -0.7151 0.4073 -0.4623 0.0012 -0.2779
46.2 -0.1742 -0.1723 0.255 -0.3036 -0.1667 -0.2621
46.4 -0.0153 0.349 0.254 -0.2479 -0.2924 -0.2522
46.6 0.0006 0.1975 -0.1371 0.8996 -0.7935 -0.0811
46.8 0.2756 1.2608 0.2567 -0.2409 -0.3766 -0.3856
47 0.3165 1.42 0.4214 -0.3021 -0.2955 -0.4552
47.2 0.1294 0.9407 0.8088 -0.5028 -0.042 -0.4972
47.4 -0.1318 0.1821 1.1631 -0.743 0.3642 -0.5777
47.6 -0.4648 -0.7498 1.456 -1.0589 0.6808 -0.575
47.8 -0.9267 -2.0989 1.7115 -1.0293 0.883 -0.5079
48 -1.2992 -3.2064 1.9858 -0.7114 0.945 -0.4353
48.2 -1.8089 -4.8188 2.4672 -0.0851 1.3901 -0.6385
48.4 -2.3895 -6.5138 3.1044 0.007 1.8985 -0.749
48.6 -2.7417 -7.5486 3.6209 0.3134 2.1798 -0.9004
48.8 -2.6141 -7.1257 3.4074 -0.2592 2.195 -0.7977
49 -1.9657 -5.2721 2.8525 0.0092 1.5978 -0.7657
49.2 -1.448 -3.7747 2.1834 0.0126 1.0609 -0.6387
49.4 -1.1725 -2.9722 1.395 -0.3547 0.8276 -0.4715
49.6 -0.9139 -2.2128 0.8363 -0.3639 0.3593 -0.2389
49.8 -0.7033 -1.5961 0.59 -0.486 0.229 -0.176
50 -0.4757 -0.9345 0.3202 -0.4275 -0.009 -0.136
50.2 -0.266 -0.3216 0.1641 -0.4046 -0.1808 -0.1277
50.4 -0.1686 -0.0481 0.1147 -0.3373 -0.182 -0.1999
50.6 -0.1148 0.0974 0.0724 -0.2473 -0.1683 -0.271
50.8 0.033 0.551 0.2367 -0.5329 -0.2264 -0.1972
51 0.1656 0.907 0.416 -0.4293 -0.2466 -0.2976
51.2 0.4388 1.6753 0.5043 -0.5524 -0.2706 -0.3658
51.4 0.3175 1.3473 0.3814 -0.6367 -0.2377 -0.2816
51.6 0.1185 0.7644 0.6517 -0.6636 -0.0217 -0.3262
51.8 -0.322 -0.576 1.3607 -0.2315 0.2917 -0.5495
52 -0.7245 -1.7078 1.4986 -0.2358 0.5258 -0.5178
52.2 -0.9386 -2.3401 1.805 -0.2517 0.7604 -0.5804
52.4 -1.443 -3.7073 2.1651 -0.755 1.2766 -0.5709
52.6 -2.0492 -5.3771 2.6728 -1.3226 1.8744 -0.4887
52.8 -2.5119 -6.8347 2.9059 0.1178 1.7708 -0.744
53 -2.3121 -6.2634 2.8487 -0.0264 1.7251 -0.7406
53.2 -1.9149 -5.1055 2.3326 0.0321 1.2954 -0.6442
53.4 -1.4005 -3.62 1.8666 -0.1358 0.9382 -0.5423
53.6 -1.0792 -2.6499 1.4073 -0.3399 0.6861 -0.4012
53.8 -0.8467 -1.8825 0.7502 -0.3 0.1715 -0.2205
54 -0.5917 -1.1439 0.4453 -0.3346 0.0323 -0.1571
54.2 -0.4916 -0.8562 0.4382 -0.4619 0.0611 -0.1423
54.4 -0.372 -0.5138 0.3259 -0.4547 0.0541 -0.1965
54.6 -0.2523 -0.1715 0.2136 -0.4475 0.0471 -0.2507
54.8 -0.0798 0.2314 0.2482 -0.0202 -0.2494 -0.3263
55 0.0595 0.6563 0.2172 -0.4811 -0.2725 -0.1796
55.2 0.0721 0.729 -0.026 -0.1664 -0.5696 -0.1065
55.4 0.1873 0.9853 0.0702 0.0118 -0.6909 -0.1727
55.6 0.3622 1.3352 0.4501 -0.2463 0.0254 -0.5962
55.8 0.0773 0.5052 0.8738 -0.6121 0.0933 -0.3406
56 -0.4276 -0.8461 1.2389 -1.0557 0.585 -0.3042
56.2 -0.9257 -2.2037 1.6788 -1.1767 0.9509 -0.4346
56.4 -1.3276 -3.3086 1.9397 -1.2923 1.3705 -0.434
56.6 -1.7785 -4.5814 2.3651 -1.4047 1.6951 -0.3684
56.8 -2.169 -5.7594 3.0028 -1.4837 2.1626 -0.5361
57 -2.8225 -7.6266 3.0368 0.1506 2.1381 -0.8834
57.2 -2.6185 -7.0847 3.4332 -1.1991 2.7157 -0.7686
57.4 -2.1447 -5.709 2.4218 0.1954 1.5011 -0.7802
57.6 -1.6192 -4.0978 1.8061 -0.3555 1.2692 -0.5719
57.8 -1.1473 -2.6579 1.0691 -0.2908 0.9521 -0.5054
58 -0.8819 -1.8807 0.7316 -0.1655 0.4467 -0.4094
58.2 -0.6129 -1.0854 0.3873 -0.127 0.0101 -0.2188
58.4 -0.4755 -0.6146 0.2317 -0.5429 0.1008 -0.1472
58.6 -0.2645 -0.1023 0.1395 -0.1459 -0.1876 -0.2256
58.8 -0.189 0.1118 0.1039 -0.26 -0.1762 -0.2272
59 -0.0221 0.5148 0.0848 -0.1657 -0.2402 -0.2855
59.2 0.0631 0.6742 0.1819 -0.0301 -0.2865 -0.3307
59.4 0.2061 1.071 0.1543 -0.2723 -0.277 -0.334
59.6 0.2426 1.1165 0.2485 -0.3592 -0.431 -0.2469
59.8 0.1968 0.8264 0.6122 -0.296 0.0113 -0.4899
60 -0.3758 -0.7333 1.1478 -0.8738 0.3141 -0.2988
60.2 -0.9097 -2.1944 1.6139 -1.1019 1.0004 -0.3696
60.4 -1.512 -3.821 2.0909 -1.3505 1.6585 -0.4032
60.6 -2.0362 -5.2303 2.519 -1.5628 1.946 -0.2945
60.8 -2.3787 -6.32 3.0316 -1.3705 2.2912 -0.5361
61 -2.57 -6.8838 3.2395 -1.284 2.5784 -0.6535
61.2 -2.2052 -5.9656 3.0266 -0.9723 2.2702 -0.73
61.4 -1.8749 -4.8688 2.36 -0.7566 1.6904 -0.5806
61.6 -1.6403 -3.9389 1.621 -0.4917 1.2379 -0.4696
61.8 -1.1275 -2.4379 0.9954 -0.2382 0.8245 -0.4853
62 -0.8757 -1.6434 0.5834 -0.0186 0.5146 -0.4562
62.2 -0.7327 -1.1836 0.3999 -0.1068 0.2848 -0.3703
62.4 -0.5086 -0.5903 0.2665 -0.1788 0.152 -0.2641
62.6 -0.2895 -0.1111 0.3068 -0.2912 -0.1232 -0.1756
62.8 0.0062 0.5978 0.1675 -0.0205 -0.393 -0.2399
63 0.1184 0.7832 0.2793 0.0207 -0.0467 -0.4903
63.2 0.1674 0.9775 0.1834 -0.0948 -0.126 -0.3969
63.4 0.2846 1.1752 0.2743 -0.2176 -0.382 -0.3051
63.6 0.1555 0.8073 0.4602 -0.4431 0.0748 -0.3449
63.8 -0.1037 -0.0275 0.8436 -0.4224 0.1721 -0.428
64 -0.3793 -0.8463 1.2416 -0.9593 0.4955 -0.284
64.2 -0.953 -2.3724 1.6544 -0.9336 0.9167 -0.3568
64.4 -1.5188 -3.9261 2.1729 -1.0401 1.6405 -0.4853
64.6 -2.1687 -5.7088 2.7347 -1.1911 1.9078 -0.4156
64.8 -3.048 -8.2386 3.7285 -1.6205 2.8549 -0.4562
65 -3.1609 -8.5944 3.8936 -1.6053 3.0533 -0.529
65.2 -2.5665 -7.0446 3.3765 -0.8895 2.5456 -0.7851
65.4 -2.2492 -5.8454 2.6632 -0.7946 2.0304 -0.6104
65.6 -1.9259 -4.75 2.0806 -0.534 1.6598 -0.6023
65.8 -1.6904 -3.85 1.5123 -0.1534 1.4121 -0.7138
66 -1.5259 -3.3043 1.2505 -0.122 1.1855 -0.6548
66.2 -1.0592 -2.0222 0.8256 -0.0117 0.6198 -0.5118
66.4 -0.8515 -1.3798 0.5537 -0.013 0.2318 -0.4046
66.6 -0.6737 -0.8718 0.4132 -0.1885 0.2371 -0.2982
66.8 -0.5448 -0.6354 0.4185 0.0065 0.2869 -0.4684
67 -0.5471 -0.6355 0.4204 -0.0169 0.3148 -0.4592
67.2 -0.3045 -0.033 0.3066 -0.0236 0.4462 -0.5781
67.4 0.0328 0.6609 0.2666 -0.0422 0.091 -0.462
67.6 0.105 0.7336 0.3228 -0.1092 -0.3535 -0.3224
67.8 -0.0852 0.1764 0.597 -0.4408 0.2102 -0.3454
68 -0.4481 -0.9452 1.1196 -0.8178 0.5091 -0.2208
68.2 -0.8134 -1.9505 1.4482 -0.9377 0.9749 -0.3113
68.4 -1.3088 -3.2922 1.8952 -1.015 1.4678 -0.4594
68.6 -2.055 -5.2136 2.4649 -1.3322 1.9447 -0.3297
68.8 -2.79 -7.332 3.2618 -1.4007 2.937 -0.6191
69 -3.3493 -8.9042 3.8168 -1.3663 3.436 -0.7669
69.2 -2.9486 -7.9661 3.6078 -1.2995 2.9778 -0.6664
69.4 -2.3582 -6.253 2.9463 -0.8022 2.7045 -0.869
69.6 -2.0705 -5.1628 2.329 -0.5248 2.1001 -0.7409
69.8 -1.8362 -4.1597 1.7336 -0.3379 1.7317 -0.7288
70 -1.5514 -3.2395 1.2959 -0.1423 1.0589 -0.62
70.2 -1.1688 -2.207 0.9615 -0.0919 0.8405 -0.5534
70.4 -0.8035 -1.2282 0.6651 -0.1735 0.3663 -0.3594
70.6 -0.7293 -1.017 0.6361 -0.3477 0.1829 -0.221
70.8 -0.6582 -0.8419 0.5583 -0.147 -0.0003 -0.2967
71 -0.6266 -0.7329 0.5249 -0.2104 0.0507 -0.2978
71.2 -0.421 -0.2499 0.4274 -0.098 0.1671 -0.4398
71.4 -0.0421 0.5631 0.3111 -0.1751 -0.1642 -0.3259
71.6 0.0635 0.8318 0.2604 -0.198 0.0664 -0.4119
71.8 0.1166 0.889 0.2684 -0.2427 -0.3003 -0.2521
72 -0.0256 0.5635 0.3541 -0.1038 0.176 -0.5433
72.2 -0.2555 -0.1997 0.6985 -0.54 0.0807 -0.2408
72.4 -0.6189 -1.084 0.9658 -0.8493 0.3296 -0.0857
72.6 -1.0433 -2.181 1.3072 -0.7796 1.2407 -0.4909
72.8 -1.6085 -3.7005 1.8353 -1.0596 1.6308 -0.3627
73 -1.7469 -4.108 1.9962 -1.1505 1.8125 -0.4215
73.2 -2.1262 -5.2561 2.4441 -1.1154 2.1284 -0.5105
73.4 -2.5836 -6.6349 3.0001 -1.1252 2.6166 -0.6453
73.6 -2.2949 -5.8563 2.7158 -0.7926 2.374 -0.8178
73.8 -1.8837 -4.5768 2.1809 -0.5756 1.8667 -0.6889
74 -1.6501 -3.7841 1.8252 -0.5646 1.5847 -0.582
74.2 -1.2873 -2.597 1.3088 -0.4185 1.1629 -0.5513
74.4 -1.0623 -1.9049 1.0191 -0.138 0.8597 -0.5952
74.6 -0.5611 -0.6975 0.6471 -0.0674 0.117 -0.469
74.8 -0.355 -0.1746 0.5078 0.0764 0.3311 -0.6789
75 -0.24 0.094 0.4589 -0.1853 -0.0085 -0.2668
75.2 -0.1093 0.4293 0.3406 -0.0552 -0.1759 -0.3655
75.4 -0.0562 0.6343 0.25 -0.0707 -0.081 -0.3785
75.6 0.2016 1.0827 0.2102 -0.1382 -0.3661 -0.2024
75.8 0.2566 1.0562 0.3165 -0.1055 0.2278 -0.4499
76 -0.376 -0.3848 0.7028 -0.3289 0.7413 -0.5654
76.2 -0.9043 -1.9067 1.2776 -0.7078 1.1484 -0.5063
76.4 -1.629 -3.6159 1.7865 -0.8999 1.653 -0.4822
76.6 -2.2695 -5.4633 2.4938 -0.6933 2.6998 -0.9635
76.8 -2.7763 -7.0339 3.1426 -0.9637 3.1203 -0.9299
77 -3.3949 -8.9317 3.9221 -1.3418 3.545 -0.821
77.2 -3.5122 -9.4768 4.2091 -1.1577 3.834 -1.0157
77.4 -3.039 -7.8581 3.5215 -0.9308 3.4279 -0.9801
77.6 -2.6843 -6.6796 2.9932 -0.545 2.9408 -1.0813
77.8 -2.0369 -4.8511 2.3079 -0.4116 2.1762 -0.8573
78 -1.7919 -4.0124 1.9418 -0.2641 1.9201 -0.9146
78.2 -1.5014 -3.3699 1.7575 -0.3925 1.4338 -0.6743
78.4 -1.4246 -2.9038 1.5014 -0.4011 1.1532 -0.5349
78.6 -0.9935 -1.7921 1.1198 -0.3061 0.6182 -0.4571
78.8 -0.5194 -0.6773 0.7785 -0.1932 0.3133 -0.4438
79 -0.4075 -0.2206 0.5564 -0.0388 0.198 -0.5614
79.2 -0.2367 0.0317 0.5298 -0.1437 -0.0688 -0.4152
79.4 -0.1728 0.3198 0.4205 -0.1926 0.1526 -0.3211
79.6 -0.1004 0.3737 0.4369 -0.0722 0.1011 -0.4577
79.8 -0.0762 0.4767 0.3752 -0.2182 -0.4912 -0.085
80 0.1452 0.808 0.3534 -0.3467 -0.2088 -0.0128
80.2 -0.1383 0.118 0.5601 -0.2754 0.2641 -0.4025
80.4 -0.9541 -1.8023 1.1992 -0.4073 1.4178 -0.6848
80.6 -1.8184 -4.1578 2.0541 -0.836 1.8927 -0.6684
80.8 -2.5115 -6.1705 2.8438 -1.015 2.7536 -0.7219
81 -3.0833 -7.915 3.5523 -1.1918 3.6054 -0.9003
81.2 -3.5448 -9.5367 4.2257 -1.6151 3.6178 -0.5993
81.4 -3.2808 -8.6643 3.8924 -1.3052 3.8865 -0.7342
81.6 -2.7114 -6.7573 3.1262 -0.9533 3.0461 -0.603
81.8 -2.2671 -5.4631 2.6166 -0.6982 2.4481 -0.7202
82 -1.5276 -3.094 1.7371 0.0737 2.6275 -1.5983
82.2 -1.5243 -3.0763 1.735 0.1073 2.7274 -1.6634
82.4 -1.521 -3.0587 1.7329 0.141 2.8272 -1.7285
82.6 -1.5177 -3.041 1.7308 0.1746 2.9271 -1.7937
82.8 -1.2098 -2.7521 1.6226 -0.1983 2.1754 -1.1732
83 -0.8495 -1.9903 1.3197 -0.4203 1.4788 -0.6582
83.2 -0.6226 -1.2423 1.0197 -0.4136 1.192 -0.4848
83.4 -0.4443 -0.7961 0.8494 -0.189 0.7991 -0.8475
83.6 0.1131 0.0945 0.5145 -0.3202 -0.0714 -0.2206
83.8 -0.0731 0.2992 0.4079 -0.3652 0.3099 -0.0769
84 -0.0299 0.4557 0.3378 -0.3941 0.6661 0.048
84.2 0.1863 0.7008 0.2582 -0.0502 1.4197 -0.4968
84.4 0.1933 0.7853 0.229 0.0704 1.6474 -0.6906
84.6 0.0771 0.786 0.2207 -0.0113 1.3861 -0.5555
84.8 -0.297 0.0387 0.5146 -0.1106 1.5516 -0.5152
85 -0.5281 -0.5646 0.7405 -0.3117 1.348 -0.4661
85.2 -0.7518 -1.1534 0.9602 -0.5153 1.1287 -0.4155
85.4 -1.5821 -3.0822 1.6998 -0.8741 1.3877 -0.5105
85.6 -2.2834 -5.1225 2.5111 -0.949 2.1395 -0.8621
85.8 -2.648 -6.2496 2.9594 -0.9449 2.9949 -1.0493
86 -2.4314 -6.1529 2.9294 -1.1055 1.5016 -0.4574
86.2 -2.3104 -5.35 2.6317 -0.9124 2.2628 -0.4973
86.4 -2.1578 -4.8372 2.4343 -0.8189 2.035 -0.4022
86.6 -1.6771 -3.9418 2.0732 -0.7559 1.6822 -0.2241
86.8 -1.0332 -2.3146 1.4414 -0.5339 0.7907 -0.4255
87 -0.8567 -1.9046 1.2647 -0.6218 0.2122 -0.0616
87.2 -0.6334 -1.3758 1.0481 -0.6199 0.0123 -0.0848
87.4 -0.3101 -0.7627 0.7961 -0.4349 -0.1414 -0.2781
87.6 -0.2254 -0.2877 0.6222 -0.3055 -0.0097 -0.2959
87.8 0.1468 0.3615 0.3284 -0.2281 -0.0791 -0.245
88 0.0319 0.3663 0.324 -0.2895 -0.3301 -0.1344
88.2 0.0902 0.4564 0.296 -0.108 0.0503 -0.3551
88.4 0.0964 0.6233 0.2255 -0.0974 0.1654 -0.2542
88.6 -0.0587 0.5085 0.2931 -0.1201 0.152 -0.3379
88.8 -0.3403 0.2902 0.4125 -0.1325 0.4287 -0.4243
89 -0.3601 0.0865 0.4815 -0.1377 0.5236 -0.424
89.2 -0.9952 -1.6857 1.1654 -0.5132 0.8843 -0.5199
89.4 -1.6512 -3.6672 1.9203 -0.7157 1.8094 -0.6641
89.6 -2.2708 -5.2034 2.5443 -0.9235 2.2256 -0.744
89.8 -2.4123 -5.8149 2.7764 -0.8734 2.5465 -0.9702
90 -2.5864 -6.3804 2.9905 -0.9535 2.7148 -0.7102
90.2 -2.3453 -5.796 2.76 -0.9161 2.2064 -0.4838
90.4 -1.8433 -4.5225 2.2671 -0.5524 2.0308 -0.233
90.6 -1.4763 -3.7122 1.9267 -0.4791 1.7067 -0.2119
90.8 -1.0305 -2.6324 1.4879 -0.399 1.1821 -0.2583
91 -0.7703 -1.8944 1.2067 -0.2143 1.1865 -0.4961
91.2 -0.4627 -1.3329 0.9369 -0.376 0.2745 -0.219
91.4 -0.2935 -0.8936 0.7489 -0.4335 -0.2787 0.093
91.6 -0.1342 -0.5423 0.5892 -0.2984 0.1832 -0.2493
91.8 0.0861 0.2082 0.3196 -0.0982 0.1241 -0.3079
92 0.1953 0.5428 0.167 -0.1027 -0.2411 -0.0425
92.2 0.2444 0.5821 0.1283 -0.0793 0.0087 -0.3349
92.4 0.0309 0.5879 0.1865 -0.0896 0.2205 -0.2712
92.6 -0.3381 -0.1409 0.5001 -0.2876 0.3428 -0.2306
92.8 -0.6453 -0.8656 0.7979 -0.4126 0.5771 -0.2916
93 -1.0753 -1.8767 1.2333 -0.449 1.3129 -0.771
93.2 -1.8108 -3.8967 2.0381 -0.7509 1.9457 -0.9752
93.4 -2.4329 -6.3184 2.8923 -0.9366 2.9112 -1.1148
93.6 -3.1401 -8.6591 3.7581 -1.269 3.471 -0.9452
93.8 -3.8541 -11.0317 4.602 -1.5604 4.0546 -0.7971
94 -3.7398 -10.3911 4.3786 -1.3697 3.9023 -0.3299
94.2 -3.0523 -8.1191 3.5408 -0.7325 3.945 -0.5562
94.4 -2.5729 -6.6669 3.0118 -0.6451 2.8663 -0.3244
94.6 -2.0839 -5.5023 2.5311 -0.5688 2.1725 -0.2146
94.8 -1.8447 -4.7536 2.2515 -0.4959 1.9621 -0.3275
95 -1.4266 -3.9242 1.8752 -0.5426 1.2543 -0.194
95.2 -1.1276 -2.946 1.523 -0.2812 1.4864 -0.5352
95.4 -0.9707 -2.6419 1.3755 -0.491 0.8967 -0.2679
95.6 -0.8413 -2.0828 1.1854 -0.3214 0.8831 -0.177
95.8 -0.7135 -1.584 1.0397 -0.2312 0.8709 -0.5823
96 -0.5766 -1.2256 0.8866 -0.0681 1.0843 -0.5863
96.2 -0.4284 -0.6958 0.7034 -0.0541 0.8954 -0.5199
96.4 -0.3933 -0.7595 0.6856 -0.2294 0.5239 -0.2434
96.6 -0.5411 -1.0235 0.832 -0.2066 0.8119 -0.5345
96.8 -0.5417 -1.1186 0.8515 -0.2058 0.8471 -0.5328
97 -0.5423 -1.2137 0.871 -0.205 0.8823 -0.5311
97.2 -0.9447 -2.1752 1.2708 -0.3001 1.481 -0.8927
97.4 -1.2451 -2.9542 1.5751 -0.5057 1.4527 -0.6428
97.6 -0.9896 -2.1742 1.2743 -0.3888 1.2445 -0.4483
97.8 -0.7358 -1.5057 1.032 -0.2233 1.0567 -0.6633
98 -0.2744 -0.138 0.5107 -0.0646 0.5941 -0.3631
98.2 0.0424 0.6447 0.1893 0.0065 0.3178 -0.3782
98.4 0.1854 1.1974 0.004 0.1768 0.5052 -0.5961
98.6 -0.2303 0.4813 0.3552 -0.1425 0.4318 -0.4499
98.8 -1.0358 -1.69 1.193 -0.4408 1.2394 -0.6054
99 -1.848 -3.5362 1.9937 -0.7123 1.9483 -0.6347
99.2 -2.4656 -5.3136 2.6785 -0.9671 2.4024 -0.6709
99.4 -3.3956 -8.8074 3.8429 -1.1462 3.7866 -0.9465
99.6 -4.2122 -11.4444 4.7732 -1.4945 4.4647 -0.7464
99.8 -4.4964 -12.5337 5.1209 -1.4169 4.6193 -0.1355
100 -3.9497 -10.5931 4.4576 -1.1359 3.8408 0.1198
100.2 -3.126 -8.1097 3.5384 -0.7478 3.2474 -0.0278
100.4 -2.4901 -6.7285 2.9224 -0.5364 2.8921 -0.213
100.6 -2.0198 -5.4268 2.4421 -0.5567 2.3064 -0.5315
100.8 -1.6523 -4.3924 2.0456 -0.6336 1.4531 -0.2649
101 -1.1578 -3.0191 1.5199 -0.4243 1.197 -0.4265
101.2 -0.7245 -1.6861 1.0203 -0.3904 0.5973 -0.2314
101.4 -0.5087 -1.2509 0.8239 -0.2466 0.6729 -0.4482
101.6 -0.3064 -0.4952 0.5746 -0.2008 0.417 -0.403
101.8 -0.2053 -0.2016 0.4749 -0.1544 0.4908 -0.6318
102 -0.1492 0.0093 0.3968 -0.0286 0.7114 -0.793
102.2 0.0242 0.6521 0.1688 0.3987 1.4651 -1.2533
102.4 -0.0796 0.7213 0.2345 0.1864 0.9594 -0.9804
102.6 -0.307 0.3589 0.4185 0.0039 0.981 -0.8019
102.8 -0.7941 -0.7243 0.9004 -0.4332 0.6978 -0.4601
103 -1.3791 -2.0864 1.492 -0.8362 0.9034 -0.4963
103.2 -1.7402 -2.9946 1.8828 -0.7853 1.5395 -0.8887
103.4 -2.5065 -5.2711 2.7182 -1.0086 2.5479 -0.9465
103.6 -3.1778 -7.6451 3.5128 -1.3762 2.9141 -0.75
103.8 -3.8546 -10.3037 4.3691 -1.4229 3.8804 -0.8697
104 -4.0835 -11.0954 4.6168 -1.3725 4.2579 -0.5054
104.2 -3.5448 -9.0988 3.9699 -0.876 3.8349 -0.3806
104.4 -2.7143 -6.562 3.0621 -0.4165 3.1619 -0.4497
104.6 -2.2492 -5.5623 2.6153 -0.459 2.3453 -0.2495
104.8 -1.7471 -4.1635 2.0804 -0.5275 1.5468 -0.1773
105 -1.1822 -2.9234 1.5054 -0.3756 1.189 -0.1764
105.2 -0.6952 -1.5026 0.9763 -0.3014 0.7884 -0.3525
105.4 -0.4045 -0.3829 0.6251 0.1294 1.2015 -0.9203
105.6 -0.2431 0.1395 0.4357 0.1585 1.3983 -1.2942
105.8 -0.2092 0.4226 0.3652 0.1832 1.1872 -1.0865
106 -0.1735 0.6077 0.3216 0.256 1.3632 -1.3322
106.2 -0.182 0.7664 0.3057 0.3965 1.4976 -1.3024
106.4 -0.2166 1.1977 0.2623 0.4343 1.6483 -1.4263
106.6 -0.2644 0.8689 0.3391 0.1969 1.1955 -1.0387
106.8 -0.7197 -0.3474 0.8368 -0.3443 0.8746 -0.6608
107 -1.1684 -1.4759 1.3021 -0.497 1.5781 -1.0439
107.2 -1.6663 -2.8785 1.8445 -0.7502 1.873 -1.0693
107.4 -1.7408 -3.1609 1.937 -0.8917 1.6238 -0.8432
107.6 -2.128 -4.2408 2.3704 -1.102 1.8287 -0.8215
107.8 -2.8918 -6.572 3.2115 -1.1525 3.0425 -1.0657
108 -3.8599 -9.9332 4.3205 -1.4818 3.9686 -0.8594
108.2 -4.0597 -10.6481 4.5435 -1.1564 4.3969 -0.647
108.4 -3.3007 -8.3325 3.7064 -0.7378 3.7695 -0.5512
108.6 -2.3116 -5.7653 2.6798 -0.6273 2.3699 -0.3713
108.8 -1.8895 -5.1023 2.2854 -0.4156 2.095 -0.3764
109 -1.3942 -4.1159 1.792 -0.3866 1.751 -0.5148
109.2 -1.01 -3.2954 1.4179 -0.5448 0.8703 -0.2922
109.4 -0.6872 -2.3132 1.0646 -0.2365 1.1341 -0.6965
109.6 -0.4696 -1.2045 0.7722 0.231 2.0204 -1.5671
109.8 -0.379 -0.984 0.6791 0.1752 1.6157 -1.2539
110 -0.3297 -0.6875 0.6193 0.2851 1.8584 -1.5785
110.2 -0.3067 -0.3477 0.5687 0.3696 2.0288 -1.8085
110.4 -0.291 0.0446 0.5154 0.5647 2.1829 -1.9061
110.6 -0.231 0.651 0.4222 0.5572 1.9534 -1.796
110.8 -0.2508 0.6954 0.4312 0.6172 2.0549 -1.7937
111 -0.2953 0.6415 0.4568 0.5991 1.9842 -1.6312
111.2 -0.4284 0.2386 0.5766 0.0442 0.8365 -0.526
111.4 -0.5047 -0.0922 0.6691 -0.0975 0.6755 -0.3803
111.6 -0.8609 -0.8747 1.0455 -0.3903 0.8486 -0.4712
111.8 -1.4308 -2.3348 1.65 -0.5454 1.5143 -0.6858
112 -2.1412 -4.7822 2.4533 -0.8939 2.292 -0.8674
112.2 -2.7607 -6.8765 3.1607 -1.0724 2.7887 -0.8135
112.4 -3.3266 -8.9778 3.789 -1.119 3.5936 -0.8314
112.6 -3.0575 -8.0898 3.478 -0.8504 3.3166 -0.5785
112.8 -2.4485 -6.1127 2.7843 -0.4949 2.4269 -0.0714
113 -1.8531 -5.0186 2.1877 -0.2929 2.1529 -0.2949
113.2 -1.4685 -4.0989 1.7809 -0.1678 1.531 0.0276
113.4 -1.0831 -3.0437 1.3868 -0.198 1.2361 -0.2747
113.6 -0.6971 -2.3305 0.9931 -0.2497 0.7397 -0.1959
113.8 -0.4212 -1.2356 0.6786 -0.1339 0.4657 -0.2053
114 -0.2315 -0.6841 0.4784 -0.1124 0.1858 -0.1342
114.2 -0.1377 -0.4424 0.387 -0.1648 -0.013 -0.1135
114.4 -0.0196 -0.0391 0.268 -0.2462 -0.2979 -0.0832
114.6 0.0723 0.2778 0.1776 -0.1206 -0.382 -0.0662
114.8 0.0675 0.5475 0.17 -0.2031 -0.3463 -0.1239
115 0.1474 1.0739 0.0798 -0.1047 -0.5013 -0.0698
115.2 0.1324 1.1266 0.085 -0.1782 -0.5149 -0.0669
115.4 0.166 1.1508 0.0566 -0.1937 -0.3136 -0.3198
115.6 -0.1235 0.8371 0.3181 -0.1257 0.1798 -0.3325
115.8 -0.742 -0.4963 0.9508 -0.3572 1.099 -0.7533
116 -1.2458 -1.7927 1.5043 -0.6659 1.4082 -0.8191
116.2 -1.7891 -3.2551 2.092 -0.6806 2.2323 -1.1123
116.4 -2.3022 -5.0419 2.6615 -1.1318 2.3847 -0.9921
116.6 -2.9561 -7.0008 3.3532 -1.1856 3.1589 -1.0046
116.8 -3.2259 -8.1261 3.6593 -1.2464 3.4754 -1.0612
117 -2.9151 -7.1657 3.3028 -0.794 3.1134 -0.6568
117.2 -2.3358 -5.3009 2.6808 -0.5459 2.219 -0.2624
117.4 -1.835 -4.5269 2.1199 -0.3392 2.0039 -0.3007
117.6 -1.4514 -3.7243 1.7378 -0.4371 1.3078 -0.182
117.8 -1.1042 -2.919 1.3411 -0.2556 1.1817 -0.2236
118 -0.7848 -2.1207 1.0209 -0.2328 0.9517 -0.4085
118.2 -0.414 -1.1268 0.638 -0.1893 0.2384 -0.1447
118.4 -0.2894 -0.8843 0.4816 -0.043 0.3099 -0.164
118.6 -0.1532 -0.4379 0.3256 0.0289 0.2534 -0.1854
118.8 -0.0748 -0.1711 0.2788 -0.2733 -0.0371 -0.3093
119 -0.0707 -0.0323 0.2427 -0.1084 0.1189 -0.2193
119.2 0.0356 0.2907 0.1464 0.1416 0.0638 -0.2025
119.4 0.0607 0.7968 0.1196 -0.0663 -0.2107 -0.0799
119.6 -0.1447 0.5686 0.343 -0.0518 -0.0146 -0.0458
119.8 -0.6221 -0.2553 0.8819 -0.2055 0.8842 -0.5689
120 -1.0698 -1.4836 1.3863 -0.5339 1.1837 -0.6657
120.2 -1.6041 -2.7071 1.9854 -0.8748 1.7097 -0.8733
120.4 -1.9049 -3.6026 2.2842 -0.9995 2.1237 -0.9381
120.6 -2.3578 -5.386 2.7519 -1.1227 2.7616 -1.111
120.8 -3.0058 -7.3441 3.4587 -1.2663 3.4099 -1.201
121 -3.2377 -8.2187 3.6746 -1.2669 3.4581 -0.8883
121.2 -2.8518 -7.104 3.227 -0.6472 3.218 -0.6516
121.4 -2.1613 -5.3673 2.4636 -0.2556 2.4243 -0.3565
121.6 -1.5789 -4.0444 1.8422 -0.1943 1.5347 -0.1365
121.8 -1.0651 -2.9313 1.2946 -0.3076 1.1149 -0.4122
122 -0.7631 -2.2198 0.9382 -0.3535 0.597 -0.1836
122.2 -0.4242 -1.4532 0.5798 -0.3691 0.4521 -0.4697
122.4 -0.3067 -0.9746 0.4358 -0.1727 0.2622 -0.2593
122.6 -0.1242 0.023 0.2989 -0.181 -0.0088 -0.3173
122.8 -0.049 0.2638 0.192 0.0105 -0.1181 -0.0999
123 0.0137 0.4829 0.1417 -0.0731 -0.161 -0.1956
123.2 0.0502 0.584 0.11 -0.0893 -0.2266 -0.1878
123.4 0.078 0.6709 0.0893 -0.1633 -0.2147 -0.2757
123.6 -0.0042 0.8659 0.1905 -0.1081 -0.1523 -0.1752
123.8 -0.4417 0.3426 0.719 -0.0509 0.6843 -0.4829
124 -1.1755 -1.2999 1.5708 -0.5298 1.5719 -0.8389
124.2 -1.7671 -3.1802 2.2133 -0.9351 2.1767 -1.0236
124.4 -2.2437 -4.8767 2.7065 -1.1154 2.4936 -0.9007
124.6 -2.8959 -6.7068 3.4064 -1.3829 3.0426 -0.8385
124.8 -3.097 -7.4398 3.6139 -1.168 3.4845 -0.979
125 -2.7834 -6.6867 3.2664 -1.0391 2.9294 -0.728
125.2 -2.2833 -5.434 2.705 -0.7081 2.3062 -0.4934
125.4 -1.8211 -4.4766 2.145 -0.3702 1.6667 -0.1646
125.6 -1.4636 -3.6727 1.7391 -0.3631 1.3696 -0.2538
125.8 -1.1658 -2.623 1.449 -0.2233 1.3213 -0.4699
126 -0.7602 -1.854 0.9502 -0.2932 0.6809 -0.2734
126.2 -0.5897 -1.5658 0.7284 -0.1659 0.6096 -0.3013
126.4 -0.4765 -1.1306 0.6097 -0.0895 0.5684 -0.3244
126.6 -0.3093 -0.6369 0.4586 -0.186 0.3802 -0.4209
126.8 -0.135 0.0345 0.3326 -0.0295 0.1559 -0.4037
127 -0.0318 0.4128 0.219 -0.0661 -0.1074 -0.2426
127.2 0.0184 0.4712 0.1508 -0.2914 -0.1414 -0.3454
127.4 -0.0241 0.5068 0.2115 -0.1586 -0.1672 -0.2193
127.6 -0.2116 0.4777 0.4676 0.1474 0.3174 -0.3121
127.8 -0.6713 -0.5042 1.0268 -0.2026 0.9603 -0.5916
128 -1.1716 -1.6308 1.6501 -0.6224 1.3609 -0.6738
128.2 -1.6938 -3.2084 2.1916 -0.9968 2.1971 -1.0276
128.4 -2.2415 -5.1794 2.7417 -1.3405 2.0511 -0.5567
128.6 -2.8876 -6.8889 3.4178 -1.1506 3.6063 -1.1885
128.8 -3.3198 -8.4605 3.8138 -1.3135 3.3468 -0.5955
129 -3.0885 -7.6122 3.6169 -0.9857 3.301 -0.6817
129.2 -2.8349 -6.7373 3.3868 -0.7085 3.1702 -0.7445
129.4 -2.2337 -5.2499 2.7127 -0.3245 2.3533 -0.4689
129.6 -1.628 -4.099 1.9527 -0.5353 1.6606 -0.4562
129.8 -1.2733 -3.1244 1.5519 -0.2258 1.5885 -0.6041
130 -1.0178 -2.4645 1.2576 -0.2742 0.93 -0.2507
130.2 -0.5709 -1.2684 0.8082 -0.1082 0.3393 -0.1484
130.4 -0.4645 -0.9524 0.6659 -0.1084 0.636 -0.4725
130.6 -0.2673 -0.3453 0.4699 -0.0695 0.2164 -0.2912
130.8 -0.1107 -0.1417 0.2288 -0.45 0.335 -0.6345
131 -0.0679 0.2154 0.268 -0.2913 0.0863 -0.443
131.2 0.0369 0.6842 0.1892 -0.3347 0.168 -0.6034
131.4 -0.057 0.8172 0.4302 -0.1584 -0.128 -0.2551
131.6 -0.4839 0.2693 1.0175 -0.0563 0.8833 -0.6825
131.8 -0.8781 -0.8783 1.4171 -0.4007 1.297 -0.7592
132 -1.2295 -2.1301 1.7688 -0.3924 1.4277 -0.6276
132.2 -1.7048 -3.6624 2.22 -0.4719 1.8074 -0.5562
132.4 -2.2238 -5.0788 2.7833 -0.8954 2.388 -0.6821
132.6 -2.8355 -7.3023 3.304 -0.5504 2.623 -0.2901
132.8 -3.5411 -8.9245 4.1851 -0.5641 3.2379 -0.229
133 -3.5811 -9.1088 4.2053 -0.5523 3.3082 -0.2403
133.2 -3.123 -7.8915 3.6939 -0.4293 2.8872 -0.2508
133.4 -2.4428 -6.1323 2.9089 -0.3947 2.2657 -0.2878
133.6 -1.9054 -4.9332 2.2151 -0.4681 1.8224 -0.3598
133.8 -1.4537 -3.9761 1.6137 -0.4607 1.4596 -0.4193
134 -1.0189 -3.0698 1.0239 -0.4621 1.104 -0.4713
134.2 -0.7797 -2.4993 0.7242 -0.454 0.927 -0.5167
134.4 -0.5714 -1.8728 0.513 -0.4419 0.7568 -0.5456
134.6 -0.1116 -0.4863 0.0567 -0.4346 0.2922 -0.5363
134.8 -0.0783 -0.2598 0.0662 -0.42 0.3103 -0.5768
135 -0.0755 -0.0219 0.174 -0.2979 0.3821 -0.647
135.2 -0.0853 0.3319 0.3997 -0.0044 0.4991 -0.7604
135.4 -0.0888 0.4934 0.4164 -0.0053 0.2717 -0.4949
135.6 -0.0162 0.8088 0.3654 -0.2102 0.2735 -0.5825
135.8 -0.3228 0.384 0.8378 -0.2606 0.9721 -0.9067
136 -0.7952 -0.6465 1.4638 -0.3153 1.4032 -0.8744
136.2 -1.165 -1.8725 1.7995 -0.4359 1.5138 -0.6769
136.4 -1.6147 -3.4079 2.1739 -0.6537 1.9092 -0.6556
136.6 -2.2818 -5.315 2.8864 -1.0264 2.6352 -0.7809
136.8 -2.8447 -7.3311 3.2724 -1.2522 3.0869 -0.6655
137 -3.4062 -8.919 3.9526 -1.6089 3.42 -0.6042
137.2 -3.1054 -8.2386 3.5398 -0.4898 2.8532 -0.2288
137.4 -2.6684 -6.9441 3.105 -0.4992 2.3587 -0.1875
137.6 -2.2971 -5.7681 2.7274 -0.4882 2.1973 -0.3115
137.8 -1.8486 -4.4077 2.2998 0.0531 1.9954 -0.4665
138 -1.6002 -3.9615 1.9152 -0.2636 1.7089 -0.4678
138.2 -1.2881 -3.2909 1.5034 -0.4019 1.353 -0.4653
138.4 -1.0746 -2.6996 1.2737 -0.0829 1.1139 -0.408
138.6 -0.8598 -2.032 1.0598 -0.0735 0.9621 -0.4473
138.8 -0.518 -1.0774 0.6822 -0.1845 0.5855 -0.4261
139 -0.427 -0.8467 0.6112 -0.1219 0.4765 -0.4315
139.2 -0.3274 -0.5218 0.5529 -0.1152 0.4282 -0.4869
139.4 -0.2568 -0.1958 0.5207 0.0857 0.4629 -0.5386
139.6 -0.0499 0.4064 0.2595 -0.6036 0.4994 -0.7903
139.8 -0.0739 0.5183 0.3786 -0.413 0.5663 -0.7911
140 -0.1807 0.7077 0.7666 0.1945 0.5184 -0.5862
140.2 -0.5286 -0.0462 1.241 -0.1283 1.018 -0.7295
140.4 -0.9176 -1.1896 1.6827 -0.5155 1.5897 -0.947
140.6 -1.2595 -2.3566 1.9571 -0.326 1.5962 -0.6572
140.8 -1.837 -4.0378 2.5515 -0.9542 2.4007 -0.8817
141 -2.3615 -5.4786 3.1338 -1.1696 2.7717 -0.7504
141.2 -2.9287 -7.4582 3.5527 -1.3747 3.2288 -0.6769
141.4 -3.0539 -7.8401 3.6944 -0.6051 3.0423 -0.4017
141.6 -2.6673 -6.8032 3.2538 -0.5276 2.7285 -0.4582
141.8 -2.3772 -5.9551 2.9769 -0.4967 2.5954 -0.5936
142 -1.7595 -4.237 2.3455 0.0003 1.8463 -0.476
142.2 -1.3682 -3.1592 1.8298 -0.3331 1.5604 -0.536
142.4 -1.0619 -2.5867 1.3079 -0.4043 1.2735 -0.5346
142.6 -0.747 -1.8435 0.915 -0.4224 0.9896 -0.5771
142.8 -0.5811 -1.3786 0.7282 -0.3071 0.7534 -0.4909
143 -0.3424 -0.581 0.5721 -0.421 0.6303 -0.5973
143.2 -0.2854 -0.3405 0.5488 -0.3456 0.483 -0.5029
143.4 -0.2385 -0.1842 0.5463 -0.1141 0.4564 -0.517
143.6 -0.0879 0.2753 0.3368 -0.32 0.5274 -0.6778
143.8 -0.0589 0.3574 0.4106 0.0435 0.3152 -0.5424
144 -0.0741 0.3334 0.417 -0.0537 0.381 -0.5778
144.2 0.0399 1.0225 0.5383 0.1526 0.4442 -0.7035
144.4 -0.2327 0.4596 0.9018 -0.1465 0.9106 -0.8506
144.6 -0.5845 -0.448 1.3861 -0.4827 1.314 -0.9139
144.8 -1.041 -1.7211 1.8979 -0.6894 1.7772 -0.9417
145 -1.4671 -3.1138 2.2065 -1.07 2.1999 -0.9164
145.2 -1.7819 -4.005 2.5471 -1.1867 2.5604 -0.9373
145.4 -2.0422 -4.7968 2.8467 -0.3333 2.3962 -0.6367
145.6 -2.5576 -6.4997 3.1848 -1.1271 2.9843 -0.6963
145.8 -2.4783 -6.2339 3.191 -1.135 2.9547 -0.737
146 -2.1319 -5.2986 2.8322 -0.9857 2.4071 -0.5697
146.2 -1.7215 -4.2053 2.3461 -0.5971 2.0217 -0.5776
146.4 -1.275 -3.0234 1.8119 -0.5112 1.5602 -0.561
146.6 -1.0032 -2.4321 1.3747 -0.4824 1.2341 -0.5066
146.8 -0.7906 -1.8765 1.0966 -0.1867 1.0177 -0.4779
147 -0.6937 -1.6898 0.9205 -0.2634 0.9372 -0.4951
147.2 -0.4791 -1.1046 0.6471 -0.0992 0.655 -0.4217
147.4 -0.2452 -0.3463 0.4981 -0.235 0.5309 -0.5171
147.6 -0.1274 0.0089 0.4393 -0.2531 0.3331 -0.436
147.8 -0.0447 0.2863 0.3328 -0.4133 0.3884 -0.5139
148 -0.0498 0.2982 0.3598 -0.3799 0.4151 -0.5288
148.2 -0.0684 0.3139 0.4489 -0.1967 0.3723 -0.492
148.4 -0.0777 0.661 0.8369 0.1604 0.6031 -0.687
148.6 -0.1354 0.7402 1.123 -0.1164 0.791 -0.7894
148.8 -0.479 -0.3462 1.3816 -0.6828 1.1709 -0.816
149 -0.9306 -1.5836 1.9083 -0.9205 1.5569 -0.7657
149.2 -1.361 -2.9891 2.2176 -1.2688 2.0105 -0.7861
149.4 -1.8012 -4.338 2.5632 -1.2757 2.3488 -0.7099
149.6 -2.2336 -5.5282 3.0883 -1.2803 2.616 -0.6027
149.8 -2.5141 -6.3626 3.3581 -1.243 2.8636 -0.5736
150 -2.354 -6.0258 3.1457 -0.3568 2.4459 -0.4582
150.2 -2.0443 -5.2902 2.6782 -0.4739 2.1952 -0.4824
150.4 -1.7414 -4.4906 2.2547 -0.6314 1.8543 -0.417
150.6 -1.3936 -3.5314 1.8731 -0.4685 1.6273 -0.5057
150.8 -1.0338 -2.5439 1.4238 -0.3995 1.1701 -0.4157
151 -0.9114 -2.2751 1.186 -0.3511 1.0573 -0.4037
151.2 -0.8196 -1.9854 1.1108 -0.2688 0.9277 -0.3334
151.4 -0.73 -1.7468 1.0174 -0.4355 0.9153 -0.3903
151.6 -0.5269 -1.217 0.7963 -0.1666 0.676 -0.3901
151.8 -0.3427 -0.6863 0.5168 -0.6989 0.6813 -0.4576
152 -0.0916 0.1413 0.4771 -0.0653 0.4195 -0.4669
152.2 -0.0984 0.078 0.3626 -0.6693 0.5812 -0.5429
152.4 -0.0491 0.2717 0.348 -0.5878 0.5034 -0.5282
152.6 -0.1132 0.2759 0.7517 -0.1666 0.6867 -0.6635
152.8 -0.2503 0.1048 1.1263 -0.1863 0.8023 -0.6421
153 -0.4648 -0.332 1.5813 -0.5249 1.1852 -0.7639
153.2 -0.9141 -1.6964 2.0022 -0.5839 1.6291 -0.7758
153.4 -1.428 -3.2715 2.3394 -0.9324 1.978 -0.6339
153.6 -1.9629 -4.9564 2.7328 -1.1595 2.3889 -0.5149
153.8 -2.5007 -6.5245 3.326 -1.1862 2.8752 -0.5094
154 -3.0332 -7.9325 4.0552 -1.3537 3.4727 -0.5499
154.2 -3.0277 -8.0574 3.8083 -1.0733 3.3633 -0.5224
154.4 -2.5442 -6.8864 3.0928 -0.3046 2.62 -0.4328
154.6 -2.0897 -5.5005 2.7906 -0.1563 2.2993 -0.5345
154.8 -1.6871 -4.4349 2.2091 -0.0712 1.8287 -0.4451
155 -1.3576 -3.498 1.8294 -0.0735 1.5276 -0.4313
155.2 -0.6693 -1.5923 1.047 0.0371 0.8843 -0.4234
155.4 -0.5687 -1.2904 0.9574 0.0295 0.8575 -0.4762
155.6 -0.4383 -1.02 0.6265 -0.1299 0.6846 -0.4143
155.8 -0.1822 -0.1347 0.4652 -0.5939 0.7056 -0.5402
156 -0.0291 0.3346 0.4725 -0.1418 0.5395 -0.5894
156.2 0.2213 1.2004 0.4955 0.1231 0.3442 -0.6412
156.4 0.151 0.9995 0.583 0.2567 0.3958 -0.6502
156.6 -0.0893 0.4297 1.0926 0.015 0.7486 -0.7449
156.8 -0.6166 -1.1313 1.5726 -0.1922 1.2344 -0.7289
157 -1.1258 -2.6204 2.0163 -0.5874 1.6478 -0.6263
157.2 -1.6335 -4.0007 2.6894 -0.6814 2.1469 -0.6461
157.4 -2.4292 -6.3721 3.336 -1.1129 2.8139 -0.5091
157.6 -3.3429 -9.0459 4.2521 -1.3457 3.5851 -0.4032
157.8 -3.8715 -10.5516 4.8204 -1.5998 4.0941 -0.3933
158 -3.6901 -10.0677 4.7283 -1.1534 3.8306 -0.4183
158.2 -3.1202 -8.4887 4.0764 -0.5597 3.211 -0.4673
158.4 -2.2197 -5.8925 3.1494 -0.1246 2.4011 -0.5641
158.6 -1.7119 -4.5071 2.3915 -0.1431 1.9421 -0.5391
158.8 -1.4156 -3.7587 1.7931 0.094 1.5585 -0.4776
159 -1.2433 -3.2643 1.5319 -0.0253 1.4268 -0.4569
159.2 -1.0206 -2.6263 1.323 0.0878 1.252 -0.4847
159.4 -0.5568 -1.209 0.9282 -0.0518 0.9371 -0.5523
159.6 -0.4008 -0.7959 0.6984 0.0295 0.8217 -0.5739
159.8 -0.184 -0.0035 0.6893 -0.5804 0.8724 -0.635
160 -0.1645 -0.0017 0.5915 -0.1811 0.758 -0.6451
160.2 -0.0042 0.4827 0.4939 0.0295 0.5716 -0.66
160.4 -0.0224 0.5626 0.9449 -0.1195 0.7566 -0.7809
160.6 -0.5777 -1.0293 1.4942 -0.5489 1.3121 -0.7459
160.8 -1.0607 -2.3708 2.0973 -0.7745 1.7309 -0.7045
161 -1.8355 -4.6632 2.713 -0.9756 2.3385 -0.6115
161.2 -2.6091 -6.8875 3.5298 -1.2871 3.0554 -0.5522
161.4 -3.1713 -8.4526 4.3263 -1.4658 3.5487 -0.4957
161.6 -3.7634 -10.1859 5.2587 -0.7228 3.9823 -0.6839
161.8 -3.8634 -10.5056 5.3311 -0.49 4.0005 -0.6955
162 -3.529 -9.6013 4.6382 -1.0428 3.7797 -0.5567
162.2 -2.6987 -7.2627 3.5938 -0.2725 2.8633 -0.6126
162.4 -2.0495 -5.479 2.6153 -0.0189 2.2239 -0.5774
162.6 -1.5708 -4.1049 1.9565 -0.1805 1.9018 -0.6008
162.8 -1.3055 -3.3401 1.5374 -0.2539 1.6264 -0.5457
163 -1.0315 -2.5706 0.9797 -0.2316 1.3365 -0.4879
163.2 -0.8687 -2.0988 0.8746 -0.091 1.2074 -0.5426
163.4 -0.627 -1.3442 0.7068 -0.4207 1.1368 -0.5504
163.6 -0.2854 -0.3116 0.3253 -0.7673 0.9412 -0.5132
163.8 -0.2243 -0.136 0.3808 -0.6409 0.9717 -0.6168
164 -0.1306 0.1775 0.2833 -0.6555 0.8348 -0.5591
164.2 -0.0659 0.3743 0.2748 -0.7439 0.8438 -0.5732
164.4 -0.0432 0.453 0.5124 -0.5103 0.831 -0.6745
164.6 0.0232 0.6517 0.8018 -0.1325 0.7373 -0.7793
164.8 -0.4854 -0.7386 1.6833 -0.7979 1.4794 -0.8622
165 -1.337 -3.2252 2.2718 -1.1016 1.9062 -0.5397
165.2 -2.0877 -5.3951 2.9321 -1.3748 2.5883 -0.5013
165.4 -2.8191 -7.481 3.8871 -1.718 3.2603 -0.4421
165.6 -3.2871 -8.8467 4.4161 -1.7679 3.6922 -0.4554
165.8 -3.1702 -8.5205 4.3036 -1.5408 3.454 -0.4297
166 -2.6172 -6.9869 3.6576 -1.109 3.031 -0.5809
166.2 -2.0632 -5.4407 2.4634 -0.4663 2.2446 -0.5083
166.4 -1.6882 -4.3969 2.2177 -0.271 2.0502 -0.621
166.6 -1.3478 -3.3783 1.6234 -0.3478 1.6957 -0.5447
166.8 -0.9773 -2.327 1.1579 -0.053 1.3357 -0.5612
167 -0.7707 -1.6674 0.932 -0.2861 1.3291 -0.6206
167.2 -0.5532 -0.946 0.6695 -0.918 1.1876 -0.4333
167.4 -0.4393 -0.6586 0.6399 -0.5885 1.0923 -0.5142
167.6 -0.3431 -0.3527 0.6197 -0.7374 1.011 -0.5014
167.8 -0.2006 0.0036 0.6666 -0.4356 0.9573 -0.6516
168 -0.0824 0.2913 0.7125 -0.1603 0.9114 -0.7822
168.2 -0.1709 -0.006 0.7496 -0.1108 0.9313 -0.746
168.4 -0.2594 -0.3033 0.7866 -0.0613 0.9512 -0.7098
168.6 -0.348 -0.6006 0.8236 -0.0118 0.971 -0.6736
168.8 -0.4365 -0.8979 0.8606 0.0376 0.9909 -0.6374
169 -0.525 -1.1952 0.8976 0.0871 1.0108 -0.6012
169.2 -0.6135 -1.4925 0.9346 0.1366 1.0307 -0.565
169.4 -0.7021 -1.7898 0.9716 0.1861 1.0505 -0.5288
169.6 -0.7906 -2.0871 1.0086 0.2356 1.0704 -0.4926
169.8 -0.8791 -2.3844 1.0457 0.285 1.0903 -0.4564
170 -0.9486 -2.6078 1.0786 0.3027 1.1101 -0.4283
170.2 -0.7263 -2.0253 0.7691 0.2643 0.8778 -0.3974
170.4 -0.6303 -1.75 0.6893 0.3983 0.7788 -0.3946
170.6 -0.5434 -1.4992 0.5758 0.44 0.7222 -0.4044
170.8 -0.2654 -0.678 0.31 0.5189 0.5175 -0.4366
171 0.027 0.2758 0.1161 0.4154 0.4351 -0.5694
171.2 0.1024 0.5598 0.1154 0.4198 0.4404 -0.6207
171.4 0.1168 0.732 0.2132 0.4638 0.471 -0.6786
171.6 0.0752 0.8047 0.5191 0.4196 0.5447 -0.7051
171.8 -0.1707 0.2897 0.9635 0.3084 0.9792 -0.8702
172 -0.6948 -1.308 1.4478 -0.0975 1.3972 -0.7998
172.2 -1.2105 -2.8977 1.9109 -0.536 1.7923 -0.6967
172.4 -1.7327 -4.5023 2.3926 -0.9865 2.2206 -0.6051
172.6 -2.3704 -6.4603 2.9452 -1.1196 2.5351 -0.402
172.8 -2.6507 -7.0475 3.7007 -0.294 2.6026 -0.3721
173 -2.7418 -7.4898 3.6012 -0.3547 2.5682 -0.2884
173.2 -2.2441 -6.0543 3.0228 -0.4539 2.2734 -0.4098
173.4 -1.8323 -5.0856 2.2585 -0.023 1.7523 -0.3046
173.6 -1.4297 -3.9622 1.7213 -0.2443 1.5074 -0.3902
173.8 -0.9493 -2.6868 1.0499 0.2504 0.9352 -0.3257
174 -0.6686 -1.8799 0.8 0.1568 0.6666 -0.2699
174.2 -0.5597 -1.4322 0.8027 -0.3602 0.9382 -0.4971
174.4 -0.2898 -0.8222 0.3185 0.3779 0.4798 -0.3923
174.6 -0.1975 -0.4931 0.3654 0.2216 0.4566 -0.4547
174.8 0.0027 0.1757 0.2099 0.3878 0.2991 -0.4691
175 0.1374 0.9189 0.616 -0.8269 0.7894 -0.7368
175.2 0.1428 0.7625 0.4467 -0.0157 0.5069 -0.6329
175.4 0.1468 0.6866 0.3643 0.4433 0.2824 -0.5438
175.6 -0.2042 -0.2509 0.7842 0.2601 0.6171 -0.569
175.8 -0.8363 -2.0015 1.5169 -0.4029 1.3352 -0.594
176 -1.2227 -2.9735 2.1145 -0.6592 1.8121 -0.663
176.2 -1.792 -4.6345 2.7595 -0.3092 2.1948 -0.6838
176.4 -2.5275 -6.7714 3.3562 -0.845 2.8209 -0.5476
176.6 -3.2861 -9.1346 3.7382 0.0631 3.0184 -0.4828
176.8 -3.5688 -9.8043 4.488 -0.0086 3.4195 -0.6324
177 -3.2083 -8.7669 3.9306 -0.5401 3.1366 -0.4758
177.2 -2.3404 -6.2606 2.9854 -0.1458 2.5372 -0.6767
177.4 -1.9071 -4.8427 2.1047 0.3652 2.6392 -1.0651
177.6 -1.4901 -3.6578 1.7053 0.0862 2.1949 -0.9221
177.8 -1.1748 -2.7601 1.2356 -0.4092 1.9012 -0.7682
178 -0.746 -1.6004 0.8796 -0.5449 1.3294 -0.5957
178.2 -0.4239 -0.7458 0.7005 -0.8199 0.8879 -0.4121
178.4 -0.3074 -0.4029 0.4743 -0.754 0.8146 -0.4292
178.6 -0.0731 0.175 0.3806 -0.5765 0.345 -0.3169
178.8 -0.1213 0.123 0.2463 -0.7958 0.6407 -0.4034
179 0.0127 0.3534 0.2725 0.1164 0.2331 -0.4279
179.2 0.0523 0.4296 0.2638 0.0717 0.0654 -0.3071
179.4 0.4554 1.2681 0.8798 -1.4799 -0.9513 0.4061
179.6 0.1077 0.3462 1.0315 -1.078 -0.4841 0.2192
179.8 -0.3392 -0.8122 1.2499 -0.562 0.2103 -0.0731
180 -0.9975 -2.5057 1.8062 -0.7676 1.1164 -0.2791
180.2 -1.4551 -3.7917 2.2798 -0.3986 1.6425 -0.5135
180.4 -2.0814 -5.4274 2.7927 -0.7505 2.5341 -0.6406
180.6 -3.1034 -8.0357 3.328 0.3547 4.1218 -1.4878
180.8 -3.4461 -8.9657 3.942 -1.0878 4.2396 -0.9786
181 -3.3232 -8.8026 4.0855 0.5335 4.1432 -1.5175
181.2 -2.7312 -6.9847 3.2198 -0.0671 3.9545 -1.4255
181.4 -1.9858 -4.9501 2.3271 0.1004 2.7442 -1.1296
181.6 -1.7621 -4.2067 1.5838 0.7853 2.4496 -1.2203
181.8 -1.3068 -2.8731 1.2292 -0.1101 1.9561 -0.9071
182 -0.8691 -1.7882 1.0648 -0.4855 1.3329 -0.5825
182.2 -0.6401 -1.157 0.5158 0.539 0.9972 -0.7589
182.4 -0.2725 -0.1232 0.2897 0.1944 0.7585 -0.6834
182.6 -0.2215 -0.0985 0.2481 0.1948 0.1346 -0.3155
182.8 -0.102 0.2968 0.2448 0.1994 0.5089 -0.6365
183 -0.0582 0.3987 0.169 0.2074 0.3859 -0.5516
183.2 -0.0078 0.4647 0.2229 -0.0506 0.1204 -0.33
183.4 0.1113 0.6792 0.257 -0.2243 -0.2988 -0.0636
183.6 0.1907 0.8099 0.4299 -0.3135 -0.2904 -0.0974
183.8 -0.1674 -0.2563 1.0709 -1.0251 0.0965 0.0368
184 -0.7917 -1.8857 1.5327 -0.8114 0.7737 -0.1856
184.2 -1.6497 -3.933 2.1057 -0.9518 2.1732 -0.6086
184.4 -2.2679 -5.7514 2.88 -1.112 2.2382 -0.429
184.6 -3.0481 -7.9004 3.8572 -1.0374 3.1364 -0.7127
184.8 -3.5783 -9.2636 4.3373 -1.2065 3.8033 -0.8174
185 -3.3017 -8.5342 4.0956 -1.0975 3.5311 -0.8109
185.2 -2.6993 -6.7917 3.2148 -0.3087 3.018 -1.0144
185.4 -2.2086 -5.3054 2.3856 0.143 2.6899 -1.1347
185.6 -1.6018 -3.5768 1.5733 0.5027 2.1917 -1.1879
185.8 -1.5804 -3.3228 1.2824 0.4616 2.3952 -1.2305
186 -1.3287 -2.4795 0.9873 0.5095 2.1664 -1.2785
186.2 -1.1022 -1.8624 0.7516 0.3257 1.8503 -1.127
186.4 -1.0154 -1.5822 0.6144 0.3611 1.3235 -0.8468
186.6 -0.516 -0.4481 0.425 0.2506 0.5352 -0.5701
186.8 -0.3726 -0.1096 0.4522 0.0712 0.5468 -0.5706
187 -0.3266 -0.0563 0.3996 0.0102 0.1922 -0.3986
187.2 -0.1936 0.2575 0.3621 -0.0371 0.0456 -0.3228
187.4 -0.142 0.3883 0.3326 -0.156 -0.0396 -0.2407
187.6 -0.0626 0.5565 0.3894 -0.2165 0.0437 -0.2608
187.8 0.2135 1.0599 0.3747 -0.4414 -0.784 0.1743
188 0.0016 0.4024 0.8196 -0.4735 -0.2772 -0.1093
188.2 -0.4166 -0.8086 1.3337 -0.9421 -0.1181 0.0718
188.4 -1.0145 -2.2051 1.6518 -1.1495 0.5782 -0.0029
188.6 -1.7281 -3.9048 2.089 -1.1865 1.5464 -0.2904
188.8 -2.1069 -5.0082 2.7268 -1.0405 2.1798 -0.5988
189 -2.675 -6.5214 3.2838 -1.1096 2.7138 -0.6861
189.2 -3.5404 -8.7755 4.1838 -1.2381 3.9131 -1.0335
189.4 -3.415 -8.571 4.1037 -1.3503 2.9516 -0.5065
189.6 -2.8381 -6.8992 3.2984 -0.4506 2.6115 -0.8751
189.8 -2.2706 -5.2942 2.646 -0.2143 2.085 -0.8858
190 -1.8892 -4.0537 2.0997 0.0995 2.3913 -1.2635
190.2 -1.7116 -3.4922 1.6646 -0.1859 1.7736 -0.7938
190.4 -1.4182 -2.5619 1.1493 0.1534 1.5119 -0.8285
190.6 -1.2995 -2.1963 0.9654 0.1561 1.2572 -0.698
190.8 -0.8887 -1.1992 0.7736 0.1108 0.8943 -0.6196
191 -0.664 -0.6357 0.6173 0.0951 0.6566 -0.5553
191.2 -0.6068 -0.4816 0.5754 0.1303 0.6818 -0.645
191.4 -0.52 -0.2544 0.5123 0.042 0.5504 -0.5069
191.6 -0.4355 -0.0272 0.5606 0.2139 0.5344 -0.7063
191.8 -0.3378 0.1413 0.5917 -0.275 0.0127 -0.2219
192 -0.0411 0.8799 0.3829 -0.1956 -0.3268 -0.2077
192.2 0.0458 0.9189 0.5952 -0.3471 -0.3876 -0.1715
192.4 -0.1348 0.2564 1.0402 -0.557 -0.2348 -0.2019
192.6 -0.5788 -0.8629 1.3363 -0.6442 0.0057 -0.185
192.8 -1.2383 -2.4793 1.7937 -0.8825 0.6616 -0.2232
193 -1.5716 -3.3914 2.1665 -1.0114 1.1791 -0.3183
193.2 -2.1964 -5.1922 2.8796 -1.2539 1.8061 -0.3433
193.4 -2.9293 -7.2088 3.5665 -1.3271 2.2963 -0.4106
193.6 -3.2826 -8.2188 4.0123 -1.4424 2.8697 -0.5257
193.8 -3.0575 -7.6622 3.7265 -1.0569 2.3991 -0.4852
194 -2.5572 -6.1475 3.057 -0.6799 2.2262 -0.6377
194.2 -1.9019 -4.2561 2.2231 -0.0343 1.7896 -0.8543
194.4 -1.633 -3.2664 1.6871 0.2247 1.7031 -0.9588
194.6 -1.3496 -2.3438 1.2768 0.1166 1.2685 -0.7958
194.8 -1.1169 -1.6683 1.0863 0.1101 0.9695 -0.7479
195 -0.9157 -1.0969 0.8614 0.1437 0.6184 -0.6397
195.2 -0.3881 -0.0151 0.8199 0.09 0.4094 -0.7069
195.4 -0.3345 0.1711 0.7202 0.0331 0.3042 -0.6282
195.6 -0.3305 0.2193 0.6474 0.0881 0.1785 -0.595
195.8 -0.1903 0.4432 0.6861 -0.1527 -0.0682 -0.4053
196 -0.0558 0.7077 0.6742 -0.1825 -0.0196 -0.4611
196.2 0.0335 0.9141 0.6584 -0.2914 0.0886 -0.4508
196.4 0.0363 0.5541 0.9515 -0.2935 -0.0319 -0.5545
196.6 -0.5063 -0.846 1.3958 -0.6459 0.4054 -0.4565
196.8 -1.1305 -2.5184 1.9376 -0.8691 0.9672 -0.3952
197 -1.3593 -3.1424 2.1551 -0.9159 1.1553 -0.402
197.2 -1.6356 -3.9323 2.429 -0.9159 1.4454 -0.4843
197.4 -1.8046 -4.296 2.5338 -0.7579 1.9503 -0.7846
197.6 -2.0504 -4.9816 2.7654 -1.2166 1.7678 -0.3568
197.8 -2.547 -6.5834 3.4482 -0.9902 2.1931 -0.6366
198 -2.6282 -6.8039 3.5927 -1.1404 2.4966 -0.6119
198.2 -2.1027 -5.1771 2.8092 -0.6902 1.8 -0.6008
198.4 -1.6281 -3.6488 2.1065 -0.2268 1.6742 -0.801
198.6 -0.946 -1.7514 1.3292 0.161 1.1794 -0.94
198.8 -0.7751 -1.2258 1.0659 0.3208 0.9796 -0.9797
199 -0.5804 -0.6672 0.8251 0.1686 0.4724 -0.6704
199.2 -0.3943 -0.2991 0.7831 0.1541 0.3636 -0.6918
199.4 -0.1623 0.2644 0.6471 0.222 0.4406 -0.8185
199.6 0.046 0.6654 0.5868 0.0197 0.0944 -0.5853
199.8 0.0705 0.7409 0.5808 -0.0179 0.2911 -0.6285
200 0.147 0.8293 0.5984 -0.2689 0.1658 -0.505
200.2 0.1079 0.5403 0.779 -0.3333 0.058 -0.417
200.4 -0.3215 -0.5831 1.1855 -0.7148 0.4146 -0.2173
200.6 -0.7294 -1.5293 1.4813 -0.6891 1.2839 -0.6016
200.8 -1.3109 -3.1118 2.034 -0.8893 1.387 -0.4419
201 -2.1387 -5.2785 2.8584 -0.9673 2.487 -0.7402
201.2 -2.6861 -6.7706 3.4279 -1.3787 2.7207 -0.4555
201.4 -3.375 -8.8667 4.3281 -1.715 3.27 -0.4072
201.6 -3.6285 -9.7662 4.8 -1.8152 3.7338 -0.4987
201.8 -2.9329 -7.7862 3.9811 -1.1671 3.2832 -0.7949
202 -2.2731 -5.6814 2.9476 -0.5973 2.5779 -0.8237
202.2 -1.8677 -4.4423 2.3698 -0.2809 2.3123 -0.939
202.4 -1.5091 -3.5459 1.9962 -0.3344 1.4111 -0.6257
202.6 -1.3715 -3.0912 1.7914 -0.2599 1.3641 -0.6216
202.8 -1.326 -2.9888 1.7201 -0.0437 1.2078 -0.7446
203 -0.7322 -1.5073 1.2122 -0.0744 0.7404 -0.5951
203.2 -0.6048 -1.0742 0.9834 -0.0313 0.443 -0.5151
203.4 -0.362 -0.5218 0.8307 -0.2376 0.1823 -0.3244
203.6 -0.2152 -0.1695 0.7365 -0.1008 0.4768 -0.5793
203.8 0.1029 0.5115 0.5327 -0.1347 -0.0017 -0.3349
204 0.2043 0.7463 0.4522 -0.0579 0.173 -0.462
204.2 0.1696 0.6031 0.5416 -0.0994 0.4262 -0.5864
204.4 -0.1656 -0.2795 0.9058 -0.5355 0.6358 -0.3297
204.6 -0.6236 -1.4008 1.3201 -0.5727 1.5076 -0.5364
204.8 -1.168 -2.6687 1.7272 -0.5383 1.9266 -0.6511
205 -1.5708 -3.9741 2.2483 -0.6921 1.9205 -0.7024
205.2 -2.4225 -6.2836 3.1639 -1.007 2.7462 -0.6564
205.4 -3.246 -8.5886 4.1127 -1.3778 3.6038 -0.6105
205.6 -3.3935 -9.1497 4.3881 -1.4358 3.7898 -0.6217
205.8 -3.2947 -8.9087 4.3025 -1.2624 3.8728 -0.7395
206 -3.1053 -8.395 4.0884 -1.1065 3.6866 -0.7508
206.2 -2.3141 -5.9922 2.9846 -0.4516 2.677 -0.9008
206.4 -1.6389 -4.189 2.3049 -0.2474 2.2191 -0.8999
206.6 -1.3741 -3.4628 1.9469 -0.3005 1.5008 -0.603
206.8 -1.145 -2.5517 1.4797 -0.1538 1.2012 -0.5912
207 -0.6838 -1.6217 1.1986 -0.1057 0.6716 -0.5244
207.2 -0.2691 -0.4553 0.748 -0.0468 0.5663 -0.5368
207.4 -0.09 -0.2241 0.7432 -0.0787 0.2545 -0.3878
207.6 0.0234 0.1024 0.6302 -0.0094 0.5095 -0.5729
207.8 0.0727 0.3015 0.5494 0.0127 0.7714 -0.6513
208 0.2972 0.5833 0.4841 -0.0879 0.1959 -0.3545
208.2 0.4684 1.1213 0.2698 -0.3128 -0.2138 0.0712
208.4 0.4744 1.1873 0.2438 -0.3154 -0.117 0.0703
208.6 0.4443 1.0662 0.2739 -0.072 -0.0078 -0.3069
208.8 0.0806 0.2036 0.5958 -0.239 0.5134 -0.3195
209 -0.1434 -0.4362 0.8395 -0.3116 0.7045 -0.393
209.2 -0.9176 -2.0586 1.3269 -0.3623 1.2133 -0.4468
209.4 -1.6458 -3.9456 2.0512 -0.5167 2.0694 -0.6433
209.6 -2.5394 -6.5108 3.1286 -0.5999 3.3644 -1.078
209.8 -3.2826 -8.9062 4.1682 -1.3613 3.5698 -0.4496
210 -3.1688 -8.7095 4.1362 -1.0383 3.9419 -0.7198
210.2 -2.6153 -6.8059 3.2784 -0.5733 3.1971 -0.7037
210.4 -2.0909 -5.4601 2.7124 -0.5256 2.4282 -0.5038
210.6 -1.8196 -4.7271 2.4161 -0.4102 2.2176 -0.5529
210.8 -1.4894 -3.7615 1.9713 -0.3585 1.2208 -0.2621
211 -0.9564 -2.4049 1.4411 -0.1157 1.077 -0.5591
211.2 -0.5912 -1.6274 1.1563 0.0285 0.8753 -0.6922
211.4 -0.1681 -0.6008 0.7562 0.0906 0.3371 -0.5281
211.6 0.0146 -0.0616 0.5392 0.0685 0.1811 -0.3876
211.8 0.1683 0.1305 0.4887 -0.1133 -0.1587 -0.1916
212 0.2589 0.4066 0.383 0.0027 0.0701 -0.3498
212.2 0.2603 0.504 0.3446 0.0653 0.1867 -0.305
212.4 0.3771 0.7057 0.2709 -0.0698 -0.1279 -0.025
212.6 0.5825 1.2355 0.0986 0.1621 0.5081 -0.4071
212.8 0.2291 0.3249 0.4327 -0.0335 0.5628 -0.3866
213 -0.4399 -1.1859 0.9769 -0.2725 0.8853 -0.4165
213.2 -1.0258 -2.5527 1.5195 -0.2886 1.9011 -0.7544
213.4 -1.2187 -2.9817 1.7024 -0.2431 2.4521 -0.9129
213.6 -1.5151 -4.0691 2.1146 -0.3846 2.0523 -0.8694
213.8 -2.1874 -6.7314 3.2509 -0.5732 2.2693 -0.9274
214 -3.2065 -9.1871 4.2762 -1.0196 4.4101 -0.9565
214.2 -2.953 -8.0802 3.7551 -0.9397 3.4626 -0.5215
214.4 -2.3031 -6.2126 2.9985 -0.5472 2.8606 -0.6521
214.6 -1.6055 -4.3611 2.222 -0.2553 1.8844 -0.5481
214.8 -1.1925 -3.1275 1.7167 -0.142 1.5578 -0.6671
215 -0.8585 -2.431 1.4252 -0.1269 0.9597 -0.4126
215.2 -0.5727 -1.8107 1.171 0.0255 0.8387 -0.6436
215.4 -0.3094 -1.2123 0.9262 0.0689 0.7297 -0.8227
215.6 0.0741 -0.3867 0.6003 -0.0067 0.2729 -0.2413
215.8 0.2311 0.1162 0.4149 0.1071 0.6156 -0.5645
216 0.2994 0.2413 0.3342 0.0544 -0.0359 -0.3619
216.2 0.4517 0.5738 0.244 0.1735 0.6301 -0.5429
216.4 0.467 0.776 0.1223 0.1296 -0.0117 -0.3226
216.6 0.299 0.7105 0.185 0.2287 0.7647 -0.4338
216.8 -0.016 0.094 0.4214 0.2153 1.1211 -0.7881
217 -0.5734 -1.4546 1.0236 -0.0718 1.3616 -0.6893
217.2 -1.0541 -2.6821 1.5024 -0.1774 1.688 -1.0076
217.4 -1.8232 -4.7019 2.3205 -0.4814 2.5604 -0.9488
217.6 -2.1944 -5.8646 2.7816 -0.5902 2.7804 -1.0273
217.8 -2.8122 -7.8418 3.5499 -1.0989 2.9642 -0.5049
218 -3.0061 -8.6509 3.8955 -1.0731 3.4124 -0.3812
218.2 -2.4751 -7.1586 3.28 -0.7483 2.3136 -0.6761
218.4 -1.946 -5.5991 2.6482 -0.5815 1.5186 -0.5389
218.6 -1.3607 -3.7969 1.9574 -0.2049 1.8817 -0.5033
218.8 -0.5923 -2.1373 1.2422 -0.0194 1.2388 -0.6861
219 -0.3409 -1.5441 0.9579 -0.1537 0.3529 -0.0669
219.2 -0.1561 -1.0204 0.7578 0.0128 0.4815 -0.3715
219.4 0.0119 -0.6506 0.5847 -0.0136 0.1846 -0.2419
219.6 0.1067 -0.2594 0.4334 0.0095 0.1416 -0.1566
219.8 0.4371 0.5343 0.0849 0.0502 -0.1783 -0.0144
220 0.5133 0.7899 -0.0185 0.0759 -0.1674 0.0558
220.2 0.5304 0.9222 -0.0512 0.161 -0.1229 -0.1871
220.4 0.2522 0.8156 0.0623 0.1643 0.2266 -0.2447
220.6 -0.1026 0.1468 0.3692 0.0941 0.5891 -0.3914
220.8 -0.15 -0.0247 0.4441 0.1291 0.8859 -0.5872
221 -0.1973 -0.1962 0.5189 0.1642 1.1828 -0.7831
221.2 -0.507 -1.0769 0.8556 -0.1138 1.2996 -0.6004
221.4 -1.1303 -2.5971 1.5083 -0.2283 1.9002 -1.0144
221.6 -1.6885 -4.4348 2.2228 -0.4483 2.0297 -0.7633
221.8 -3.003 -8.1142 3.6862 -1.0117 2.8414 -0.7637
222 -3.1533 -8.5116 3.8531 -1.1842 1.369 -0.6002
222.2 -2.7287 -6.9508 3.2913 -0.8551 1.8411 -0.6815
222.4 -1.9771 -5.2987 2.575 -0.3597 2.7028 -0.5099
222.6 -1.5396 -4.2612 2.1242 -0.3983 1.7197 -0.3568
222.8 -1.1725 -3.4439 1.7488 -0.3516 0.9709 -0.1698
223 -0.757 -2.3863 1.2956 -0.2638 0.6893 -0.2051
223.2 -0.3932 -1.5907 0.9556 0.0327 1.1082 -0.4862
223.4 -0.1757 -1.2542 0.7645 0.0221 0.6848 -0.3593
223.6 -0.0222 -0.6941 0.5636 0.0238 0.6125 -0.5237
223.8 0.1183 -0.2301 0.3656 0.0073 0.1447 -0.1275
224 0.26 0.2884 0.1687 -0.001 -0.1296 -0.0096
224.2 0.3943 0.8018 -0.0239 -0.0079 -0.3645 0.0848
224.4 0.1893 0.499 0.1811 0.1777 0.5702 -0.4491
224.6 -0.2838 -0.5016 0.6239 -0.0635 0.8578 -0.3816
224.8 -0.802 -1.8084 1.1816 -0.2124 1.282 -0.4608
225 -1.2684 -2.823 1.6589 -0.4447 1.581 -0.7951
225.2 -1.5781 -3.7396 2.0258 -0.4832 1.8657 -0.7737
225.4 -2.1255 -5.1961 2.6043 -0.7639 2.1376 -0.5551
225.6 -2.7639 -7.0466 3.3436 -0.7637 3.4299 -0.9846
225.8 -2.7659 -7.2019 3.3734 -0.7393 3.5049 -0.9861
226 -2.6593 -7.1838 3.3119 -0.6506 3.4163 -0.9413
226.2 -2.1321 -5.8568 2.7266 -0.5522 2.5809 -0.3371
226.4 -1.3862 -3.8174 1.92 -0.235 2.0546 -0.4099
226.6 -1.0945 -2.9989 1.6022 -0.13 1.7569 -0.3806
226.8 -0.6486 -2.1842 1.1731 -0.1241 1.0943 -0.3406
227 -0.3331 -1.3704 0.8491 -0.0287 0.6612 -0.3868
227.2 -0.1974 -0.7999 0.6712 0.0074 0.5728 -0.4579
227.4 0.1185 0.0931 0.2931 0.0151 0.2801 -0.3021
227.6 0.1959 0.1943 0.2254 0.0605 0.2819 -0.3081
227.8 0.2627 0.58 0.1312 0.1531 0.2886 -0.2475
228 0.3293 0.7697 0.04 0.1593 0.1866 -0.1795
228.2 0.2462 0.7649 0.1132 0.0474 0.0655 -0.2674
228.4 0.1548 1.0695 0.1417 0.2775 0.6373 -0.4278
228.6 -0.295 -0.102 0.6189 -0.1373 0.7335 -0.5254
228.8 -0.9294 -1.5917 1.285 -0.1812 1.878 -0.9347
229 -1.6424 -3.5084 2.0556 -0.7678 1.811 -0.7775
229.2 -2.3114 -5.5834 2.8101 -0.886 2.7092 -0.9371
229.4 -2.4508 -6.1108 2.9797 -0.9434 2.8583 -0.999
229.6 -2.8795 -7.2384 3.431 -1.0327 3.3743 -1.0201
229.8 -3.2255 -8.4323 3.8403 -1.0104 3.7174 -0.961
230 -2.5825 -6.6887 3.1385 -0.704 3.0577 -0.6195
230.2 -1.7594 -4.633 2.2766 -0.3776 1.8779 -0.1295
230.4 -1.2008 -3.3508 1.7174 -0.3424 1.3632 -0.3149
230.6 -0.6581 -1.992 1.158 -0.1665 0.9381 -0.374
230.8 -0.3534 -1.4887 0.8737 -0.1989 0.6853 -0.5112
231 -0.1486 -1.048 0.641 -0.0492 0.6082 -0.341
231.2 -0.0051 -0.6067 0.5004 -0.0461 0.4169 -0.4217
231.4 0.1161 -0.1325 0.357 0.1066 0.6157 -0.61
231.6 0.2916 0.5223 0.1588 0.1328 0.45 -0.6142
231.8 0.3202 0.6511 0.1045 0.0408 0.203 -0.4154
232 0.2775 0.7206 0.1316 0.0373 0.2164 -0.3778
232.2 0.0544 0.6033 0.3427 -0.0692 0.1988 -0.378
232.4 -0.2139 0.2142 0.5746 -0.1392 0.6289 -0.4312
232.6 -0.7092 -0.8412 1.1045 -0.5271 0.6214 -0.4342
232.8 -1.2572 -2.5021 1.7181 -0.7604 1.3972 -0.8179
233 -1.8662 -4.3046 2.3705 -0.8768 2.1694 -0.8624
233.2 -2.639 -6.5471 3.2069 -1.1791 2.9573 -0.9926
233.4 -2.8791 -7.3691 3.4817 -1.2594 3.1495 -1.013
233.6 -3.058 -7.9666 3.6828 -1.3475 3.2151 -0.9574
233.8 -3.1257 -8.2651 3.7363 -1.2558 3.257 -0.6647
234 -2.5323 -6.6119 3.1158 -0.8318 2.804 -0.6405
234.2 -1.7173 -4.7404 2.2542 -0.3907 1.9265 -0.2766
234.4 -1.0595 -3.3657 1.5859 -0.1709 1.3435 -0.2848
234.6 -0.5058 -2.1042 1.0042 -0.1861 0.6208 -0.1964
234.8 -0.2409 -1.4868 0.7312 -0.0017 0.6629 -0.3491
235 -0.0144 -1.1951 0.5124 -0.1206 0.3268 -0.3785
235.2 0.0816 -0.7267 0.3867 0.0797 0.4303 -0.3668
235.4 0.1263 -0.4622 0.3487 0.1196 0.6215 -0.627
235.6 0.2271 0.2765 0.1971 0.3216 0.8403 -0.6486
235.8 0.3455 0.6001 0.0595 0.1817 0.2779 -0.3444
236 0.2874 0.6 0.122 0.0341 0.0219 -0.2266
236.2 -0.0749 0.2686 0.4988 -0.1645 0.5039 -0.4979
236.4 -0.5312 -0.7869 0.9893 -0.3734 0.8879 -0.6032
236.6 -1.0233 -1.9009 1.5001 -0.3914 1.4932 -0.6298
236.8 -1.5391 -3.1775 2.0501 -0.7095 1.9102 -0.7345
237 -2.3146 -5.5669 2.9106 -0.9664 2.7599 -1.0311
237.2 -3.1253 -7.8775 3.7597 -1.166 3.5672 -0.9529
237.4 -3.4608 -9.122 4.1266 -1.1921 3.8688 -0.9091
237.6 -3.4859 -9.0506 4.1528 -0.9552 4.1444 -0.9876
237.8 -2.8671 -7.4545 3.4865 -0.6784 3.3822 -0.6914
238 -2.1467 -5.7371 2.7172 -0.4389 2.564 -0.4598
238.2 -1.4303 -4.3051 1.9603 -0.2734 1.4995 -0.0917
238.4 -1.0332 -3.4826 1.5582 -0.0834 1.4604 -0.3796
238.6 -0.4767 -2.1426 0.9686 -0.0151 1.2336 -0.6854
238.8 -0.2679 -1.7111 0.7398 -0.1324 0.4504 -0.2677
239 -0.0595 -1.3882 0.5132 -0.0394 0.5556 -0.4746
239.2 0.0841 -0.8062 0.35 0.0169 0.3906 -0.4089
239.4 0.0767 -0.6744 0.3714 -0.0321 0.4261 -0.5334
239.6 0.2419 -0.1899 0.1787 0.0776 0.3994 -0.5275
239.8 0.3048 0.4313 0.1126 0.0167 0.2097 -0.4752
240 0.2873 0.5018 0.1247 0.1264 0.3216 -0.4565
240.2 0.0056 0.4456 0.404 -0.065 0.5163 -0.3839
240.4 -0.3662 -0.3036 0.8401 -0.3288 0.6338 -0.4567
240.6 -0.8681 -1.5397 1.3856 -0.6373 1.2228 -0.7071
240.8 -1.2996 -2.5001 1.858 -0.8143 1.6392 -0.7956
241 -1.7307 -3.7697 2.3304 -0.7866 2.4064 -1.07
241.2 -2.4927 -5.9404 3.159 -1.1641 2.9105 -1.0563
241.4 -2.6668 -6.5342 3.3326 -1.2037 3.1648 -1.071
241.6 -2.8219 -7.2012 3.4802 -1.2341 3.3439 -1.0242
241.8 -3.251 -8.7549 3.9157 -1.2215 3.5554 -0.7391
242 -2.3717 -6.0208 2.9679 -0.595 2.6777 -0.387
242.2 -1.5703 -4.3109 2.1055 -0.2916 2.046 -0.4269
242.4 -0.9672 -3.102 1.4791 -0.3176 1.2962 -0.4636
242.6 -0.5454 -2.2101 0.9966 -0.1492 0.8718 -0.3223
242.8 -0.2338 -1.6994 0.6731 -0.0614 0.751 -0.531
243 0.0483 -0.6002 0.3628 0.1015 0.6593 -0.5293
243.2 0.1944 -0.1385 0.2027 0.0694 0.3498 -0.3927
243.4 0.2008 -0.1375 0.1958 0.1134 0.4995 -0.5103
243.6 0.2702 0.2639 0.1267 0.0644 0.2328 -0.3559
243.8 0.2856 0.5531 0.1459 -0.0104 -0.1643 -0.1575
244 0.3731 0.9568 0.0323 0.0926 -0.0716 -0.1567
244.2 0.3352 1.4541 0.0995 0.1101 0.0655 -0.1952
244.4 -0.0094 0.846 0.489 -0.0961 0.3092 -0.2082
244.6 -0.4996 -0.4184 1.0599 -0.3164 1.0681 -0.6581
244.8 -1.0197 -1.844 1.597 -0.5738 1.561 -0.674
245 -1.5125 -3.2809 2.1262 -0.7414 2.0305 -0.7547
245.2 -1.8159 -4.2227 2.4649 -0.8266 2.3639 -0.8899
245.4 -2.4668 -6.2697 3.134 -1.113 2.8532 -0.8545
245.6 -3.2785 -9.1266 3.911 -1.4194 2.8814 -0.1916
245.8 -3.2374 -8.9262 3.8535 -1.0049 3.103 -0.1512
246 -2.8083 -7.4732 3.4015 -0.6169 2.8534 -0.0977
246.2 -1.9971 -5.4665 2.5259 -0.2059 2.3957 -0.233
246.4 -1.428 -4.1349 1.9314 -0.122 1.5962 -0.1091
246.6 -1.1056 -3.4547 1.556 -0.0871 1.3087 -0.0724
246.8 -0.719 -2.6856 1.1365 -0.0507 1.1785 -0.3316
247 -0.388 -2.1378 0.78 -0.0543 0.9327 -0.4776
247.2 -0.2577 -1.8622 0.6434 0.0175 0.7548 -0.4325
247.4 0.0893 -0.7467 0.2719 0.1466 0.571 -0.4451
247.6 0.1944 -0.4429 0.1707 -0.051 0.3377 -0.4525
247.8 0.2464 -0.1892 0.1326 0.0346 0.2469 -0.3872
248 0.2426 0.0629 0.1966 -0.0242 0.0436 -0.324
248.2 0.2656 0.3387 0.1579 0.2262 0.2764 -0.3159
248.4 0.0021 0.6302 0.5357 0.156 0.5207 -0.2598
248.6 -0.3464 -0.1694 0.9374 -0.2632 0.9382 -0.5345
248.8 -0.8183 -1.5465 1.4534 -0.5628 1.3979 -0.7224
249 -1.3725 -3.0561 2.0509 -0.641 2.007 -0.8247
249.2 -1.9898 -4.9182 2.6783 -0.9623 2.692 -0.9951
249.4 -2.2107 -5.4391 2.9247 -1.0256 2.7381 -0.884
249.6 -2.6778 -6.6217 3.4143 -1.1635 3.0849 -0.795
249.8 -3.2172 -8.5671 3.9198 -1.305 3.1238 -0.4585
250 -2.9856 -7.8285 3.6526 -0.9211 2.9348 -0.2392
250.2 -2.1672 -5.8716 2.7299 -0.3254 2.4392 -0.2367
250.4 -1.5193 -4.5576 2.037 -0.2389 1.9035 -0.4592
250.6 -0.7141 -2.8622 1.1321 -0.0815 1.4137 -0.7083
250.8 -0.4664 -2.3882 0.8245 -0.2243 0.7859 -0.4103
251 -0.1753 -1.7119 0.5035 -0.0808 0.7318 -0.5711
251.2 -0.0745 -1.2523 0.4207 -0.0129 0.4792 -0.4058
251.4 0.0039 -0.9744 0.3306 -0.0163 0.6718 -0.5921
251.6 0.1796 -0.1274 0.2249 -0.0435 0.2285 -0.413
251.8 0.1939 0.1487 0.2461 -0.0911 0.1582 -0.3687
252 0.2223 0.2098 0.2087 -0.0315 0.0531 -0.2612
252.2 0.2276 0.4227 0.2499 -0.1366 0.3074 -0.5428
252.4 0.0609 0.3489 0.4401 -0.0034 0.469 -0.3468
252.6 -0.3964 -0.2655 1.0717 -0.3202 0.955 -0.5847
252.8 -0.7765 -1.1557 1.4947 -0.6422 1.2722 -0.625
253 -1.3014 -2.7246 2.0456 -0.8193 1.8382 -0.7545
253.2 -1.9919 -4.734 2.7772 -0.8685 2.3764 -0.7105
253.4 -2.6056 -6.5857 3.369 -1.082 3.0049 -0.7371
253.6 -2.9955 -7.735 3.7664 -1.2141 3.3362 -0.7365
253.8 -3.2949 -8.8803 4.0205 -1.3023 3.3589 -0.5268
254 -2.7626 -7.1613 3.5017 -0.7043 3.2159 -0.6369
254.2 -2.0945 -5.8098 2.709 -0.5232 2.403 -0.4515
254.4 -1.5914 -4.5977 2.1528 -0.3558 1.9883 -0.4652
254.6 -1.0102 -3.5874 1.4596 -0.2353 1.5002 -0.5548
254.8 -0.6139 -2.6906 1.0395 -0.2132 1.2838 -0.7618
255 -0.437 -2.2587 0.8187 -0.0314 1.3074 -0.8049
255.2 -0.1745 -1.6106 0.4965 -0.0911 0.7936 -0.5372
255.4 -0.0178 -1.202 0.3511 -0.2535 0.4433 -0.4851
255.6 0.059 -0.938 0.2616 -0.065 0.2673 -0.3262
255.8 0.126 -0.7006 0.1915 -0.1113 0.4078 -0.4924
256 0.1733 -0.009 0.2494 -0.0361 0.2843 -0.3816
256.2 0.1774 0.2017 0.2814 -0.0115 0.2976 -0.3724
256.4 0.187 0.2686 0.2768 0.0592 0.2955 -0.3479
256.6 -0.0917 0.2614 0.6987 -0.1028 0.4415 -0.2312
256.8 -0.5068 -0.5317 1.2567 -0.5579 0.9431 -0.5697
257 -0.9665 -1.6874 1.7676 -0.6006 1.4886 -0.6849
257.2 -1.2229 -2.2961 2.0613 -0.735 1.8371 -0.8139
257.4 -1.5537 -3.3987 2.3548 -0.7652 2.0299 -0.6925
257.6 -2.3051 -5.7987 3.0623 -1.0731 2.7594 -0.7731
257.8 -2.7598 -7.2176 3.5108 -0.9325 3.3102 -0.829
258 -2.5546 -6.7752 3.2467 -0.6553 2.6836 -0.3236
258.2 -2.1194 -5.6026 2.7642 -0.3889 2.4105 -0.3128
258.4 -1.6157 -4.2537 2.2798 -0.209 1.9265 -0.3481
258.6 -1.1479 -3.4214 1.6481 -0.1472 1.4491 -0.2213
258.8 -0.7921 -2.462 1.2919 -0.049 1.3381 -0.4264
259 -0.5341 -1.9726 0.9936 -0.1327 1.0584 -0.4552
259.2 -0.114 -0.9992 0.5063 0.0746 0.6899 -0.4122
259.4 0.1551 -0.15 0.2774 0.0899 0.244 -0.2943
259.6 0.1204 -0.1532 0.3265 -0.0083 0.4152 -0.4261
259.8 0.2059 0.1707 0.2857 0.0991 0.4966 -0.5739
260 0.2753 0.4791 0.2372 0.0291 0.1789 -0.3789
260.2 0.2205 0.541 0.3128 0.0107 0.0878 -0.2021
260.4 0.1531 1.0938 0.5401 0.2187 0.4397 -0.3298
260.6 -0.2575 0.2326 1.0517 -0.0162 0.888 -0.4719
260.8 -0.7782 -1.2778 1.5937 -0.5714 1.4772 -0.7418
261 -1.3507 -2.8656 2.2029 -0.8123 1.865 -0.714
261.2 -1.9598 -4.6153 2.8012 -0.9443 2.4115 -0.6743
261.4 -2.0994 -5.197 2.8919 -0.8813 2.7853 -0.8481
261.6 -2.0212 -4.9643 2.7951 -0.532 2.6537 -0.6759
261.8 -1.633 -4.1615 2.3152 -0.2024 1.9634 -0.3241
262 -1.3276 -3.5053 1.9142 0.0214 1.7286 -0.2435
262.2 -1.2102 -3.2114 1.8081 0.0232 1.431 -0.1338
262.4 -1.1637 -3.0026 1.813 0.1529 1.5742 -0.3071
262.6 -1.0019 -2.4961 1.6379 0.0478 1.2861 -0.1666
262.8 -0.8373 -2.1981 1.4682 0.0621 0.8697 0.0089
263 -0.8373 -2.4499 1.3823 -0.051 1.3179 -0.3734
263.2 -1.3587 -3.8956 1.9332 -0.4197 2.1321 -0.7622
263.4 -1.4369 -4.3165 1.9299 -0.4826 1.8694 -0.4474
263.6 -1.2151 -3.7335 1.7094 -0.4331 1.8228 -0.6092
263.8 -1.1292 -3.257 1.6956 -0.2147 1.5302 -0.3856
264 -0.8438 -2.5211 1.3597 -0.1128 1.2719 -0.3436
264.2 -0.2887 -1.0712 0.7704 0.0961 0.9099 -0.4388
264.4 -0.0326 -0.1432 0.5697 0.2883 0.5515 -0.2898
264.6 0.2255 0.61 0.3477 0.2053 -0.0384 -0.0788
264.8 0.246 0.7862 0.3705 0.1472 0.0764 -0.2223
265 0.2665 0.9624 0.3934 0.0891 0.1911 -0.3659
265.2 0.3098 1.0874 0.3558 0.154 -0.0562 -0.182
265.4 0.282 1.1476 0.4211 0.0609 0.1177 -0.3238
265.6 0.2929 1.2424 0.4294 0.2242 0.0084 -0.1846
265.8 -0.0934 0.4111 0.8624 -0.0134 0.8625 -0.5832
266 -0.6791 -1.0146 1.5228 -0.279 1.2271 -0.4829
266.2 -1.6784 -4.219 2.4264 -0.6662 2.0369 -0.5291
266.4 -2.6759 -7.0953 3.4303 -1.0688 3.0533 -0.7122
266.6 -3.8659 -10.5119 4.5961 -1.1102 4.3716 -0.8855
266.8 -4.3417 -11.5754 5.1479 -0.887 4.5549 -0.5759
267 -3.663 -9.7239 4.4626 -0.5089 3.6598 -0.3273
267.2 -2.6415 -7.0711 3.3365 -0.0953 3.001 -0.4198
267.4 -1.5692 -4.4432 2.138 0.0986 1.9621 -0.3496
267.6 -0.8683 -3.138 1.2472 -0.0315 1.1341 -0.2989
267.8 -0.3049 -1.6512 0.6205 0.2138 0.6855 -0.234
268 -0.1403 -1.0961 0.5348 0.0298 0.7367 -0.527
268.2 0.1115 -0.2946 0.3513 -0.086 0.1301 -0.2765
268.4 0.1852 0.3303 0.4343 0.0503 0.0942 -0.265
268.6 0.2327 0.7662 0.4963 0.0083 0.1155 -0.3115
268.8 0.4754 1.612 0.2778 -0.4394 0.4281 -0.7886
269 0.4372 1.4282 0.2859 -0.4244 0.4874 -0.8038
269.2 0.2189 1.0692 0.5921 -0.0324 0.2298 -0.3189
269.4 -0.1999 0.1009 1.0548 -0.1422 0.7427 -0.4114
269.6 -0.7113 -1.1382 1.6543 -0.2446 1.5424 -0.7376
269.8 -1.3385 -2.8028 2.298 -0.5699 2.0075 -0.6821
270 -2.0662 -5.1518 2.9622 -0.5228 2.2646 -0.4553
270.2 -3.2174 -8.4511 4.0538 -1.2128 3.7051 -0.8616
270.4 -3.9161 -10.4873 4.6933 -1.5326 4.4556 -0.9816
270.6 -4.2365 -11.4542 4.9643 -1.4715 4.6062 -0.8377
270.8 -4.3234 -11.3523 5.2022 -0.8962 4.8652 -0.9524
271 -3.3899 -8.7447 4.286 -0.453 3.5018 -0.4591
271.2 -2.2496 -6.2487 2.8599 -0.2718 2.6315 -0.5506
271.4 -1.3001 -4.1883 1.6647 -0.0423 1.6122 -0.3904
271.6 -0.6859 -2.5236 1.0656 0.0617 1.1007 -0.4257
271.8 -0.2556 -1.3284 0.6983 -0.0996 0.617 -0.4186
272 -0.0979 -0.8047 0.5623 -0.0563 0.3768 -0.298
272.2 0.0394 -0.1882 0.5577 -0.0594 0.4021 -0.4401
272.4 0.164 0.2246 0.4832 -0.0832 0.2377 -0.4234
272.6 0.2888 0.7373 0.4474 -0.1573 0.1319 -0.4205
272.8 0.4531 1.3563 0.259 -0.3283 0.4762 -0.7335
273 0.0462 0.6659 0.8588 -0.0071 0.6783 -0.5429
273.2 -0.3418 -0.2882 1.312 -0.2129 0.9416 -0.5191
273.4 -0.9216 -1.9208 1.8822 -0.5437 1.5807 -0.6897
273.6 -1.6247 -3.9329 2.5508 -0.8624 2.4447 -0.9535
273.8 -2.2336 -5.31 3.2911 -0.3532 2.4532 -0.4439
274 -3.0506 -7.5741 4.0952 -1.1835 3.5714 -0.8834
274.2 -3.5526 -8.8102 4.6671 -0.4834 3.5545 -0.4617
274.4 -3.5001 -8.7489 4.5871 -0.3297 3.3273 -0.299
274.6 -3.2276 -8.1749 4.24 -0.3455 3.1594 -0.3598
274.8 -2.6071 -6.7537 3.4837 -0.3715 3.0265 -0.7057
275 -1.9457 -5.4999 2.5202 -0.1707 2.0031 -0.2639
275.2 -0.8574 -2.7433 1.3204 0.0869 1.1974 -0.3177
275.4 -0.6855 -2.2931 1.1535 0.0057 1.0825 -0.3741
275.6 -0.6129 -2.0835 1.1029 -0.1543 1.1577 -0.5406
275.8 -0.2802 -1.146 0.813 -0.2456 0.7428 -0.4677
276 0.0956 -0.0392 0.4637 -0.2745 0.6777 -0.6612
276.2 0.3277 0.9147 0.3945 -0.3434 0.516 -0.6793
276.4 0.3856 1.2224 0.4211 -0.3497 0.4628 -0.6757
276.6 0.1456 0.7466 0.7381 -0.1988 0.6542 -0.6206
276.8 -0.3662 -0.4214 1.3716 -0.3271 1.0846 -0.6296
277 -0.9553 -2.0085 1.9888 -0.6335 1.6163 -0.6977
277.2 -1.4543 -3.3223 2.4916 -0.8313 2.4213 -1.0219
277.4 -2.2215 -5.3826 3.2493 -1.1361 3.0494 -0.9918
277.6 -3.1305 -8.03 4.0949 -1.2204 3.9944 -1.1763
277.8 -3.8241 -10.1375 4.6579 -1.2271 4.4352 -1.0562
278 -3.9853 -10.4872 4.8667 -1.037 4.4066 -0.8779
278.2 -3.0605 -7.742 4.1462 -0.2961 3.5193 -0.7823
278.4 -2.091 -5.4494 2.9757 -0.0696 2.4481 -0.5339
278.6 -1.5367 -4.3082 2.2305 -0.0271 1.9828 -0.5576
278.8 -1.0116 -3.1028 1.5734 -0.1805 1.52 -0.546
279 -0.5944 -2.0437 1.1007 -0.0541 1.1045 -0.4563
279.2 -0.156 -1.0096 0.6001 -0.5206 0.8313 -0.6129
279.4 0.0631 -0.2686 0.4639 -0.5434 0.6776 -0.6486
279.6 0.1314 -0.1388 0.3617 -0.5601 0.6281 -0.6573
279.8 0.2088 0.1126 0.3103 -0.5746 0.5919 -0.6806
280 0.3033 0.6157 0.3701 -0.5861 0.5887 -0.7371
280.2 0.4061 1.1482 0.4321 -0.5973 0.5896 -0.7993
280.4 0.5252 1.7101 0.4727 -0.5456 0.5343 -0.8105
280.6 0.4415 1.4093 0.4907 -0.3103 0.3876 -0.5944
280.8 0.0966 0.5885 0.9121 -0.3103 0.6859 -0.6074
281 -0.3772 -0.6831 1.401 -0.2936 1.0207 -0.5657
281.2 -0.8908 -2.1171 1.8666 -0.451 1.463 -0.5704
281.4 -1.4266 -3.5169 2.4395 -0.6193 2.1976 -0.8331
281.6 -2.1376 -5.5774 3.0364 -0.9319 2.9881 -1.0035
281.8 -3.0983 -8.2301 4.005 -0.9968 3.6755 -0.9399
282 -3.5779 -9.564 4.4479 -1.2425 4.2207 -1.0528
282.2 -3.5093 -9.4112 4.3409 -1.0359 4.1349 -1.0147
282.4 -3.3363 -8.9365 4.1821 -0.8236 3.8932 -0.9377
282.6 -2.2416 -6.0697 3.0893 -0.3009 2.6411 -0.6844
282.8 -1.1935 -3.7049 1.7526 -0.0747 1.6636 -0.5872
283 -0.565 -2.3146 0.9138 -0.2119 1.0145 -0.4854
283.2 -0.2668 -1.5212 0.5636 -0.6419 0.8169 -0.5053
283.4 -0.0463 -0.8453 0.401 -0.6813 0.6838 -0.5448
283.6 0.1699 -0.1885 0.2302 -0.666 0.538 -0.5622
283.8 0.3059 0.2996 0.1531 -0.4618 0.4231 -0.5202
284 0.3221 0.5564 0.2965 -0.4695 0.4876 -0.5793
284.2 0.4379 0.8203 0.1457 -0.5185 0.4072 -0.5932
284.4 0.533 1.2504 0.1852 -0.5435 0.4063 -0.6519
284.6 0.5149 1.4823 0.4222 -0.5319 0.5173 -0.7238
284.8 0.205 0.8935 0.9482 -0.2919 0.6463 -0.6274
285 -0.1346 0.1047 1.3783 -0.2604 0.8732 -0.5884
285.2 -0.662 -1.422 1.8116 -0.5044 1.4999 -0.7516
285.4 -1.1755 -2.833 2.3115 -0.8521 2.1335 -0.9108
285.6 -1.6484 -4.1528 2.7772 -0.8004 2.4326 -0.8388
285.8 -2.288 -5.8843 3.4284 -1.1283 3.0282 -0.8995
286 -2.7146 -7.4823 3.5497 -0.3008 2.773 -0.4791
286.2 -2.8174 -7.8385 3.5768 -0.3043 2.9163 -0.5239
286.4 -2.9201 -8.1947 3.6039 -0.3078 3.0595 -0.5688
286.6 -2.0823 -6.0099 2.746 -0.2501 2.1417 -0.3807
286.8 -1.1645 -3.5943 1.7957 -0.2039 1.1872 -0.1924
287 -0.4045 -1.6064 0.9357 -0.4486 0.9188 -0.4406
287.2 -0.1442 -0.9313 0.6495 -0.5342 0.7731 -0.4923
287.4 0.0447 -0.3845 0.4926 -0.5889 0.6717 -0.5325
287.6 0.1344 -0.0044 0.5226 -0.6166 0.6707 -0.5869
287.8 0.2106 0.3101 0.5428 -0.6328 0.6635 -0.6278
288 0.2726 0.5726 0.565 -0.6574 0.6702 -0.6708
288.2 0.3124 0.7539 0.5902 -0.6951 0.6987 -0.7168
288.4 0.4077 1.1471 0.6222 -0.7381 0.7068 -0.7803
288.6 0.4465 1.2782 0.6107 -0.6469 0.6146 -0.7273
288.8 0.4569 1.2787 0.5781 -0.491 0.4745 -0.6178
289 0.3089 1.2804 1.098 -0.4321 0.7578 -0.7478
289.2 -0.2433 -0.2653 1.588 -0.5377 1.2563 -0.8142
289.4 -0.6948 -1.4778 2.0556 -0.3846 1.5774 -0.7663
289.6 -1.2572 -2.994 2.6135 -0.3269 2.0173 -0.772
289.8 -1.8543 -4.756 3.0547 -0.3096 2.4251 -0.7344
290 -2.3861 -6.2917 3.4589 -0.4164 2.9131 -0.781
290.2 -2.6893 -6.795 3.9826 -0.8317 3.7141 -1.1596
290.4 -2.3983 -6.0914 3.6876 -0.371 3.0453 -0.8803
290.6 -1.7537 -4.5434 2.8427 -0.1688 2.612 -0.9292
290.8 -1.2191 -3.4586 2.0237 -0.5135 1.9006 -0.7003
291 -0.6917 -2.2578 1.2878 -0.4991 1.2692 -0.5185
291.2 -0.2645 -1.0872 0.8832 -0.5576 0.9694 -0.538
291.4 -0.0445 -0.5135 0.6527 -0.6235 0.8247 -0.5489
291.6 -0.0107 -0.5135 0.5381 -0.6576 0.7905 -0.5274
291.8 0.0937 -0.2776 0.3978 -0.709 0.7254 -0.5262
292 0.3041 0.3361 0.2438 -0.7857 0.6255 -0.5652
292.2 0.4545 0.9034 0.2688 -0.8446 0.627 -0.6489
292.4 0.5706 1.4108 0.4194 -0.6107 0.5268 -0.6662
292.6 0.6391 1.5508 0.3426 -0.5924 0.4153 -0.6308
292.8 0.6704 1.5515 0.2373 -0.671 0.3626 -0.6079
293 0.6685 1.5524 0.2479 -0.7137 0.3866 -0.6235
293.2 0.5859 1.5552 0.6427 0.0573 0.3003 -0.5451
293.4 0.4228 1.2737 0.9779 0.2968 0.4859 -0.6197
293.6 -0.0347 -0.0185 1.3302 -0.174 1.0625 -0.748
293.8 -0.6704 -1.7083 2.0061 -0.4783 1.6148 -0.8306
294 -1.3823 -3.6481 2.6515 -0.6809 2.0399 -0.7424
294.2 -1.9805 -5.247 3.1935 -1.0867 2.6891 -0.8203
294.4 -2.5879 -6.7695 3.9149 -1.012 3.2396 -0.9025
294.6 -2.6542 -7.0197 3.9469 -0.7212 3.1436 -0.8439
294.8 -2.0678 -5.6732 3.1844 -0.5724 2.4701 -0.6807
295 -1.4301 -4.0844 2.4662 -0.0654 1.9075 -0.6525
295.2 -0.7918 -2.6179 1.6351 0.041 1.1642 -0.4493
295.4 -0.4421 -1.7563 1.2544 0.0731 0.9183 -0.4533
295.6 -0.2244 -1.12 1.1053 -0.0552 0.8274 -0.4939
295.8 0.0984 -0.2823 0.7695 -0.037 0.6231 -0.4993
296 0.3639 0.3794 0.4205 -0.4965 0.5304 -0.5177
296.2 0.461 0.658 0.5214 -0.0291 0.3937 -0.5161
296.4 0.6538 1.325 0.4101 -0.7248 0.6017 -0.6959
296.6 0.723 1.5943 0.5959 -0.028 0.3764 -0.6513
296.8 0.7216 1.5435 0.5994 0.2923 0.1404 -0.4886
297 0.6967 1.483 0.6077 0.4323 0.2501 -0.5787
297.2 0.4615 0.9057 0.8773 0.2784 0.4378 -0.5819
297.4 0.1431 0.1218 1.3139 -0.2095 0.8031 -0.6709
297.6 -0.242 -0.7901 1.8098 -0.2778 1.2291 -0.7858
297.8 -0.6889 -2.0637 2.1449 -0.59 1.4655 -0.6926
298 -1.3395 -3.8034 2.7122 -1.0378 2.0459 -0.722
298.2 -2.0934 -5.8198 3.5947 -1.0926 2.6618 -0.7466
298.4 -2.6522 -7.302 4.07 -1.2837 3.2538 -0.8523
298.6 -2.4682 -6.8233 3.9091 -0.6088 2.949 -0.81
298.8 -1.6684 -4.8586 3.1123 -0.2205 2.1183 -0.6591
299 -1.1262 -3.7461 2.1771 -0.0642 1.4597 -0.4669
299.2 -0.6582 -2.7284 1.5054 0.1238 0.8985 -0.3278
299.4 -0.4101 -2.0869 1.2526 0.2332 0.7413 -0.3453
299.6 -0.3081 -1.8626 1.0734 0.0802 0.6393 -0.3123
299.8 0.0358 -1.0082 0.7506 -0.0981 0.4081 -0.2686
