0 0 0 0 0 0 0
0.2 0.1 0.1 0.1 0.1 0.1 0.1
0.4 0 0 0 0 0 0
0.6 0.1 0.1 0.1 0.1 0.1 0.1
0.8 0 0 0 0 0 0
1 0.1 0.1 0.1 0.1 0.1 0.1
1.2 0 0 0 0 -0 -0
1.4 -0.1878 -0.6697 0.2135 0.5368 -0.4201 -0.2376
1.6 -0.3755 -1.3395 0.427 1.0736 -0.8402 -0.4752
1.8 -0.6378 -2.3493 0.8003 1.5233 -1.2135 -0.5813
2 -1.0661 -4.1161 1.5292 1.7793 -1.4825 -0.3944
2.2 -1.6798 -6.3047 2.079 2.0633 -1.6171 -0.1717
2.4 -2.4121 -8.763 2.5143 2.3651 -1.6656 0.0737
2.6 -3.0428 -11.1582 3.2007 2.492 -1.8267 0.3377
2.8 -3.637 -13.4557 3.8922 2.6776 -1.9888 0.6083
3 -4.2734 -15.6046 4.2801 3.2197 -2.0119 0.8711
3.2 -4.8679 -17.4653 4.5841 4.1774 -1.8487 1.3882
3.4 -4.9544 -17.723 4.6393 4.1689 -1.3564 1.881
3.6 -4.7472 -17.0771 4.5655 3.6824 -1.3446 1.7597
3.8 -4.5739 -16.1598 4.231 3.6793 -0.906 1.8082
4 -4.151 -14.3512 3.7038 2.9048 -0.9866 1.0984
4.2 -3.6021 -12.3955 3.2952 2.627 -1.1438 0.2402
4.4 -2.8621 -10.0654 2.8923 1.7187 -1.6197 -0.2935
4.6 -2.3565 -7.9654 2.3302 2.0489 -1.7721 -0.8703
4.8 -1.7447 -5.9601 1.9921 2.1245 -2.0053 -1.1947
5 -0.9137 -4.2262 2.0379 1.839 -2.1735 -1.5195
5.2 -0.6736 -3.4541 1.8732 1.291 -2.1323 -1.5097
5.4 -0.631 -3.0969 1.74 1.3761 -1.9943 -1.5902
5.6 -0.3891 -2.7606 1.7922 1.637 -2.2654 -1.7104
5.8 -0.2376 -2.5519 1.8108 1.4275 -2.32 -1.9223
6 -0.4276 -3.4285 2.0139 1.2187 -2.226 -1.9888
6.2 -0.901 -5.2181 2.4088 1.3106 -2.0208 -1.9417
6.4 -1.3112 -6.814 2.7522 1.5584 -2.0941 -1.9273
6.6 -1.3926 -8.1753 3.2206 1.4489 -2.2764 -1.9836
6.8 -1.8008 -9.8147 3.5575 1.5904 -2.4392 -1.4992
7 -2.5485 -11.6078 3.7828 2.0894 -2.7518 -1.4425
7.2 -3.1481 -13.3884 4.1104 2.3824 -2.658 -1.4915
7.4 -3.2905 -14.7597 4.4956 2.7727 -2.7765 -1.1358
7.6 -3.87 -16.4643 4.7953 2.8459 -2.9993 -0.8446
7.8 -4.4366 -18.2319 5.1381 3.4536 -2.8683 -0.2081
8 -5.1341 -19.9417 5.4284 3.9352 -2.6378 0.5045
8.2 -5.4195 -20.9069 5.6279 4.4306 -2.6918 0.5255
8.4 -5.5306 -21.6497 5.8072 4.6542 -2.6323 1.0378
8.6 -5.8742 -22.5141 5.9603 5.0249 -2.3148 1.2131
8.8 -6.0578 -22.6901 5.9659 4.6022 -2.3553 1.2322
9 -5.9165 -22.3505 5.8895 4.2478 -2.335 1.1643
9.2 -5.8473 -21.5717 5.6957 3.8978 -2.1115 1.1164
9.4 -5.9104 -20.3823 5.4196 3.2193 -1.5863 1.4213
9.6 -5.7975 -18.7959 5.0797 2.8825 -1.2691 1.3204
9.8 -5.3378 -16.971 4.7104 2.8065 -1.2762 1.2937
10 -4.9565 -15.6899 4.4462 2.2284 -0.9097 1.3409
10.2 -4.7834 -14.2102 4.1684 1.9066 -0.7901 1.5408
10.4 -4.4899 -12.5697 3.8591 1.8772 -0.5445 1.5043
10.6 -3.6261 -10.2075 3.3523 1.413 -0.6672 0.9401
10.8 -2.4347 -7.8875 2.7807 1.6391 -0.9199 0.4397
11 -2.019 -6.8321 2.5355 1.2175 -0.6952 0.5336
11.2 -1.5647 -5.3219 2.205 1.4925 -1.0259 0.1714
11.4 -0.7956 -4.0999 1.8376 1.7807 -1.2394 0.2455
11.6 -0.6204 -4.1014 1.784 1.8737 -1.4163 0.0825
11.8 -0.7825 -4.6867 1.9018 1.9092 -1.3989 0.0879
12 -0.9446 -5.2719 2.0196 1.9446 -1.3816 0.0934
12.2 -1.3316 -6.6185 2.3024 1.8927 -1.6397 -0.1578
12.4 -1.9829 -8.5231 2.7533 1.7885 -1.6313 -0.1139
12.6 -2.7192 -10.6039 3.3094 1.8287 -1.5534 0.1535
12.8 -3.3803 -12.5079 3.8137 2.3016 -1.5165 0.4418
13 -3.8566 -14.2868 4.1869 3.07 -1.8734 0.6938
13.2 -4.3558 -15.7027 4.5623 3.1852 -1.3986 1.1151
13.4 -4.4722 -15.5134 4.5749 2.484 -0.9797 1.306
13.6 -4.2794 -14.0912 4.3806 1.8711 -0.9151 1.3107
13.8 -3.2435 -11.5523 3.6733 1.3586 -0.3084 1.1023
14 -2.7031 -9.3896 3.3141 1.874 -0.0476 1.6765
14.2 -1.6294 -7.136 2.52 2.0793 -1.0987 0.4077
14.4 -1.0068 -5.3666 2.0312 1.9748 -0.8434 0.541
14.6 -0.3689 -4.0231 1.5382 1.9836 -0.8332 0.5611
14.8 -0.0503 -3.175 1.2803 2.2018 -1.0191 0.4684
15 -0.3362 -3.5972 1.4708 2.6831 -1.3933 0.259
15.2 -1.2854 -11.5861 2.2343 2.6247 -1.3015 0.3656
15.4 -1.8219 -16.0323 2.6578 2.5731 -1.2305 0.437
15.6 -1.7394 -15.1647 2.5713 2.5317 -1.1906 0.4555
15.8 -1.6569 -14.297 2.4848 2.4902 -1.1508 0.4741
16 -1.5744 -13.4293 2.3983 2.4488 -1.1109 0.4926
16.2 -1.492 -12.5617 2.3119 2.4073 -1.071 0.5112
16.4 -1.4095 -11.694 2.2254 2.3658 -1.0312 0.5297
16.6 -1.327 -10.8263 2.1389 2.3244 -0.9913 0.5483
16.8 -1.2445 -9.9587 2.0524 2.2829 -0.9514 0.5668
17 -1.162 -9.091 1.9659 2.2415 -0.9116 0.5854
17.2 -1.0795 -8.2233 1.8794 2.2 -0.8717 0.604
17.4 -0.997 -7.3557 1.7929 2.1586 -0.8318 0.6225
17.6 -0.9145 -6.488 1.7064 2.1171 -0.7919 0.6411
17.8 -0.832 -5.6203 1.6199 2.0757 -0.7521 0.6596
18 -1.163 -7.0609 1.8357 1.6753 -0.256 0.7446
18.2 -1.8548 -9.1046 2.4031 1.8788 -0.5943 0.6406
18.4 -2.5623 -11.3295 2.9723 2.1684 -1.1435 0.3773
18.6 -3.0337 -12.8091 3.3388 1.5626 -0.464 0.3141
18.8 -3.3026 -13.4441 3.5673 1.8212 -0.6628 0.3842
19 -3.715 -15.3445 3.8309 3.0064 -1.8126 0.3724
19.2 -4.0959 -17.9539 3.9461 2.5669 -1.3568 0.3902
19.4 -4.7192 -18.7593 4.5379 4.1248 -1.9041 1.0271
19.6 -4.8188 -19.3468 4.5526 2.9169 -1.5414 0.5426
19.8 -4.9441 -19.5434 4.657 2.3807 -1.424 0.3186
20 -4.905 -19.1975 4.6487 2.414 -1.3744 0.3821
20.2 -4.7112 -18.5652 4.4799 2.4251 -0.9857 0.7983
20.4 -4.4094 -17.6436 4.204 2.3336 -0.2552 1.5309
20.6 -4.2159 -16.873 4.0501 1.2923 0.4901 1.5069
20.8 -4.1591 -15.9924 4.1272 1.5831 -0.1096 1.0035
21 -3.7432 -14.433 3.8683 1.9989 -0.3248 1.2213
21.2 -3.2628 -13.2642 3.3476 2.1512 -0.576 0.9042
21.4 -2.7631 -11.8578 2.8482 2.4363 -0.4932 0.9216
21.6 -2.3958 -10.3781 2.5869 2.4408 -0.34 1.0095
21.8 -1.9672 -8.9972 2.1789 3.5811 -0.1178 1.6865
22 -1.9419 -8.891 2.1327 3.1338 0.652 1.6833
22.2 -2.1689 -9.003 2.5064 1.3807 0.5394 0.6968
22.4 -1.5136 -8.1884 1.5446 2.1596 -0.4493 0.8564
22.6 -1.5546 -8.3662 1.5377 2.1176 -0.4403 0.8413
22.8 -1.5407 -8.3515 1.4839 2.162 -0.402 0.8699
23 -1.4591 -8.2127 1.341 2.2536 -0.3497 0.9214
23.2 -1.453 -8.1917 1.2776 2.257 -0.3309 0.9308
23.4 -1.4636 -8.1965 1.2317 2.241 -0.3194 0.9308
23.6 -1.3592 -7.6824 1.1689 2.2722 -0.3548 0.8113
23.8 -1.2304 -7.0581 1.1025 2.3134 -0.4002 0.6665
24 -1.0301 -6.0961 1.0307 1.2619 0.2678 0.1443
24.2 -0.9495 -5.3944 1.1441 0.4777 0.796 -0.2399
24.4 -1.4747 -6.2106 2.0791 2.0744 -0.0775 0.4
24.6 -1.8649 -8.0924 2.0506 1.115 -0.0484 0.4156
24.8 -2.5807 -10.6653 2.5734 1.665 -0.8311 0.1253
25 -3.3212 -13.0751 3.2683 2.7726 -1.6471 0.0121
25.2 -3.746 -14.9857 3.3805 2.5509 -0.9446 0.4766
25.4 -4.4527 -17.2852 4.0021 2.7952 -1.5276 0.3094
25.6 -5.0471 -19.3703 4.4834 3.1516 -1.5978 0.3685
25.8 -5.5486 -20.8894 5.0182 3.582 -0.6704 1.7565
26 -5.9884 -22.1598 5.5602 4.5446 -1.018 1.9572
26.2 -6.2924 -23.1666 5.8416 4.5648 -1.3752 1.5502
26.4 -6.3749 -23.7179 5.7019 2.9785 -1.514 0.4222
26.6 -6.8298 -25.0116 6.4296 3.4461 -0.5718 2.1232
26.8 -6.7047 -24.5277 6.3605 3.155 -1.2069 1.2994
27 -6.5796 -24.0438 6.2914 2.8639 -1.842 0.4755
27.2 -6.4339 -23.6584 6.0035 2.518 -1.3602 0.9785
27.4 -6.2812 -23.3067 5.6408 2.1533 -0.4961 1.9356
27.6 -6.1284 -22.955 5.278 1.7887 0.3679 2.8927
27.8 -5.9661 -22.4576 5.0137 1.4985 1.0835 3.6288
28 -5.672 -21.2548 4.9616 1.6361 1.4883 3.9431
28.2 -5.0985 -19.116 4.7134 1.3407 1.8739 4.2298
28.4 -4.6477 -17.5247 4.2356 1.5444 1.4738 3.4908
28.6 -4.2395 -16.1077 3.8221 1.8866 1.7061 3.569
28.8 -3.6883 -14.0406 3.3681 1.5127 2.3402 4.2918
29 -3.1999 -12.1997 2.782 1.1852 2.1099 4.1561
29.2 -2.8815 -10.9138 2.1756 1.1774 2.0248 3.6418
29.4 -2.4938 -9.496 1.7683 1.2699 1.9074 3.0247
29.6 -2.0926 -8.1246 1.5015 0.9827 1.4027 2.462
29.8 -1.7594 -6.9301 1.1737 0.7101 1.3543 2.3607
30 -1.6321 -6.4082 0.9423 0.8362 1.4125 2.3828
30.2 -1.4957 -6.0279 0.7824 2.9814 -0.0667 1.6409
30.4 -1.6704 -6.9954 1.2431 2.9741 -0.0984 1.5982
30.6 -1.8451 -7.9629 1.7037 2.9668 -0.1301 1.5554
30.8 -2.0198 -8.9304 2.1644 2.9594 -0.1618 1.5126
31 -2.1945 -9.8979 2.6251 2.9521 -0.1935 1.4698
31.2 -2.3692 -10.8654 3.0858 2.9448 -0.2252 1.4271
31.4 -2.5439 -11.8329 3.5465 2.9375 -0.2569 1.3843
31.6 -2.7186 -12.8004 4.0072 2.9301 -0.2886 1.3415
31.8 -2.8933 -13.7679 4.4679 2.9228 -0.3203 1.2987
32 -3.068 -14.7354 4.9286 2.9155 -0.352 1.256
32.2 -2.8656 -14.3562 4.8576 2.5469 0.075 1.2927
32.4 -2.2682 -12.454 4.125 2.251 0.0007 0.9695
32.6 -1.8274 -11.0546 3.6705 2.4401 -0.2075 0.739
32.8 -1.2803 -9.1951 3.2456 2.4673 -0.5915 0.1773
33 -0.8042 -7.6057 2.8647 2.4083 -0.7862 0.6264
33.2 -0.576 -6.713 2.8273 2.4049 -0.8038 0.5664
33.4 -0.3473 -6.1218 2.4325 2.4026 -0.7975 0.5377
33.6 -0.2501 -5.7397 2.4188 2.4009 -0.8024 0.5068
33.8 -0.1283 -5.3453 2.302 2.4003 -0.8047 0.4935
34 -0.0267 -5.0567 2.1575 2.4003 -0.8047 0.4935
34.2 -0.0267 -5.0567 2.1575 2.4003 -0.8047 0.4935
34.4 -0.0267 -5.0567 2.1575 2.4057 -0.8 0.5839
34.6 -0.2544 -5.7755 2.3973 2.0291 -0.9276 -0.0201
34.8 -0.6196 -6.9514 2.77 1.6132 -1.0601 -0.7506
35 -1.0136 -8.2902 3.1366 1.739 -0.9777 -0.6596
35.2 -1.4159 -9.857 3.3614 1.8687 -1.0743 -0.6494
35.4 -1.8831 -11.4065 3.7503 2.2434 -1.3152 -0.6219
35.6 -2.1659 -12.4621 4.0315 2.3459 -1.7038 -0.8925
35.8 -2.53 -13.7565 4.091 2.736 -1.5282 -0.4024
36 -2.8225 -14.7304 4.1792 2.3505 -0.6779 0.3995
36.2 -2.7404 -14.3264 4.2372 2.3341 -0.2554 0.6306
36.4 -2.5738 -13.6813 4.3016 2.503 -0.7718 0.297
36.6 -2.5568 -13.6825 4.2249 2.4466 -0.3922 0.8305
36.8 -2.5598 -13.6739 4.1995 2.5707 -0.7628 0.4389
37 -2.515 -13.5785 4.1102 2.5088 -0.4617 0.7118
37.2 -2.5491 -13.7005 4.1049 2.3146 -0.3099 0.7996
37.4 -2.8426 -14.5825 4.4065 2.0814 -0.6653 0.4237
37.6 -3.2651 -15.984 4.7516 1.9814 -0.8569 0.2555
37.8 -3.8185 -17.7683 5.0558 2.6984 -0.7619 0.7335
38 -4.1357 -18.7163 5.3771 3.4537 -1.239 0.5416
38.2 -4.3077 -19.1991 5.8807 3.5181 -1.135 0.6686
38.4 -4.4222 -19.5152 6.0051 3.1239 -0.9455 0.9501
38.6 -4.2747 -19.0743 5.7408 2.9079 0.1547 1.9269
38.8 -3.9066 -17.8474 5.4385 2.3856 0.4095 1.7477
39 -3.3662 -16.1746 5.0848 2.3949 0.2193 1.6144
39.2 -2.796 -14.3818 4.4811 2.1626 0.3756 1.4895
39.4 -2.0733 -12.1142 3.8393 2.2485 0.1893 1.0915
39.6 -1.3648 -9.7833 3.4324 2.4835 -0.2328 0.6884
39.8 -0.7609 -7.912 3.2155 1.8819 -0.4929 0.2829
40 -0.3108 -6.5413 2.8886 2.0536 -0.5358 0.7332
40.2 0.0498 -5.4605 2.4989 2.0754 -0.4831 0.7041
40.4 0.2519 -4.8156 2.2875 2.101 -0.5284 0.6728
40.6 0.3723 -4.4005 2.3912 1.7385 -0.685 0.051
40.8 0.1018 -5.2398 2.7828 1.4894 -0.8553 -0.5701
41 -0.4535 -7.0052 3.1262 1.8995 -1.0018 -0.5169
41.2 -1.1492 -9.2556 3.6839 2.6502 -1.2622 -0.3774
41.4 -1.8746 -11.5321 4.4041 2.8535 -1.6494 -0.3854
41.6 -2.4809 -13.538 4.7644 3.6285 -1.7312 -0.1399
41.8 -3.1004 -15.4942 4.9452 3.3171 -1.3188 0.286
42 -3.7745 -17.6084 5.3584 3.8261 -1.4684 0.4065
42.2 -4.1344 -18.7247 5.876 4.1952 -1.0275 1.2027
42.4 -3.8663 -17.8703 5.6317 3.6031 -0.5182 1.622
42.6 -3.7235 -17.3984 5.4679 3.5541 0.2997 1.9679
42.8 -2.8092 -14.2586 4.6448 2.8737 0.682 1.9662
43 -1.4244 -9.9515 3.7535 3.2924 -0.7584 0.5636
43.2 -0.7046 -7.7409 3.1153 2.7232 -0.3461 0.9361
43.4 -0.2986 -6.5482 2.903 2.2512 -0.6104 0.4976
43.6 -0.1196 -5.9515 2.7134 2.2874 -0.744 0.4338
43.8 0.0596 -5.4409 2.546 2.3243 -0.705 0.4285
44 0.1197 -5.2224 2.1984 2.3677 -0.8021 0.388
44.2 0.1807 -5.0301 1.9748 2.3967 -0.8044 0.3688
44.4 0.2594 -4.7951 1.847 2.4168 -0.7397 0.3795
44.6 0.3691 -4.401 1.6622 2.4474 -0.7435 0.4292
44.8 0.1129 -5.2924 2.4887 2.285 -0.6241 0.2316
45 -0.3128 -5.024 1.3047 2.3435 -1.0018 -0.2022
45.2 -0.7838 -5.7389 0.6988 2.0777 -0.9475 -0.1944
45.4 -1.4409 -7.7692 1.1617 2.2969 -1.3259 -0.4412
45.6 -1.9494 -9.4133 1.5372 1.7799 -0.916 0.0456
45.8 -2.5843 -11.2576 1.8116 2.3573 -0.9899 0.0746
46 -2.9365 -12.3194 1.8457 2.0077 -0.4757 0.4651
46.2 -3.1037 -12.7761 1.9551 2.168 -0.5888 0.6753
46.4 -3.271 -13.2328 2.0645 2.3283 -0.702 0.8855
46.6 -3.4382 -13.6895 2.1739 2.4885 -0.8152 1.0957
46.8 -3.6215 -14.6749 3.0083 2.9694 -0.8815 0.7551
47 -3.9941 -15.6879 2.966 2.7734 -0.5264 1.1133
47.2 -4.248 -16.3952 3.1432 2.854 0.04 1.7254
47.4 -3.9288 -15.241 2.886 2.1703 0.7217 2.3295
47.6 -3.0351 -12.4935 2.3347 2.2332 0.8376 2.3606
47.8 -2.3765 -10.3245 1.6521 2.0081 0.7983 2.2463
48 -1.3768 -7.3758 1.129 2.3381 0.1981 1.5442
48.2 -0.3951 -4.2427 0.4717 1.5949 0.0742 1.2653
48.4 -0.0064 -3.1553 0.0118 2.0908 -0.2887 1.0686
48.6 0.4203 -2.1795 0.0837 2.2869 -0.4258 0.8428
48.8 0.5588 -1.6766 -0.0926 2.3325 -0.4578 0.8736
49 0.4259 -2.1737 0.1268 1.9864 -0.5214 0.4477
49.2 -0.0523 -3.7188 0.5665 2.0336 -0.5329 0.2951
49.4 -0.7371 -5.84 1.0708 2.5358 -0.6542 0.4276
49.6 -1.3651 -8.0408 1.728 3.0695 -1.1918 0.3127
49.8 -1.9658 -10.0691 2.0719 3.3803 -1.3834 0.3413
50 -2.555 -11.603 2.2511 3.518 -1.5966 0.3608
50.2 -3.2615 -13.6423 2.5351 3.7719 -1.5107 0.7323
50.4 -3.8794 -15.6829 3.1927 3.7287 -1.2228 1.1328
50.6 -3.8837 -15.751 3.3428 3.2927 -0.2049 1.8098
50.8 -3.5932 -14.0725 2.608 2.9659 0.0543 1.8452
51 -2.7438 -11.3837 1.9937 3.0136 0.4451 2.0103
51.2 -1.7171 -8.3662 1.2898 2.8304 -0.4551 0.9931
51.4 -0.9985 -6.478 0.8748 2.1785 -0.6099 0.6695
51.6 -0.9055 -5.8723 0.4975 2.0756 -0.3916 0.5599
51.8 -0.7881 -5.4821 0.4413 2.3545 -0.202 0.8313
52 -0.3313 -4.1812 0.3525 1.6483 -0.3816 0.7216
52.2 0.0689 -3.0384 -0.0336 2.3761 -0.495 0.9515
52.4 0.3307 -2.4168 -0.1298 2.5384 -0.7259 0.8743
52.6 0.4381 -1.9936 -0.418 2.5793 -0.6766 0.768
52.8 0.5373 -1.8077 -0.3506 2.5412 -0.6564 0.4444
53 0.2231 -2.7 -0.0376 1.9296 -0.7899 0.1806
53.2 -0.2114 -4.0035 0.2725 1.9964 -0.7926 -0.16
53.4 -0.8227 -5.8241 0.6697 1.9954 -0.9758 -0.6234
53.6 -1.1577 -7.3913 1.5112 2.4512 -1.7286 -0.4917
53.8 -1.7672 -9.0401 1.5897 2.4978 -2.08 -0.9729
54 -2.4508 -10.7321 1.6362 2.7639 -2.1724 -0.9395
54.2 -3.1815 -12.6162 1.9092 3.1927 -2.1217 -0.57
54.4 -3.4447 -13.3609 2.1318 3.1617 -1.4367 0.4501
54.6 -3.3889 -13.4739 2.4039 3.0769 -0.8354 1.0454
54.8 -2.6213 -10.7746 1.6002 3.0291 -0.5755 0.9314
55 -1.8284 -7.812 0.6225 2.7518 -0.4113 0.8337
55.2 -1.1985 -5.7256 0.2436 2.737 -0.9242 0.4056
55.4 -0.6431 -4.5613 -0.0132 2.1299 -0.8052 0.5339
55.6 -0.5392 -3.8225 -0.3888 2.3465 -1.1227 0.4851
55.8 -0.2924 -3.6029 -0.4228 1.348 -1.0113 0.4123
56 -0.1696 -2.9814 -0.6635 1.4759 -0.5278 0.9843
56.2 -0.1442 -2.5725 -0.7618 1.6361 -1.1005 0.2851
56.4 -0.1148 -2.4994 -0.8407 1.5346 -0.7509 0.9645
56.6 -0.1429 -2.3975 -0.9358 1.813 -0.8018 1.0354
56.8 -0.03 -1.9815 -1.0424 1.3867 -0.6277 0.8654
57 0.0055 -1.8423 -0.9454 2.2618 -0.6916 0.7928
57.2 0.5372 -1.4617 -0.6148 2.6449 -0.8899 0.7793
57.4 0.5562 -1.2012 -0.7881 2.6691 -0.7607 0.8119
57.6 0.6276 -0.9767 -0.8607 2.6513 -0.6645 0.8506
57.8 0.813 -0.8309 -0.7143 2.5422 -0.6399 0.9022
58 0.8022 -1.0294 -0.5691 2.219 -0.4441 0.7883
58.2 0.6306 -1.5097 -0.4249 1.7207 -0.1082 0.539
58.4 0.2746 -2.5766 -0.1072 2.0907 -0.4181 0.2959
58.6 -0.0948 -3.8023 0.2592 2.4022 -0.7374 0.0546
58.8 -0.6319 -5.7063 0.7243 2.1734 -0.9025 -0.1214
59 -1.3591 -7.5534 1.0379 2.2516 -1.1562 -0.1287
59.2 -2.1805 -9.6562 1.4197 3.1335 -1.2547 0.0994
59.4 -2.7848 -11.6647 2.0637 3.2805 -1.0033 0.3781
59.6 -3.5983 -13.7662 2.603 3.3391 -1.201 0.5596
59.8 -4.3255 -15.8314 3.0231 3.6843 -1.4945 0.3457
60 -4.6771 -16.966 3.3247 4.1657 -1.0365 1.1654
60.2 -4.5579 -16.9993 3.5774 4.3536 -0.8015 1.5403
60.4 -4.4791 -16.6994 3.4432 4.4846 -0.3466 2.129
60.6 -4.213 -15.5575 3.0797 3.8466 -0.0794 2.1032
60.8 -3.9467 -14.3449 2.6845 3.5771 0.0619 2.0396
61 -3.3383 -12.7962 2.3661 3.3577 -0.5376 1.027
61.2 -2.1667 -8.9235 1.1884 3.1456 -0.9122 0.4687
61.4 -1.2434 -6.5039 0.6845 3.2192 -1.1649 0.211
61.6 -0.7435 -5.0281 0.2664 3.4564 -1.4182 -0.1832
61.8 -0.0288 -3.7549 0.171 2.8436 -1.5083 -0.5866
62 0.0491 -3.2809 -0.0251 2.4773 -1.1111 -0.0321
62.2 0.0869 -2.8395 -0.2136 2.2523 -1.1849 -0.1752
62.4 0.2863 -2.5018 -0.2359 2.7444 -1.1563 -0.3235
62.6 0.5606 -2.0666 -0.2208 2.1444 -0.9782 -0.1117
62.8 0.5764 -1.8851 -0.3194 2.6627 -1.1509 -0.3194
63 0.6413 -1.5599 -0.4547 2.061 -1.1451 -0.4308
63.2 0.6781 -1.3908 -0.4806 2.293 -0.7788 -0.1639
63.4 0.73 -2.2419 0.034 2.409 -0.9754 -0.6669
63.6 0.2875 -3.8107 0.4771 2.7222 -0.9841 -0.8459
63.8 -0.495 -6.1243 1.0678 2.747 -1.3126 -0.9609
64 -1.315 -8.4753 1.6461 3.5473 -1.1743 -0.7685
64.2 -2.0244 -10.5553 2.1985 4.0029 -1.5697 -0.9093
64.4 -2.928 -12.7016 2.5612 3.9519 -1.8477 -0.7481
64.6 -3.8489 -15.0109 3.0171 4.2859 -1.9874 -0.5335
64.8 -4.5018 -17.0546 3.6151 4.8947 -1.6483 -0.0001
65 -4.5494 -17.3624 3.7412 4.7986 -1.4926 0.1797
65.2 -4.5971 -17.6703 3.8672 4.7024 -1.3369 0.3595
65.4 -4.6265 -17.0227 3.6383 4.504 -0.5712 1.0683
65.6 -4.2507 -14.9801 2.951 4.2944 -0.2216 0.829
65.8 -2.6725 -10.7805 1.9667 3.8295 -0.7818 0.0471
66 -1.214 -6.3848 0.7043 3.5939 -0.8497 0.0169
66.2 -0.6537 -4.6529 0.2535 3.3776 -0.8263 0.1963
66.4 -0.3039 -3.977 0.091 3.0065 -0.9086 0.0342
66.6 -0.0701 -3.2648 -0.0738 2.6497 -0.8373 0.0169
66.8 -0.049 -3.0153 -0.1922 2.6249 -0.7081 0.2555
67 -0.1136 -2.8415 -0.2561 2.2302 -0.3554 0.5285
67.2 -0.0647 -2.5648 -0.2751 2.5119 -0.5233 0.2627
67.4 0.2386 -2.1013 -0.3953 2.2101 -0.638 0.0655
67.6 0.1051 -1.9124 -0.5084 1.7709 -0.4048 0.1477
67.8 0.1803 -1.5776 -0.5895 1.647 -0.1205 0.5505
68 0.3686 -1.3812 -0.5549 1.7399 -0.0147 0.5548
68.2 0.7507 -0.9508 -0.5564 1.7036 -0.0346 0.5348
68.4 0.6695 -0.7193 -0.6879 1.292 0.0677 0.6879
68.6 0.5998 -0.8078 -0.6772 1.5376 0.211 0.4782
68.8 0.4595 -1.6503 -0.3294 2.043 0.5636 0.2789
69 0.3923 -2.5555 0.1122 2.0117 0.3675 -0.0671
69.2 0.1879 -3.6126 0.4447 2.1683 0.1631 -0.1451
69.4 -0.2354 -4.4547 0.6026 2.1703 0.0731 -0.4375
69.6 -1.4554 -7.3425 1.2772 2.2281 0.0639 -0.4101
69.8 -2.1857 -10.0142 2.0388 2.5886 -0.1757 -0.1612
70 -3.0828 -12.5052 2.6196 2.6781 -0.4222 -0.1805
70.2 -4.1211 -14.8773 3.1548 2.9483 -0.3738 0.0445
70.4 -4.7293 -16.5607 3.5891 3.4686 -0.3028 0.5162
70.6 -4.4705 -16.9102 3.8233 3.8809 0.0582 1.3116
70.8 -4.6722 -17.165 3.8645 3.7694 -0.1157 1.3923
71 -4.799 -16.8943 3.6844 3.9073 0.5867 1.8064
71.2 -4.6569 -15.5676 3.2709 3.5328 1.0267 2.0416
71.4 -3.9362 -13.3837 2.6888 2.5299 1.0553 1.6134
71.6 -3.5854 -11.7305 2.1233 2.1655 0.9029 1.2297
71.8 -3.0505 -9.6658 1.5644 2.439 0.7876 1.026
72 -2.1908 -7.4854 0.9789 2.6861 0.5177 0.6099
72.2 -1.139 -5.5257 0.6002 2.3034 0.4138 0.6709
72.4 -0.7905 -4.2864 0.2073 2.0698 0.2716 0.6039
72.6 -0.4361 -3.0699 -0.1577 1.9641 0.1846 0.5888
72.8 -0.1398 -2.3601 -0.3191 2.1211 0.0104 0.312
73 0.4589 -1.6835 -0.3511 1.852 0.1552 0.5273
73.2 0.5704 -1.5776 -0.356 1.6954 0.3355 0.6999
73.4 0.3222 -1.4062 -0.5244 1.6483 0.1784 0.535
73.6 0.2984 -1.2549 -0.5862 1.6477 0.2996 0.1104
73.8 0.1593 -3.2929 0.2036 2.094 0.1344 -0.3234
74 -0.6954 -5.6611 0.8183 2.0538 0.0001 -0.4773
74.2 -1.6958 -7.8432 1.3417 2.3589 -0.1597 -0.5675
74.4 -2.6118 -9.9073 1.8188 2.7793 -0.1059 -0.3761
74.6 -3.1567 -11.8479 2.3755 2.5088 -0.1391 -0.1823
74.8 -3.8068 -13.4801 2.7545 2.7088 -0.2246 -0.1136
75 -4.4538 -14.8757 3.0664 2.705 0.0489 0.307
75.2 -4.9933 -16.1869 3.442 2.9051 0.0079 0.4914
75.4 -4.9164 -16.6261 3.5931 3.2216 0.273 1.0331
75.6 -4.9694 -16.3219 3.5113 2.8155 0.8499 1.5561
75.8 -4.9771 -15.3607 3.1674 2.6526 1.3103 1.6997
76 -4.7374 -13.7246 2.6621 2.3942 1.61 1.9751
76.2 -3.7573 -11.7209 2.2961 2.3883 1.6324 1.8606
76.4 -3.1649 -9.5756 1.6483 1.9862 1.2861 1.1969
76.6 -2.5974 -7.8088 1.1663 1.7355 1.2436 0.9545
76.8 -1.8967 -6.0437 0.712 1.5901 1.1097 0.8723
77 -1.156 -4.4782 0.3261 2.0561 0.8455 0.8339
77.2 -0.6207 -3.4367 0.0497 1.4481 0.664 0.6573
77.4 -0.4804 -2.9436 -0.0996 1.3321 0.8371 0.8331
77.6 -0.2206 -2.2363 -0.2673 1.4828 0.8595 0.9461
77.8 0.3656 -1.3497 -0.4461 1.5251 0.7031 0.8778
78 0.6405 -0.9324 -0.4925 1.285 0.4502 0.8632
78.2 0.4545 -0.733 -0.5624 1.1395 0.778 0.7662
78.4 0.4552 -0.7529 -0.4946 1.1651 0.9485 0.6148
78.6 0.2302 -1.6877 -0.1474 1.5256 0.9371 0.395
78.8 0.2924 -2.9849 0.2841 1.7287 0.6025 -0.047
79 -0.5344 -4.8722 0.792 1.722 0.8743 0.0716
79.2 -1.6033 -6.9714 1.2708 1.6923 0.7069 -0.1689
79.4 -2.2201 -9.1195 1.7993 2.1163 0.5376 0.1084
79.6 -2.6534 -10.9407 2.3261 2.3846 0.2623 0.117
79.8 -3.3452 -12.716 2.7048 2.6688 0.4447 0.3099
80 -4.0639 -14.4148 3.1354 2.9299 0.3629 0.6144
80.2 -4.5018 -16.1237 3.5592 3.2379 0.1868 0.9204
80.4 -4.3979 -16.3599 3.7 3.6407 0.4273 1.2268
80.6 -4.6012 -16.3149 3.6411 3.2474 1.0366 1.7291
80.8 -4.8121 -15.3362 3.2565 2.6905 1.4819 2.1885
81 -4.5714 -14.3161 3.005 2.6309 1.6975 2.0193
81.2 -3.9567 -12.0772 2.4406 2.2363 1.6174 1.6836
81.4 -2.9299 -8.9087 1.6166 1.9735 1.4018 1.0047
81.6 -2.1145 -6.4364 0.9718 1.8154 1.1523 0.9911
81.8 -1.4564 -4.8858 0.5791 2.0026 0.5812 0.2847
82 -0.402 -3.2699 0.2501 1.7307 0.3085 0.2076
82.2 -0.2248 -2.6971 0.0574 1.8785 0.3391 0.4968
82.4 -0.0664 -2.1689 -0.1023 1.7137 0.5867 0.5401
82.6 0.1728 -1.7653 -0.1998 1.8343 0.2716 0.2169
82.8 0.5289 -1.4295 -0.2008 1.7417 0.3392 0.2774
83 0.3736 -1.7756 -0.1296 1.7624 0.2529 -0.1222
83.2 -0.1228 -3.5874 0.3862 1.6236 0.1517 -0.613
83.4 -0.7644 -5.7412 1.0177 2.1672 0.0426 -0.9627
83.6 -1.1623 -7.6897 1.6142 2.1819 -0.4179 -0.9888
83.8 -2.1085 -9.8634 2.0893 2.2255 -0.3042 -0.8788
84 -3.1834 -11.8758 2.5351 2.5969 -0.1576 -0.6128
84.2 -3.6811 -13.6103 3.0291 2.9398 -0.0103 -0.0989
84.4 -3.8057 -13.9396 3.135 3.0298 0.5854 -0.1952
84.6 -4.2956 -13.8311 3.0348 2.8272 0.8997 -0.1164
84.8 -4.4622 -13.8783 2.9964 2.1981 0.7408 0.2589
85 -4.2172 -13.6684 2.9118 1.9822 0.7049 0.6981
85.2 -3.5706 -12.3654 2.5827 2.1336 1.0589 0.2699
85.4 -3.0229 -10.0348 1.9424 1.9601 1.1814 0.2577
85.6 -2.5178 -7.8945 1.3654 2.0134 1.2529 0.0864
85.8 -1.3978 -5.4826 0.7133 1.8958 0.7393 -0.1869
86 -0.4172 -3.9253 0.3864 1.8246 0.8491 0.0002
86.2 -0.1932 -3.0617 0.1269 1.5992 0.7058 -0.1347
86.4 0.0245 -2.7083 0.0312 1.6675 0.7893 -0.2479
86.6 -0.0036 -2.5784 -0.0169 1.8079 0.7603 -0.3578
86.8 0.1553 -1.9283 -0.1807 1.5621 0.8023 -0.1855
87 0.4869 -1.4651 -0.2995 1.5788 0.6827 -0.1227
87.2 0.7651 -0.9796 -0.44 1.1398 0.8001 0.0703
87.4 0.7836 -0.6272 -0.6319 1.1599 0.8575 0.0333
87.6 0.9949 -0.3853 -0.6756 1.1367 0.6686 -0.4712
87.8 1.0054 -1.1668 -0.3923 1.2395 0.5633 -0.7337
88 0.2863 -3.3166 0.2064 1.2863 0.5826 -1.0471
88.2 -0.7096 -5.4872 0.7839 1.6863 0.4855 -0.991
88.4 -1.1528 -7.8373 1.4536 2.0903 0.0994 -0.802
88.6 -1.8316 -9.7381 1.9587 2.1767 -0.1289 -0.6761
88.8 -2.864 -11.9258 2.5331 2.7495 -0.0766 -0.6154
89 -3.644 -14.1505 3.1532 2.9356 -0.2844 -0.2607
89.2 -4.2787 -15.48 3.4937 3.0663 0.515 0.5909
89.4 -4.1073 -14.26 3.1308 2.374 1.1466 1.084
89.6 -3.625 -11.4452 2.3028 2.1161 1.8938 1.0571
89.8 -2.6577 -8.2417 1.4178 2.1182 1.7269 0.4161
90 -1.5935 -5.8034 0.7495 2.2185 0.8429 -0.0504
90.2 -0.6029 -4.3194 0.3632 1.8457 0.8901 -0.0559
90.4 -0.407 -3.6133 0.1308 1.5344 0.861 -0.0682
90.6 -0.2177 -2.8212 -0.1057 1.5029 0.9973 -0.1607
90.8 0.136 -2.269 -0.2402 1.5274 0.7385 -0.2162
91 0.6865 -1.5113 -0.4476 1.1226 0.8507 0.0319
91.2 0.6273 -1.1802 -0.5842 1.0675 0.8032 0.0004
91.4 0.6199 -0.844 -0.6584 1.0076 1.1653 0.3151
91.6 0.7508 -0.6084 -0.734 1.0282 1.0192 -0.0968
91.8 1.0582 -0.3384 -0.8019 1.1128 0.8108 -0.4555
92 1.0356 -1.0019 -0.5933 1.0948 0.9245 -0.4629
92.2 0.8472 -1.9666 -0.3138 1.2847 0.9292 -0.6268
92.4 -0.396 -4.8203 0.4995 1.6304 0.457 -1.2638
92.6 -1.1327 -7.6192 1.2853 1.8242 0.0718 -0.9691
92.8 -2.0455 -9.6518 1.8282 2.3607 0.165 -0.4106
93 -2.9431 -11.5969 2.3469 2.6128 0.1569 -0.3295
93.2 -3.811 -13.8885 2.954 3.6879 -0.1328 0.269
93.4 -3.9901 -15.4633 3.3955 3.4932 0.1417 0.7838
93.6 -4.1691 -14.9582 3.1736 2.8822 1.1125 1.9622
93.8 -4.1144 -12.0484 2.3091 2.2986 2.0511 2.0401
94 -2.8503 -8.2916 1.2956 2.1082 1.8317 1.1148
94.2 -1.4766 -5.6188 0.6362 1.9597 1.0642 0.3543
94.4 -0.5645 -3.9352 0.2165 1.7713 0.802 0.2019
94.6 -0.188 -3.2624 0.0073 1.1745 0.9026 0.5617
94.8 -0.1298 -2.6834 -0.1442 1.2367 0.8792 0.5094
95 0.3673 -2.2242 -0.2518 1.1477 0.6939 0.6638
95.2 0.6012 -1.8693 -0.3316 1.0507 1.1111 0.393
95.4 0.6032 -1.5131 -0.4484 0.8151 0.9763 0.2445
95.6 0.4634 -1.1898 -0.5498 0.9943 1.0182 0.4964
95.8 0.7573 -0.8756 -0.616 1.016 1.045 0.4126
96 0.9909 -1.0015 -0.5703 0.7533 0.9047 -0.4038
96.2 0.5427 -2.4481 -0.1661 0.9047 0.9456 -0.4541
96.4 -0.0197 -4.0423 0.2626 1.1168 0.6696 -0.9254
96.6 -0.4926 -5.6231 0.6997 1.6685 0.1351 -1.0947
96.8 -0.8137 -7.0273 1.0784 1.7482 0.033 -0.9999
97 -1.6298 -8.5836 1.4546 1.8763 0.086 -0.8756
97.2 -1.9055 -9.1427 1.5972 1.9459 0.08 -0.8656
97.4 -2.0887 -9.5844 1.7145 2.0089 0.0655 -0.8673
97.6 -2.4183 -10.9696 2.0952 2.4586 0.0536 -0.5634
97.8 -2.5942 -12.1495 2.4467 2.5095 0.3292 0.2268
98 -2.9382 -10.1344 1.8309 2.1432 1.6963 0.9935
98.2 -1.4704 -5.1795 0.4784 2.1307 1.154 0.1543
98.4 0.0054 -3.0599 -0.0656 1.6111 0.9269 0.2117
98.6 0.2518 -2.209 -0.3156 1.3857 0.9796 0.285
98.8 0.3334 -1.7746 -0.4322 1.1062 0.9862 0.0449
99 0.6055 -1.4397 -0.519 1.3448 0.9545 0.2276
99.2 0.7374 -1.2296 -0.5749 1.0964 0.8742 0.1044
99.4 0.6003 -1.1453 -0.6076 1.0558 0.8919 0.2484
99.6 0.7568 -0.9506 -0.6579 1.0667 0.8562 0.1187
99.8 0.9395 -0.6741 -0.6898 0.7043 1.2074 0.0722
100 1.1317 -0.5977 -0.7213 0.8241 0.9479 -0.2331
100.2 0.7252 -1.7118 -0.4163 0.9244 0.8854 -0.5589
100.4 0.3037 -3.0451 -0.0538 1.2081 0.7992 -0.8612
100.6 -0.103 -4.6045 0.3841 1.3965 0.3274 -1.3521
100.8 -0.3646 -5.8051 0.6974 1.3839 0.1744 -1.3634
101 -0.914 -7.2874 1.0493 1.1316 0.2861 -1.2013
101.2 -1.1418 -7.7024 1.1603 1.2413 0.3794 -1.1515
101.4 -1.766 -9.2816 1.5857 1.8183 -0.0494 -1.1633
101.6 -1.9977 -10.8584 2.0156 1.8404 -0.2639 -1.0525
101.8 -2.6975 -12.4162 2.4299 1.8568 -0.0722 -0.6628
102 -3.3993 -13.7623 2.7817 2.2509 0.3438 -0.0001
102.2 -3.6081 -13.6877 2.7261 2.2261 0.6509 0.5063
102.4 -3.303 -12.6107 2.4319 2.1194 0.8846 0.4367
102.6 -3.1302 -12.2292 2.3306 1.8886 1.1834 0.6207
102.8 -2.8639 -9.9724 1.6707 1.5824 1.4918 0.5659
103 -1.8286 -6.8081 0.8062 1.2344 1.6109 0.3515
103.2 -0.7211 -4.4357 0.1651 1.3872 0.9071 -0.1681
103.4 0.1252 -2.9442 -0.2507 1.1865 0.8724 -0.2445
103.6 0.3403 -2.2131 -0.4454 1.1642 0.842 -0.2644
103.8 0.5467 -1.7083 -0.5825 1.0471 0.8017 -0.3549
104 1.1489 -1.11 -0.733 0.825 0.8657 -0.3636
104.2 1.0372 -0.849 -0.802 0.8154 0.669 -0.3607
104.4 1.0855 -0.6125 -0.8898 0.504 0.9096 -0.2919
104.6 1.0862 -0.4287 -0.9373 0.771 0.9349 -0.6494
104.8 1.1794 -1.2722 -0.698 0.7902 0.6894 -0.9566
105 0.7424 -3.0519 -0.2322 0.7295 0.4915 -1.214
105.2 -0.0408 -5.1983 0.343 1.2917 0.3512 -1.2927
105.4 -0.8663 -7.4637 0.9362 1.5974 0.0607 -1.1224
105.6 -1.2384 -9.38 1.4361 2.0541 -0.1191 -1.2056
105.8 -1.8465 -11.1786 1.9098 2.4596 -0.1628 -0.9885
106 -2.9799 -13.8667 2.6089 2.8275 -0.2953 -0.6949
106.2 -3.6786 -15.8281 3.1156 3.4075 -0.1941 -0.2676
106.4 -3.545 -15.8579 3.1289 3.1906 0.2606 0.1362
106.6 -3.7624 -15.1098 2.9288 2.9028 0.6887 0.1031
106.8 -3.5804 -13.6145 2.5178 2.3875 0.9378 0.0586
107 -2.8285 -11.3439 1.9244 2.3461 0.9296 -0.2578
107.2 -1.6511 -8.4305 1.1582 2.2087 0.5783 -1.0554
107.4 -0.928 -5.9831 0.5118 1.828 0.5687 -1.1751
107.6 -0.3142 -4.3284 0.0655 1.813 0.3378 -1.5087
107.8 0.2376 -3.247 -0.2233 1.5586 0.4406 -1.4495
108 0.83 -2.5355 -0.4349 1.5862 0.2678 -1.4711
108.2 0.7862 -2.3028 -0.5025 1.4162 0.2378 -1.249
108.4 0.8061 -2.0715 -0.5819 1.3386 0.488 -1.1243
108.6 0.7898 -1.9476 -0.6426 1.1936 0.6617 -1.0663
108.8 1.117 -1.7753 -0.7125 0.8114 0.4593 -1.7745
109 0.6257 -3.441 -0.285 0.6887 0.6268 -1.6806
109.2 -0.2192 -5.5343 0.2625 1.29 0.0611 -1.9127
109.4 -0.8881 -7.7839 0.8444 1.9276 -0.238 -1.9794
109.6 -1.1177 -9.511 1.257 2.146 -0.2338 -1.5285
109.8 -1.9689 -11.5146 1.7888 2.3341 -0.3564 -1.5403
110 -2.7712 -13.3611 2.2706 2.4271 -0.0782 -0.8279
110.2 -3.4338 -14.5573 2.5858 2.6906 0.488 0.2346
110.4 -3.2553 -12.7637 2.1638 2.2855 1.2685 0.7071
110.6 -2.4949 -8.7021 1.1601 2.135 1.2924 0.3688
110.8 -1.889 -6.8292 0.6714 1.8296 1.1277 -0.0799
111 -1.3502 -5.6303 0.3406 1.698 0.8526 -0.5225
111.2 -0.4106 -3.9178 -0.1354 1.3598 0.5161 -0.7617
111.4 0.0893 -3.1579 -0.3705 1.1352 0.5291 -0.5915
111.6 0.2015 -2.603 -0.5142 0.9649 0.9328 -0.2859
111.8 0.2846 -2.2911 -0.5913 1.0119 0.661 -0.6069
112 0.8104 -1.7752 -0.7723 0.695 0.7582 -0.3824
112.2 0.7217 -1.5085 -0.8342 0.2413 1.1789 -0.1153
112.4 0.7138 -1.1927 -0.9008 0.5083 1.0192 -0.1945
112.6 0.8112 -0.9315 -0.9719 0.5416 0.9551 -0.5069
112.8 1.0186 -1.5384 -0.8481 0.6176 0.6859 -0.7596
113 0.2861 -3.4053 -0.3401 0.7373 0.7576 -0.8171
113.2 -0.5555 -5.2613 0.1827 0.638 0.7422 -1.0914
113.4 -1.1617 -7.0008 0.6549 1.4686 0.347 -1.1166
113.6 -1.332 -8.3956 0.9947 1.7829 -0.1651 -1.2532
113.8 -1.8506 -9.6558 1.351 1.7608 0.1827 -0.968
114 -2.3909 -11.153 1.7449 2.3024 -0.2677 -1.0052
114.2 -2.8281 -12.4936 2.0891 2.838 0.0004 -0.046
114.4 -3.0856 -12.2915 2.0934 2.6179 0.9471 1.0414
114.6 -2.8823 -9.7594 1.5413 1.8397 1.5834 0.8459
114.8 -2.2171 -7.0319 0.9043 1.6564 1.6547 0.7763
115 -1.9663 -6.1132 0.6807 1.9148 1.269 0.6954
115.2 -0.9455 -4.0594 0.0977 1.5632 0.7623 0.2283
115.4 -0.0524 -2.5995 -0.326 1.1615 0.7074 0.2163
115.6 0.2539 -2.0336 -0.5096 0.8574 0.7328 -0.0534
115.8 0.2703 -1.7193 -0.5562 0.7574 1.2289 0.2882
116 0.5331 -1.5028 -0.6271 0.5532 1.3718 0.4806
116.2 0.5405 -1.4096 -0.6552 0.6873 0.9828 0.2501
116.4 0.5957 -1.2199 -0.6911 0.5124 1.0803 0.0905
116.6 0.5775 -1.6971 -0.5898 0.8634 0.7118 -0.6025
116.8 0.2253 -3.2857 -0.2034 0.7203 0.8955 -0.7883
117 -0.1377 -4.8176 0.1479 0.8296 0.4846 -1.1974
117.2 -0.8254 -6.2467 0.5519 1.2901 0.1232 -1.313
117.4 -1.2826 -7.5052 0.8816 1.3705 0.0843 -1.2606
117.6 -1.1108 -7.9548 0.9428 1.6654 -0.0958 -1.3341
117.8 -1.2571 -8.521 1.0798 1.7129 -0.0041 -0.6727
118 -1.7838 -8.2183 1.1231 1.6101 1.3103 0.4408
118.2 -1.856 -6.5357 0.8289 1.8373 1.649 0.8369
118.4 -1.5324 -5.4988 0.576 1.7238 1.3689 0.5099
118.6 -0.8178 -4.0421 0.1592 1.0489 1.3996 0.3021
118.8 -0.3518 -2.7609 -0.1616 1.1409 0.9121 0.1107
119 0.1141 -2.1855 -0.3696 1.0633 1.1023 0.0765
119.2 0.3243 -1.9697 -0.4341 0.9912 0.8937 0.0142
119.4 0.7272 -1.5049 -0.6026 0.7245 1.1327 0.2438
119.6 0.6949 -1.0075 -0.6935 0.7255 1.1824 0.2762
119.8 0.8217 -0.8728 -0.721 1.2454 1.0676 0.4126
120 0.9361 -0.7648 -0.7626 0.5955 0.883 -0.3383
120.2 0.7158 -1.9447 -0.5352 0.4407 0.931 -0.5221
120.4 0.0206 -3.6207 -0.1093 0.8496 0.7484 -0.6732
120.6 -0.4197 -5.7248 0.3728 1.2309 0.393 -0.8319
120.8 -0.8562 -7.3828 0.7522 1.1878 0.4609 -0.6779
121 -1.6006 -9.4607 1.2416 1.4199 0.2372 -0.755
121.2 -2.1145 -11.2298 1.6389 1.857 0.1045 -0.5486
121.4 -2.4518 -12.9426 2.0332 2.7221 -0.372 -0.4273
121.6 -2.7138 -14.5366 2.3622 2.549 0.402 -0.2636
121.8 -3.4853 -16.0493 2.7237 2.9593 0.4652 0.415
122 -3.8337 -16.2068 2.7717 3.1919 0.8503 0.726
122.2 -3.8137 -15.1952 2.6053 2.5063 1.2011 0.6388
122.4 -3.3196 -13.6748 2.2401 2.4206 1.0455 0.5351
122.6 -2.8078 -11.799 1.809 1.9538 1.1309 -0.156
122.8 -2.1104 -9.4652 1.2727 1.6221 1.2608 -0.6362
123 -1.448 -7.9038 0.8713 2.0112 0.5169 -1.4213
123.2 -1.0426 -7.2935 0.6787 1.6039 0.3481 -1.6593
123.4 0.1067 -4.45 -0.0553 2.3158 0.0948 -1.1576
123.6 0.8028 -2.8321 -0.4565 1.2507 0.7265 -0.1946
123.8 1.5095 -1.7784 -0.8346 1.1713 0.7583 -0.2586
124 1.6965 -1.4492 -0.9508 1.1701 0.8225 -0.2921
124.2 1.5846 -1.4064 -0.9378 1.3814 0.6421 -0.4366
124.4 1.2449 -2.8632 -0.6371 2.3559 -0.3333 -1.7423
124.6 0.5799 -5.0663 -0.1006 1.7372 -0.4931 -2.423
124.8 -0.0848 -7.0878 0.3455 1.7146 -0.3575 -2.215
125 -1.0144 -9.7032 0.9769 2.164 -0.2944 -1.9493
125.2 -1.861 -12.172 1.5687 2.6143 -0.4475 -1.7252
125.4 -2.3524 -14.373 2.0066 3.1135 -0.6185 -1.7479
125.6 -3.2065 -16.4524 2.5098 3.0007 -0.3263 -1.5313
125.8 -3.6527 -17.4896 2.7613 3.6165 -0.4733 -0.6278
126 -4.2013 -17.8883 2.9343 3.4039 0.546 -0.3808
126.2 -4.1408 -17.5822 2.8771 3.6751 0.197 -0.0033
126.4 -4.3093 -16.8498 2.8238 2.8381 1.0525 0.1969
126.6 -4.1163 -15.4951 2.5599 2.5372 1.2232 0.1993
126.8 -3.7671 -13.7315 2.2057 2.4039 1.147 -0.2281
127 -3.204 -12.5154 1.8847 1.932 1.0127 -0.5605
127.2 -2.971 -12.0053 1.7403 1.6457 1.0327 -0.6989
127.4 -1.5277 -7.8823 0.7518 1.6534 0.7916 -1.1784
127.6 -0.6629 -4.9985 0.1361 1.51 0.8243 -0.8656
127.8 0.6124 -2.9995 -0.5203 1.3792 0.8874 -0.0831
128 0.7649 -2.4107 -0.6497 1.3055 0.9645 -0.1299
128.2 0.9133 -1.887 -0.7655 1.342 0.9187 0.0026
128.4 1.063 -1.643 -0.8348 1.3138 0.9841 0.0058
128.6 1.0947 -1.4277 -0.8665 1.356 1.0104 -0.0072
128.8 0.8054 -1.8991 -0.7164 1.3196 0.848 -0.5858
129 0.1507 -3.3854 -0.3307 1.1306 0.6708 -1.2937
129.2 -0.5465 -5.0668 0.0849 1.2858 0.297 -1.3694
129.4 -0.7126 -6.9503 0.3466 1.8707 -0.3245 -1.283
129.6 -1.4674 -9.2246 0.8539 2.4448 -0.2485 -0.7554
129.8 -2.3657 -11.6847 1.4387 2.825 -0.4068 -0.7101
130 -3.0841 -14.0773 1.9447 2.5266 0.4032 -0.4872
130.2 -3.9119 -15.6564 2.4307 3.1518 0.2987 0.2559
130.4 -3.9116 -15.5559 2.4152 3.086 0.4659 0.9056
130.6 -3.9437 -12.9321 2.135 2.8348 1.152 1.3374
130.8 -3.0954 -9.4735 1.4826 2.3325 1.1947 0.7254
131 -1.8449 -6.9458 0.7819 1.9909 1.1102 0.4627
131.2 -1.4739 -6.1624 0.5643 1.6184 1.5663 0.0189
131.4 -0.8723 -3.7256 0.1241 1.9258 1.6667 0.6935
131.6 -0.4467 -3.05 -0.0502 1.5795 0.927 0.1036
131.8 0.471 -2.0928 -0.4801 1.5349 0.9143 0.0667
132 0.609 -1.8099 -0.5627 1.4947 0.9463 0.0302
132.2 0.7086 -1.7225 -0.6104 1.4805 0.9342 0.032
132.4 0.6615 -1.3378 -0.6334 1.4658 0.8444 0.004
132.6 0.9316 -1.1449 -0.761 1.4318 0.9093 -0.0293
132.8 1.0292 -1.0572 -0.8113 1.5053 0.9149 -0.0489
133 0.5977 -2.0123 -0.557 1.5266 0.7847 -0.1655
133.2 -0.162 -3.7962 -0.0888 1.1291 0.9419 -0.42
133.4 -0.9363 -5.4847 0.3696 1.3009 0.4222 -0.7183
133.6 -1.1575 -7.1033 0.5975 1.154 0.7265 -0.8424
133.8 -2.0729 -8.8782 1.1334 1.6183 0.2582 -0.8182
134 -2.7557 -10.9809 1.6021 2.2288 0.0245 -0.5737
134.2 -2.6911 -12.3487 1.6944 2.8571 -0.1196 0.1076
134.4 -3.1919 -13.0546 1.97 2.0958 1.426 1.0549
134.6 -3.3592 -11.7176 1.9212 2.2265 1.2845 1.5988
134.8 -2.7096 -8.6808 1.418 2.1358 1.152 0.874
135 -1.2816 -5.4256 0.5593 1.6364 1.3613 0.6305
135.2 -0.9308 -4.4877 0.341 1.9707 1.4508 1.0251
135.4 -0.5646 -3.2653 0.1034 1.1486 0.9989 -0.0297
135.6 0.2894 -2.0073 -0.373 1.114 0.8654 0.0228
135.8 0.7093 -1.4393 -0.5914 1.1503 0.8309 0.1275
136 0.8379 -1.088 -0.6451 1.146 0.8185 0.1289
136.2 0.9756 -0.6858 -0.733 1.0941 0.9221 0.1083
136.4 0.9554 -0.4057 -0.7466 1.0285 0.8987 0.1218
136.6 1.1821 -0.0062 -0.8648 1.0475 0.8384 0.1396
136.8 1.2064 0.0419 -0.8643 1.022 0.8874 0.1259
137 1.1681 0.1824 -0.8559 1.0271 0.9323 0.0987
137.2 1.0882 0.0421 -0.8097 1.1397 0.9694 0.0909
137.4 0.5849 -1.2784 -0.4771 1.1925 1.0413 0.0032
137.6 -0.1893 -3.1677 0.0298 0.8437 1.0367 -0.4388
137.8 -0.871 -5.0337 0.4675 0.9902 0.9005 -0.5097
138 -1.4072 -7.2662 0.8976 2.0829 0.0837 -0.2408
138.2 -1.6921 -9.0158 1.1841 2.254 -0.0237 -0.2959
138.4 -2.3025 -11.0091 1.6282 2.0789 0.1905 -0.2342
138.6 -2.9663 -12.9428 2.0839 2.5758 0.2007 -0.1726
138.8 -3.4829 -14.5407 2.417 3.3182 -0.115 0.0797
139 -3.6537 -15.1374 2.5449 2.932 0.3466 0.4005
139.2 -3.7903 -15.1451 2.5976 3.1777 0.4761 0.6766
139.4 -4.0528 -14.9903 2.7126 2.8783 1.1665 1.2684
139.6 -4.0636 -13.7177 2.6316 2.6167 1.3655 1.1602
139.8 -3.2572 -11.2303 2.0819 1.8336 1.2501 0.276
140 -2.3176 -9.1621 1.5262 1.5688 1.0133 -0.2331
140.2 -1.5076 -6.9757 0.9877 1.4743 0.8743 -0.5033
140.4 -0.8081 -5.1355 0.5593 1.4268 0.6692 0.0187
140.6 0.5343 -3.2656 -0.2104 1.3058 0.5787 0.0408
140.8 1.1969 -2.0725 -0.6086 1.2697 0.5368 0.0502
141 1.4784 -1.5251 -0.7832 1.2532 0.4603 0.046
141.2 1.7575 -1.2186 -0.9425 1.2596 0.4758 0.0169
141.4 1.8614 -1.3556 -0.9893 1.4495 0.4177 -0.2512
141.6 1.0915 -3.0434 -0.5069 1.9654 0.0208 -1.2222
141.8 -0.234 -5.6891 0.3242 1.5453 0.0209 -1.7169
142 -0.7091 -7.5062 0.6331 1.8284 -0.4661 -2.0867
142.2 -1.2077 -9.6744 1.0024 2.3179 -0.6597 -1.9312
142.4 -1.9553 -11.8056 1.4713 2.6823 -0.732 -1.6212
142.6 -2.6458 -14.3455 1.9523 3.2256 -0.8603 -1.4485
142.8 -3.5378 -16.5427 2.536 3.5462 -0.5597 -0.6708
143 -3.6096 -16.6804 2.5712 3.4506 -0.2703 -0.4253
143.2 -3.6243 -16.5514 2.5716 3.2461 0.1395 -0.123
143.4 -3.5999 -14.8595 2.4607 2.3252 0.7208 -0.4102
143.6 -2.6534 -11.0701 1.7773 2.0212 0.5614 -0.9345
143.8 -0.9192 -6.8533 0.6878 1.6884 0.3599 -0.2061
144 0.4412 -4.3816 -0.1024 1.5781 0.4352 -0.1507
144.2 0.7618 -3.1248 -0.3271 1.4516 0.5502 -0.1587
144.4 1 -2.548 -0.4745 1.4233 0.5021 -0.144
144.6 1.2799 -2.131 -0.6415 1.4302 0.5046 -0.1297
144.8 1.4877 -1.7651 -0.7628 1.4362 0.5058 -0.1033
145 1.5983 -1.4166 -0.8243 1.4268 0.4989 -0.0665
145.2 1.5876 -1.1603 -0.8068 1.331 0.6201 -0.0946
145.4 1.652 -0.986 -0.8475 1.4313 0.545 -0.117
145.6 1.3727 -1.7526 -0.6726 1.8182 0.462 -0.5091
145.8 0.3999 -3.4274 -0.0906 1.8236 0.4717 -0.9245
146 -0.6853 -5.0163 0.5341 1.653 0.3534 -1.1372
146.2 -0.3564 -5.5375 0.3623 1.555 0.1526 -1.3132
146.4 -0.3204 -5.8729 0.3529 1.6243 0.4399 -0.8326
146.6 -0.2194 -5.433 0.2828 1.2157 0.7782 -0.6518
146.8 -0.1886 -4.9474 0.2294 0.9302 0.9231 -0.5421
147 -0.2559 -4.5875 0.2354 1.0376 1.1584 -0.3008
147.2 -0.222 -3.9613 0.1998 1.5199 1.0674 0.1619
147.4 0.0279 -2.9887 0.0402 1.499 1.194 0.4312
147.6 0.4797 -1.8778 -0.2435 1.4296 0.8525 -0.071
147.8 0.8107 -1.0696 -0.4511 1.3294 0.8765 -0.0362
148 1.1409 -0.4067 -0.6551 1.3039 0.8565 -0.0089
148.2 1.5121 0.1055 -0.8705 1.3254 0.8641 0.0089
148.4 1.4696 0.2819 -0.8503 1.3612 0.8832 0.0226
148.6 1.2986 0.3266 -0.7511 1.473 1.0704 0.2386
148.8 0.9141 -0.2802 -0.5216 1.3245 1.171 0.1693
149 0.3637 -1.6239 -0.1888 0.8055 1.1014 -0.369
149.2 0.0187 -3.1011 0.0242 0.4688 0.9752 -0.894
149.4 -0.525 -5.0542 0.371 0.8394 0.5111 -1.2096
149.6 -1.0552 -6.8063 0.7288 1.1169 0.2638 -1.1445
149.8 -1.2588 -8.4819 0.8963 1.4955 -0.1726 -1.4643
150 -1.9987 -10.546 1.3658 1.6631 0.0749 -1.0988
150.2 -2.6532 -12.5607 1.7928 2.1137 -0.156 -0.8848
150.4 -3.1648 -13.9288 2.1154 2.7812 -0.1499 -0.547
150.6 -3.5553 -14.9877 2.3807 3.1736 -0.0945 0.2066
150.8 -3.9368 -15.8288 2.6297 3.3536 -0.0066 0.363
151 -3.952 -15.8749 2.6342 3.0883 0.5992 0.9516
151.2 -4.2484 -15.4384 2.7895 2.867 1.1087 1.4958
151.4 -4.0993 -13.7251 2.7119 2.4334 1.2993 1.4587
151.6 -3.5827 -11.5477 2.3566 1.5724 1.9093 1.2494
151.8 -2.7024 -8.7927 1.8183 1.3573 1.4612 0.3837
152 -1.7705 -6.6813 1.2234 1.2899 1.4323 -0.0168
152.2 -0.7115 -4.6994 0.553 1.2696 1.1128 -0.4198
152.4 -0.0687 -3.3487 0.1585 1.7307 1.0426 0.1107
152.6 0.1472 -2.7956 0.0209 2.0649 0.9994 0.4062
152.8 0.2562 -2.1526 -0.0622 1.8518 1.1124 0.3864
153 1.1339 -1.3881 -0.602 1.4595 0.7067 0.1417
153.2 1.378 -1.2027 -0.7538 1.4097 0.8001 0.1547
153.4 1.42 -0.9317 -0.7832 1.3806 0.8383 0.1803
153.6 1.5362 -0.5993 -0.8601 1.3496 0.7667 0.1358
153.8 1.6469 -0.4177 -0.9359 1.2695 0.7927 0.1016
154 1.7422 -0.2423 -1.0181 1.1024 1.4786 0.4624
154.2 1.0087 -1.0463 -0.554 0.8309 1.5989 0.32
154.4 0.2236 -2.1646 -0.0545 0.5295 1.106 -0.6171
154.6 -0.0106 -3.3964 0.1024 0.7596 0.5775 -1.0804
154.8 -0.5311 -5.3671 0.4601 0.8713 0.3422 -1.2117
155 -0.9589 -7.2439 0.7685 1.379 0.0355 -1.3158
155.2 -1.3225 -8.1561 1.0127 1.4337 0.1328 -1.0645
155.4 -1.9082 -9.7548 1.4082 1.7821 -0.0143 -1.1465
155.6 -2.7251 -12.1422 1.9631 2.2554 -0.0289 -0.8789
155.8 -3.4312 -14.5496 2.4269 2.6495 -0.1697 -0.7136
156 -3.9689 -16.263 2.8017 3.4804 -0.1245 -0.0941
156.2 -4.4478 -17.311 3.1471 3.6238 -0.1786 0.0873
156.4 -4.5587 -17.4495 3.2705 3.5404 0.2927 0.8402
156.6 -4.7399 -17.3043 3.389 3.0165 1.0005 1.2223
156.8 -4.879 -16.4657 3.4732 3.0741 1.2043 1.3385
157 -4.7102 -15.5214 3.3578 2.5258 1.6115 1.8732
157.2 -4.3025 -14.3441 3.098 1.9033 1.8179 1.8164
157.4 -3.9115 -12.6685 2.8672 1.5186 1.8702 1.3527
157.6 -3.2648 -10.7091 2.4561 1.0999 1.8677 1.0198
157.8 -2.1525 -8.3247 1.694 0.8788 1.6123 0.5192
158 -1.3251 -6.5126 1.1024 0.905 1.2814 -0.0762
158.2 -0.7409 -4.8259 0.7176 1.3778 1.3401 0.249
158.4 -0.3897 -3.9394 0.4903 1.744 1.0331 0.4185
158.6 0.9243 -2.4475 -0.4211 1.4292 0.7017 0.1277
158.8 1.1711 -2.0675 -0.6025 1.4154 0.7724 0.1772
159 1.2874 -1.6839 -0.6923 1.3906 0.8138 0.2327
159.2 1.4162 -1.335 -0.7896 1.391 0.8562 0.269
159.4 1.608 -1.0288 -0.9297 1.4257 0.9109 0.2802
159.6 1.4242 -0.9714 -0.7963 1.5502 0.8775 0.3133
159.8 1.2311 -1.0754 -0.653 1.4193 1.0582 0.3927
160 1.0718 -1.2235 -0.533 1.1699 1.3396 0.4897
160.2 0.4173 -2.4161 -0.0748 1.182 1.0192 0.1236
160.4 -0.1241 -3.7155 0.3097 1.1245 0.6792 -0.4504
160.6 -0.5391 -5.3778 0.6378 1.0868 0.3996 -0.9381
160.8 -1.2497 -7.4514 1.1768 1.404 0.1582 -0.9983
161 -1.8469 -9.6603 1.6305 1.8807 -0.1281 -0.889
161.2 -2.5358 -11.9536 2.1666 2.5631 -0.2162 -0.5362
161.4 -3.199 -14.1222 2.6782 2.6468 -0.0466 -0.293
161.6 -3.65 -15.6812 3.0085 3.1909 -0.5773 -0.4886
161.8 -3.9136 -16.8044 3.2148 3.4962 -0.5651 -0.3317
162 -4.3338 -17.8819 3.5331 3.8786 -0.4589 0.2088
162.2 -4.5642 -18.6258 3.7123 3.8075 0.022 0.6274
162.4 -4.8306 -18.7376 3.9168 4.0826 -0.153 0.4829
162.6 -4.8474 -18.9194 3.9349 3.9328 -0.0248 0.6908
162.8 -4.778 -19.0494 3.8165 4.0424 0.157 0.8234
163 -4.8336 -19.077 3.8533 3.7946 0.2909 0.8826
163.2 -4.8732 -18.7191 3.873 3.7761 0.3866 1.0363
163.4 -4.87 -17.9285 3.8775 3.3926 0.8733 1.6306
163.6 -4.637 -17.4785 3.7326 3.0876 1.1037 1.7458
163.8 -4.6454 -17.3832 3.8237 2.425 1.3986 1.6133
164 -4.4206 -16.6311 3.6456 2.3162 1.0171 1.1444
164.2 -4.1462 -16.4736 3.4563 2.0625 1.307 1.1562
164.4 -4.008 -16.3143 3.3325 1.9231 1.6947 1.4057
164.6 -4.0297 -16.0035 3.3513 1.6604 1.6221 1.2126
164.8 -3.696 -14.2652 3.1068 1.5819 1.7114 1.3951
165 -2.8871 -11.9037 2.4767 1.4795 1.9064 1.2889
165.2 -2.1414 -9.3197 1.914 1.6325 1.5457 0.8138
165.4 -1.4883 -7.2414 1.4594 2.5121 1.3232 0.9942
165.6 -0.3638 -5.6849 0.5606 1.9739 0.7814 0.2187
165.8 -0.0142 -4.6439 0.2971 1.8697 0.7106 0.2028
166 0.323 -3.7955 0.0258 1.85 0.7413 0.2257
166.2 0.5685 -3.0952 -0.1714 1.8871 0.8247 0.2782
166.4 0.522 -2.5481 -0.1072 1.9332 0.8672 0.3233
166.6 0.4927 -2.0283 -0.0423 1.8446 1.0809 0.3801
166.8 0.5324 -1.7757 -0.0694 1.8447 1.0077 0.3498
167 0.5746 -1.5328 -0.0999 1.8485 0.9238 0.3163
167.2 0.6003 -1.8163 -0.1406 1.9388 0.9155 0.2739
167.4 0.3654 -2.7908 0.0292 2.0535 0.7652 0.1697
167.6 -0.1971 -4.6611 0.4607 2.1558 0.4183 -0.0498
167.8 -0.7516 -7.1173 0.8456 2.0942 0.0529 -0.484
168 -1.608 -9.6662 1.5079 2.1693 0.0513 -0.5388
168.2 -2.494 -12.079 2.2123 2.7029 -0.0108 -0.251
168.4 -3.1641 -14.2431 2.7365 2.7727 -0.33 -0.4312
168.6 -3.5393 -15.9688 2.9923 3.2319 -0.4398 -0.1632
168.8 -3.8849 -17.5261 3.212 2.5989 -0.1575 -0.5954
169 -4.1395 -18.3748 3.3836 2.6131 0.0266 -0.5913
169.2 -4.4815 -18.8087 3.6837 2.54 -0.0466 -0.6242
169.4 -4.4951 -19.0891 3.661 2.5914 -0.0321 -0.5719
169.6 -4.4206 -19.2156 3.5668 2.9001 0.0352 -0.1952
169.8 -4.4905 -19.2177 3.6406 3.5354 0.1136 0.6576
170 -4.5941 -19.3915 3.7355 3.2288 0.096 0.2927
170.2 -4.7056 -19.6216 3.8323 2.5097 0.0604 -0.6096
170.4 -4.5039 -18.8665 3.6228 2.7292 1.0079 -0.4447
170.6 -4.4658 -18.4656 3.6204 2.7233 1.094 -0.4033
170.8 -4.4278 -18.0647 3.618 2.7173 1.1801 -0.3619
171 -4.3897 -17.6638 3.6156 2.7114 1.2662 -0.3205
171.2 -4.1021 -16.3956 3.439 2.6278 1.2205 -0.2483
171.4 -3.5649 -14.2601 3.0882 2.4667 1.0431 -0.1453
171.6 -3.0276 -12.1246 2.7373 2.3055 0.8657 -0.0423
171.8 -2.4904 -9.9891 2.3865 2.1444 0.6883 0.0607
172 -1.7243 -8.2501 1.7306 2.1555 0.7159 0.2149
172.2 -0.9129 -6.5894 1.0144 2.2007 0.7839 0.3792
172.4 -0.3285 -5.4467 0.4944 2.2018 0.7854 0.3485
172.6 0.0953 -4.4376 0.1404 2.187 0.7867 0.2933
172.8 -0.0566 -3.643 0.4123 2.132 0.8401 0.2781
173 -0.0118 -3.024 0.4385 2.0972 0.7949 0.2483
173.2 0.0258 -2.7655 0.4235 2.1027 0.7518 0.2324
173.4 -0.0457 -3.7906 0.3559 2.2513 0.7576 0.2746
173.6 -0.238 -4.8593 0.4307 2.2641 0.6676 0.1398
173.8 -0.5637 -5.9763 0.663 2.1268 0.4716 -0.1908
174 -1.2234 -7.871 1.1859 2.1669 0.3925 -0.2861
174.2 -2.0621 -10.1644 1.8676 2.3196 0.3658 -0.2658
174.4 -2.8295 -12.2642 2.4904 2.5436 -0.0281 -0.4752
174.6 -3.3022 -14.5024 2.7578 2.8207 0.0533 -0.2078
174.8 -4.0135 -16.7097 3.3024 3.5293 -0.2313 -0.104
175 -4.4712 -18.3872 3.6638 4.1246 -0.2688 0.5357
175.2 -4.8584 -19.7574 3.9671 4.0177 0.0782 0.9859
175.4 -5.1004 -20.749 4.1001 4.2978 0.2884 1.2251
175.6 -5.3446 -21.3114 4.3274 4.6771 0.2072 1.3751
175.8 -5.5171 -21.2411 4.592 2.9187 0.3073 -0.1275
176 -5.13 -20.5018 4.1304 2.6084 0.2056 -0.5414
176.2 -5.4839 -21.423 4.4491 2.5594 0.2995 -0.4306
176.4 -5.3787 -21.0741 4.3689 2.5279 0.3904 -0.3528
176.6 -4.9054 -19.7067 3.9689 2.5104 0.4788 -0.3015
176.8 -4.5414 -18.3657 3.7335 2.4981 0.5152 -0.2395
177 -4.2742 -17.0481 3.6441 2.4905 0.5055 -0.168
177.2 -3.7781 -15.0257 3.3898 2.4727 0.5743 -0.0446
177.4 -3.1386 -12.5621 3.0325 2.4485 0.6923 0.1114
177.6 -2.3782 -10.3479 2.3897 2.4419 0.7716 0.2071
177.8 -1.5229 -8.3297 1.5226 2.4489 0.8205 0.2553
178 -1.2096 -7.3403 1.2815 2.4692 0.8285 0.2725
178.2 -1.0319 -6.608 1.1968 2.4928 0.8264 0.282
178.4 -0.8542 -5.8757 1.1122 2.5164 0.8243 0.2916
178.6 -0.6714 -4.9349 1.1017 2.4605 0.8648 0.2977
178.8 -0.4862 -3.8939 1.1269 2.3664 0.9258 0.3022
179 -0.3146 -3.285 1.028 2.3783 0.9177 0.2841
179.2 -0.1484 -2.8443 0.8808 2.4315 0.8828 0.2571
179.4 -0.1909 -3.1776 0.8437 2.4792 0.8446 0.2269
179.6 -0.5339 -4.6248 0.9649 2.5191 0.8017 0.192
179.8 -0.935 -6.2478 1.1345 2.6347 0.7632 0.2351
180 -1.7836 -9.2232 1.6756 3.3332 0.7593 0.8794
180.2 -2.7304 -11.8791 2.5981 3.4005 0.3609 0.6889
180.4 -3.2815 -14.0287 2.931 4.1013 -0.3207 0.5679
180.6 -3.781 -15.5656 3.4368 3.3206 0.5295 0.7059
180.8 -4.527 -17.3741 4.1167 4.2273 -0.2193 0.6734
181 -4.5313 -18.5182 3.7615 3.4583 1.1461 1.415
181.2 -5.0871 -19.2128 4.5425 4.6326 0.0753 1.328
181.4 -5.0304 -19.643 4.3468 2.9104 0.8777 0.5282
181.6 -5.2981 -20.2867 4.5493 3.5687 1.3522 1.8169
181.8 -5.1249 -19.6198 4.4855 3.5141 1.5455 2.039
182 -5.3545 -20.4196 4.7333 2.8251 1.3985 1.6381
182.2 -5.1934 -19.9416 4.5725 2.6758 1.5294 1.5061
182.4 -4.92 -19.0481 4.3159 2.3263 1.3595 0.6637
182.6 -4.5135 -17.7249 4.0095 2.3717 1.4048 0.7089
182.8 -4.0627 -16.2586 3.6866 2.5487 1.5218 1.05
183 -3.6118 -14.7922 3.3636 2.7257 1.6389 1.3911
183.2 -3.161 -13.3258 3.0407 2.9026 1.756 1.7322
183.4 -2.7102 -11.8595 2.7178 3.0796 1.873 2.0734
183.6 -2.2593 -10.3931 2.3948 3.2566 1.9901 2.4145
183.8 -2.0341 -9.6603 2.1919 2.6448 2.2317 2.3829
184 -1.8654 -9.1108 2.0191 1.8357 2.5044 2.2581
184.2 -1.4437 -7.5176 1.7072 1.1117 2.4685 1.6609
184.4 -0.9548 -5.9668 1.2998 1.3252 1.7118 0.7446
184.6 -0.7561 -5.2857 1.2386 1.3126 1.2055 0.3046
184.8 -0.3578 -4.2547 0.7571 1.3472 0.6499 -0.2176
185 0.1041 -3.0516 0.1519 1.2075 0.8867 0.0106
185.2 0.3175 -2.2194 0.0838 0.5213 0.8743 -0.3969
185.4 0.4416 -1.7441 0.0866 0.5401 1.2504 0.2349
185.6 0.3081 -2.1518 0.1713 1.1084 1.2474 0.3228
185.8 -0.0703 -3.2893 0.8037 1.2231 1.0498 0.1295
186 -0.5463 -4.8558 1.6962 1.8132 0.1471 -0.7885
186.2 -1.0593 -6.6752 2.0179 1.845 0.362 -0.4813
186.4 -1.7456 -8.9869 2.4137 2.0623 0.5632 -0.2858
186.6 -2.459 -11.3986 3.0339 2.6903 0.3689 -0.0164
186.8 -3.0061 -13.3813 3.627 2.9976 -0.023 -0.2052
187 -3.4422 -14.9358 3.7903 2.8109 0.1649 0.012
187.2 -3.8692 -16.4159 3.9065 3.4973 -0.0451 0.1431
187.4 -4.1756 -17.4527 3.9563 3.9428 0.1355 0.8397
187.6 -4.2797 -17.8916 4.2451 3.911 0.0197 0.8319
187.8 -4.2753 -17.8949 4.1936 4.0025 0.3836 1.1848
188 -4.2972 -17.8948 4.0625 3.8684 0.8209 1.5642
188.2 -4.2514 -17.645 3.886 3.6407 1.0498 1.8959
188.4 -3.9787 -16.8579 3.8353 3.2981 1.0215 1.9757
188.6 -3.7843 -15.9812 3.2992 2.6264 0.579 -0.0319
188.8 -3.4001 -14.5026 2.7344 3.3641 0.0994 0.1042
189 -3.1564 -13.6948 2.6363 4.377 -0.7823 0.3213
189.2 -3.3543 -14.4526 2.8873 4.4069 -0.7434 0.3735
189.4 -3.5522 -15.2103 3.1382 4.4369 -0.7044 0.4257
189.6 -3.7501 -15.968 3.3891 4.4668 -0.6655 0.4778
189.8 -3.948 -16.7258 3.64 4.4967 -0.6266 0.53
190 -4.1459 -17.4835 3.8909 4.5267 -0.5876 0.5821
190.2 -4.3438 -18.2412 4.1419 4.5566 -0.5487 0.6343
190.4 -4.5417 -18.999 4.3928 4.5865 -0.5098 0.6865
190.6 -4.7396 -19.7567 4.6437 4.6164 -0.4708 0.7386
190.8 -4.9375 -20.5144 4.8946 4.6464 -0.4319 0.7908
191 -5.0988 -21.1231 5.1151 4.6172 -0.6168 0.6208
191.2 -5.1497 -21.3149 5.0763 4.7789 -0.8502 0.4328
191.4 -5.092 -21.2162 5.1272 4.8882 -0.7353 0.6861
191.6 -5.0767 -21.1437 5.1132 4.7796 -0.7988 0.5143
191.8 -5.0716 -21.0672 4.968 4.3028 -0.5999 0.5446
192 -5.034 -20.8937 4.7682 4.1605 -0.146 0.9354
192.2 -4.8766 -20.333 4.6884 3.7951 -0.2275 1.0085
192.4 -4.6934 -19.7802 4.5048 3.5636 0.2039 1.4459
192.6 -4.6508 -19.4636 4.2373 3.3118 0.5018 1.7671
192.8 -4.5289 -18.9716 4.0313 3.25 0.7101 1.8813
193 -4.1518 -17.7156 3.9605 2.919 1.1692 2.1165
193.2 -3.7102 -16.0855 3.6003 2.7498 1.6623 2.5414
193.4 -3.3545 -14.6798 3.1942 2.4076 2.2055 2.8108
193.6 -3.0452 -13.3807 2.8398 2.5585 2.4659 2.8028
193.8 -2.4762 -11.5262 2.6464 2.5471 2.0183 2.0385
194 -1.9798 -9.78 2.043 2.2126 1.7105 1.8562
194.2 -1.5447 -8.3922 1.7575 2.0482 1.3775 1.2386
194.4 -1.1873 -7.2214 1.5132 2.0021 1.0022 0.4797
194.6 -0.7018 -5.7475 1.4335 1.4885 0.6376 0.0437
194.8 -0.4117 -4.7655 0.9907 1.3348 0.7013 -0.0195
195 -0.6165 -5.3312 1.0146 1.2551 0.7686 -0.0235
195.2 -0.9459 -6.312 1.2304 1.1618 0.7802 -0.0536
195.4 -1.2753 -7.2927 1.4462 1.0685 0.7919 -0.0837
195.6 -1.6047 -8.2735 1.662 0.9751 0.8035 -0.1138
195.8 -1.934 -9.2543 1.8779 0.8818 0.8151 -0.1439
196 -2.2634 -10.2351 2.0937 0.7885 0.8267 -0.174
196.2 -2.5928 -11.2158 2.3095 0.6952 0.8383 -0.2041
196.4 -2.9222 -12.1966 2.5253 0.6018 0.85 -0.2342
196.6 -3.2516 -13.1774 2.7411 0.5085 0.8616 -0.2643
196.8 -3.581 -14.1582 2.957 0.4152 0.8732 -0.2944
197 -3.2169 -12.8701 2.8041 0.4287 0.7016 -0.3447
197.2 -3.1479 -11.5181 2.3556 -0.055 0.7173 -0.536
197.4 -2.4419 -9.7221 2.0293 0.6559 0.4536 -0.5082
197.6 -2.1301 -8.0858 1.7007 0.4587 0.9482 0.0201
197.8 -0.7368 -5.8216 1.5946 1.211 0.2717 -0.6268
198 -0.3645 -4.68 1.4052 1.1957 0.4368 -0.6562
198.2 -0.0433 -3.7905 1.3087 1.3528 0.4142 -0.6603
198.4 0.5175 -2.5042 1.2251 1.7503 -0.0174 -0.8229
198.6 0.6601 -2.0802 1.1737 1.9012 -0.2007 -0.8416
198.8 0.5967 -2.0808 1.1382 1.9306 -0.2616 -0.7894
199 0.4536 -2.9782 1.4462 2.0711 -0.3488 -0.7262
199.2 0.2677 -4.3585 1.9392 2.2716 -0.4502 -0.6569
199.4 -0.1746 -5.7902 2.1941 2.2182 -0.3248 -0.495
199.6 -0.6235 -7.2232 2.4429 2.1582 -0.1936 -0.3308
199.8 -1.4702 -9.4917 2.7924 2.6627 -0.2108 -0.2327
200 -1.8203 -11.5297 3.3558 3.206 -0.7474 -0.1795
200.2 -2.494 -13.7048 3.6495 3.4136 -0.6687 0.2093
200.4 -3.198 -15.7057 3.8905 4.4309 -0.4705 0.9083
200.6 -3.7971 -17.4455 4.1 4.823 -0.7414 0.797
200.8 -4.0464 -18.8047 4.4406 4.7025 -0.5302 1.049
201 -4.3577 -19.7806 4.5491 4.6852 -0.4223 1.0645
201.2 -4.5918 -20.1101 4.5538 4.2951 -0.2035 1.1924
201.4 -4.5555 -20.0305 4.5541 4.7953 -0.4395 1.0793
201.6 -4.4616 -19.9804 4.6197 4.5154 -0.3226 1.1527
201.8 -4.4158 -19.8721 4.5932 4.2619 -0.2624 1.3145
202 -4.4704 -19.7757 4.4783 3.8627 0.0747 1.7454
202.2 -4.5069 -19.6101 4.4203 3.6388 0.6977 2.1042
202.4 -4.3548 -19.0739 4.2755 3.1963 1.4585 2.5713
202.6 -4.3528 -18.5275 4.041 2.9855 1.0945 1.4948
202.8 -4.2298 -17.5324 3.7246 2.4131 0.4728 0.3289
203 -3.8545 -15.9294 3.4627 2.6846 1.1268 1.4677
203.2 -3.5786 -14.6041 3.1629 1.9886 0.6411 0.4161
203.4 -3.4409 -13.7883 2.951 1.2775 0.3782 -0.3343
203.6 -3.1612 -12.1904 2.557 0.8083 -0.3506 -1.1736
203.8 -2.5831 -9.9593 2.2718 0.9077 -0.424 -1.3481
204 -1.9874 -8.0219 1.9105 0.6063 0.23 -0.9982
204.2 -1.6157 -6.6132 1.5933 0.6558 -0.0612 -1.1412
204.4 -1.1689 -5.2506 1.3976 0.4135 -0.0006 -1.2791
204.6 -0.514 -3.7451 1.4489 1.0201 -0.0459 -1.016
204.8 -0.3183 -3.0958 1.3809 1.4238 -0.0953 -0.9488
205 -0.1224 -2.4521 1.3152 1.7485 -0.2432 -0.9891
205.2 0.0747 -1.8295 1.2584 1.7759 -0.7623 -1.4339
205.4 0.0903 -1.8609 1.3057 1.7931 -1.0795 -1.7237
205.6 -0.0427 -2.4273 1.4383 1.802 -1.2316 -1.8866
205.8 -0.1756 -2.9936 1.5708 1.8109 -1.3837 -2.0495
206 -0.4362 -4.4222 1.9633 2.0145 -1.4061 -1.9686
206.2 -0.7256 -6.0465 2.4147 2.2623 -1.399 -1.8323
206.4 -1.1782 -7.5696 2.6058 2.2116 -0.9236 -1.4279
206.6 -1.6603 -9.3524 2.8201 2.6181 -1.2447 -1.5791
206.8 -2.1606 -11.4243 3.2944 2.7708 -1.2553 -1.375
207 -2.5707 -13.097 3.579 2.8264 -1.507 -1.5279
207.2 -3.0461 -14.7574 3.7082 3.1825 -1.27 -0.9023
207.4 -3.4906 -16.431 3.994 3.7499 -1.3158 -0.44
207.6 -3.7363 -17.4912 4.3084 4.4122 -1.7592 -0.4114
207.8 -3.8938 -18.1231 4.5246 4.9795 -1.4053 0.3426
208 -4.0626 -18.7728 4.6478 4.9217 -1.4208 0.3009
208.2 -4.2144 -19.0861 4.6209 4.6544 -1.2967 0.1431
208.4 -4.0549 -18.8892 4.8294 4.5498 -1.1583 0.3792
208.6 -3.9806 -18.5525 4.6526 4.0556 -0.951 0.48
208.8 -3.9953 -18.2358 4.4408 3.8644 -0.7631 0.458
209 -3.7845 -16.9936 4.1326 3.5261 -0.0921 0.8159
209.2 -3.3099 -15.4115 4.1584 3.473 0.3503 1.4679
209.4 -2.9402 -13.7808 3.8767 3.4661 1.0692 1.934
209.6 -2.79 -12.4258 3.4772 3.4206 1.1317 2.1032
209.8 -2.5898 -11.662 3.3061 2.7439 1.4591 2.0558
210 -2.0289 -9.2823 2.9496 2.938 1.2384 1.79
210.2 -1.6682 -7.5954 2.2982 2.9318 0.9863 1.2554
210.4 -1.1646 -5.9103 2.0078 3.3916 0.5796 0.9654
210.6 -0.7798 -4.6369 1.8627 3.5148 0.5727 0.9922
210.8 -0.6146 -3.9816 1.7256 2.8418 0.4528 0.7126
211 -0.512 -3.4797 1.5843 2.4473 0.407 0.6044
211.2 -0.489 -3.173 1.4377 2.4073 0.4556 0.7146
211.4 -0.3396 -2.6185 1.4137 2.3792 0.4484 0.7798
211.6 -0.204 -2.2124 1.4794 2.3604 0.4314 0.8108
211.8 -0.4794 -3.5002 1.9028 2.382 0.4784 0.7014
212 -0.7587 -4.8148 2.3112 2.4694 0.4044 0.5073
212.2 -1.0715 -6.3586 2.591 3.1182 -0.7008 -0.4095
212.4 -1.4595 -8.1942 2.8507 2.9064 -1.3778 -1.2345
212.6 -2.1707 -10.8326 2.994 2.5808 -1.4246 -1.3502
212.8 -2.731 -12.8806 3.3914 2.0746 -0.9091 -1.0604
213 -3.0779 -14.4517 3.8206 3.1389 -1.0257 -0.7
213.2 -3.4176 -15.9818 4.1325 3.3853 -1.0584 -0.3418
213.4 -3.9617 -17.9813 4.509 4.3385 -1.1676 0.2055
213.6 -4.2515 -19.1572 4.7229 4.3254 -0.9583 0.5116
213.8 -4.3442 -19.4824 4.8024 4.8143 -1.1239 0.5297
214 -4.5386 -19.9797 4.8739 4.8993 -1.0977 0.7504
214.2 -4.5863 -20.2054 4.9117 4.7641 -0.922 0.7984
214.4 -4.5035 -19.9806 4.8541 5.0036 -1.2101 0.8131
214.6 -4.3654 -19.5407 4.7917 5.1171 -1.0315 1.0096
214.8 -4.2581 -19.1368 4.3952 4.4725 -0.6718 1.1682
215 -4.1512 -18.37 4.1511 4.0348 -0.4058 1.4992
215.2 -3.8046 -16.7144 4.0358 3.8762 0.2275 2.054
215.4 -3.4664 -14.9441 3.798 3.2845 0.8507 2.3254
215.6 -3.2433 -13.673 3.3597 3.1856 1.3385 2.5622
215.8 -2.8724 -11.7004 2.9237 3.5992 1.5884 2.8145
216 -2.2387 -9.32 2.5175 3.5281 1.4829 2.9005
216.2 -1.4437 -6.5435 1.9037 3.5472 1.111 2.3958
216.4 -1.0093 -5.2326 1.5406 3.3152 1.1567 2.1158
216.6 -0.6777 -4.1036 1.1883 2.8411 0.8495 1.3978
216.8 -0.4261 -3.0778 0.8539 2.4249 0.4552 0.7228
217 -0.219 -2.3015 0.7055 2.4208 0.4438 0.8292
217.2 -0.0589 -1.74 0.4605 2.4061 0.4804 0.9454
217.4 0.0795 -1.2773 0.1712 2.3866 0.5391 1.066
217.6 -0.5008 -3.2326 1.4662 2.2076 0.5023 1.0799
217.8 -0.9473 -5.1546 1.9775 2.2158 0.4727 1.0959
218 -1.3025 -6.8717 2.173 2.2702 0.4956 1.0016
218.2 -1.7611 -8.8434 2.4162 2.3714 0.4193 0.8076
218.4 -2.3272 -11.0552 2.8965 2.4621 0.3075 0.7244
218.6 -2.8593 -12.7663 3.2751 2.7516 -0.8672 -0.4465
218.8 -3.2049 -14.5344 3.2823 3.2032 -0.6961 -0.0323
219 -3.5588 -16.1605 3.5172 4.4031 -1.12 0.6236
219.2 -4.0643 -17.8525 4.0796 4.9408 -1.1562 0.8826
219.4 -4.4512 -19.3701 4.6809 3.2941 -0.4461 0.196
219.6 -4.6609 -20.3839 4.7701 4.8554 -0.7754 1.1904
219.8 -4.7893 -20.8335 4.8694 5.0833 -0.9485 1.14
220 -4.9087 -21.1592 5.0093 4.7301 -0.8759 0.8436
220.2 -4.9597 -21.0512 5.1518 3.3051 -0.1292 0.3654
220.4 -4.7894 -20.7407 4.8226 4.0973 0.3204 1.6815
220.6 -4.4572 -19.2827 4.3012 4.234 0.3711 1.7616
220.8 -4.0954 -17.3769 3.7983 3.7138 0.6485 1.6998
221 -3.6654 -15.9692 3.3757 2.9577 0.2361 0.5467
221.2 -3.4567 -14.7853 3.0105 2.6661 0.3764 0.5089
221.4 -2.9724 -12.9767 2.5137 2.4283 0.3493 0.6174
221.6 -2.552 -11.1267 2.3112 2.3036 0.4648 0.7722
221.8 -1.9324 -8.8819 1.7387 2.6334 0.3205 0.4481
222 -1.3666 -6.8893 1.2126 2.5777 0.2541 0.5417
222.2 -0.8397 -5.2445 0.8143 2.4067 0.2879 0.7373
222.4 -0.4081 -4.1921 0.5287 2.5251 0.0048 0.344
222.6 -0.2319 -3.5753 0.3486 2.7645 -0.7457 -0.4626
222.8 -0.0557 -2.9585 0.1684 3.0038 -1.4963 -1.2693
