0.00000 0.000000
0.20000 -0.155375
0.40000 -0.927033
0.60000 -2.553204
0.80000 -4.212115
1.00000 -4.823303
1.20000 -4.231120
1.40000 -2.309768
1.60000 0.246148
1.80000 2.777752
2.00000 4.899743
2.20000 6.481065
2.40000 7.582554
2.60000 7.902522
2.80000 6.950924
3.00000 4.945736
3.20000 2.381875
3.40000 -0.090537
3.60000 -1.733475
3.80000 -1.850069
4.00000 -0.304165
4.20000 1.901340
4.40000 4.048126
4.60000 5.827116
4.80000 7.162307
5.00000 7.921025
5.20000 7.529309
5.40000 6.080665
5.60000 3.898570
5.80000 1.521692
6.00000 -0.231028
6.20000 -0.337685
6.40000 1.126986
6.60000 3.227872
6.80000 5.110458
7.00000 6.314378
7.20000 7.267504
7.40000 8.012579
7.60000 8.013874
7.80000 6.749831
8.00000 4.579370
8.20000 2.003745
8.40000 -0.511013
8.60000 -2.229056
8.80000 -2.740525
9.00000 -1.629299
9.20000 0.518865
9.40000 2.879327
9.60000 4.908099
9.80000 6.436981
10.00000 7.457657
10.20000 7.524521
10.40000 6.317548
10.60000 4.217493
10.80000 1.780969
11.00000 -0.318141
11.20000 -1.380609
11.40000 -0.747197
11.60000 1.036120
11.80000 3.005706
12.00000 4.789798
12.20000 6.248461
12.40000 7.188460
12.60000 6.955998
12.80000 5.554560
13.00000 3.443419
13.20000 0.983217
13.40000 -1.325926
13.60000 -2.705362
13.80000 -2.860088
14.00000 -1.444320
14.20000 0.786218
14.40000 2.965515
14.60000 4.749293
14.80000 6.140139
15.00000 7.197142
15.20000 7.386785
15.40000 6.265983
15.60000 4.168316
15.80000 1.600004
16.00000 -1.017961
16.20000 -2.826930
16.40000 -3.439786
16.60000 -2.604974
16.80000 -0.679069
17.00000 1.549127
17.20000 3.409038
17.40000 5.021831
17.60000 6.297459
17.80000 6.460870
18.00000 5.243650
18.20000 3.113786
18.40000 0.582578
18.60000 -1.617160
18.80000 -2.808922
19.00000 -2.706758
19.20000 -1.246426
19.40000 0.876232
19.60000 3.022678
19.80000 4.864459
20.00000 6.168533
20.20000 6.243010
20.40000 4.992706
20.60000 2.870903
20.80000 0.219035
21.00000 -2.720870
21.20000 -4.684377
21.40000 -5.153951
21.60000 -4.169177
21.80000 -2.070756
22.00000 0.262740
22.20000 2.427185
22.40000 4.315220
22.60000 5.766588
22.80000 5.969838
23.00000 4.745988
23.20000 2.612721
23.40000 -0.116823
23.60000 -3.185671
23.80000 -5.153560
24.00000 -5.506017
24.20000 -4.441042
24.40000 -2.307684
24.60000 0.011411
24.80000 2.010683
25.00000 3.478899
25.20000 4.609402
25.40000 5.554474
25.60000 5.573300
25.80000 4.401597
26.00000 2.426851
26.20000 -0.173746
26.40000 -3.246584
26.60000 -5.757575
26.80000 -6.777478
27.00000 -6.218338
27.20000 -4.463787
27.40000 -2.356711
27.60000 -0.264758
27.80000 1.673322
28.00000 3.287580
28.20000 4.553968
28.40000 5.563885
28.60000 6.270313
28.80000 6.593366
29.00000 6.971467
29.20000 6.984689
29.40000 5.951811
29.60000 4.055196
29.80000 1.674687
30.00000 -0.815541
30.20000 -3.017616
30.40000 -4.132325
30.60000 -4.000261
30.80000 -2.612501
31.00000 -0.626125
31.20000 1.407665
31.40000 3.111226
31.60000 4.497202
31.80000 5.614197
32.00000 6.480824
32.20000 6.980057
32.40000 7.314537
32.60000 6.730095
32.80000 5.163313
33.00000 2.924281
33.20000 0.350269
33.40000 -2.212039
33.60000 -4.002459
33.80000 -4.486696
34.00000 -3.571782
34.20000 -1.369891
34.40000 1.284190
34.60000 3.727419
34.80000 5.641119
35.00000 7.020846
35.20000 7.754038
35.40000 7.192175
35.60000 5.415674
35.80000 2.882474
36.00000 0.083270
36.20000 -2.404432
36.40000 -3.731357
36.60000 -3.803342
36.80000 -2.565988
37.00000 -0.699908
37.20000 1.257007
37.40000 2.923119
37.60000 4.062396
37.80000 5.069592
38.00000 5.995259
38.20000 6.411894
38.40000 5.500038
38.60000 3.598944
38.80000 1.216371
39.00000 -1.433951
39.20000 -3.694822
39.40000 -4.743007
39.60000 -4.550816
39.80000 -3.104352
40.00000 -0.895041
40.20000 1.363334
40.40000 3.368456
40.60000 5.061245
40.80000 6.354670
41.00000 6.680647
41.20000 5.784735
41.40000 4.040001
41.60000 1.819208
41.80000 -0.608674
42.00000 -2.792657
42.20000 -3.965155
42.40000 -4.004619
42.60000 -2.679201
42.80000 -0.399653
43.00000 2.022208
43.20000 4.159416
43.40000 5.869929
43.60000 7.051166
43.80000 7.203185
44.00000 6.116320
44.20000 4.171854
44.40000 1.760342
44.60000 -0.645238
44.80000 -2.250579
45.00000 -2.598349
45.20000 -1.211400
45.40000 0.902487
45.60000 2.584582
45.80000 3.956446
46.00000 5.231323
46.20000 6.326053
46.40000 6.954089
46.60000 6.562108
46.80000 5.176368
47.00000 3.166231
47.20000 0.855654
47.40000 -1.339506
47.60000 -2.687625
47.80000 -2.853179
48.00000 -1.504174
48.20000 0.741178
48.40000 3.078798
48.60000 5.124061
48.80000 6.740873
49.00000 7.709737
49.20000 7.242249
49.40000 5.579344
49.60000 3.270719
49.80000 0.480436
50.00000 -1.942367
50.20000 -3.101822
50.40000 -2.704102
50.60000 -0.788285
50.80000 1.708299
51.00000 3.995838
51.20000 5.807877
51.40000 7.154490
51.60000 8.029792
51.80000 8.016399
52.00000 7.010091
52.20000 5.233914
52.40000 2.884463
52.60000 0.331912
52.80000 -1.525455
53.00000 -2.088482
53.20000 -0.961850
53.40000 1.095008
53.60000 2.982220
53.80000 4.253966
54.00000 5.294245
54.20000 6.251938
54.40000 7.002167
54.60000 7.212133
54.80000 6.590753
55.00000 5.208975
55.20000 3.143413
55.40000 0.532171
55.60000 -1.754085
55.80000 -2.891600
56.00000 -2.644525
56.20000 -0.952116
56.40000 1.318543
56.60000 3.556840
56.80000 5.490325
57.00000 7.015278
57.20000 7.906379
57.40000 7.637824
57.60000 6.271448
57.80000 3.977686
58.00000 1.061775
58.20000 -1.340059
58.40000 -2.566458
58.60000 -2.385358
58.80000 -0.777056
59.00000 1.597796
59.20000 3.890818
59.40000 5.761702
59.60000 7.157423
59.80000 8.012052
60.00000 7.809430
60.20000 6.492446
60.40000 4.243351
60.60000 1.166650
60.80000 -2.304285
61.00000 -4.916034
61.20000 -5.898211
61.40000 -5.434217
61.60000 -3.848912
61.80000 -1.346373
62.00000 1.340419
62.20000 3.778713
62.40000 5.734238
62.60000 6.771183
62.80000 6.426409
63.00000 4.895384
63.20000 2.439702
63.40000 -0.403439
63.60000 -2.487836
63.80000 -3.191085
64.00000 -2.256471
64.20000 -0.163874
64.40000 2.249561
64.60000 4.357570
64.80000 5.961347
65.00000 7.110978
65.20000 7.869243
65.40000 7.935270
65.60000 7.084261
65.80000 5.538318
66.00000 3.452762
66.20000 0.933416
66.40000 -1.368715
66.60000 -2.639692
66.80000 -2.433130
67.00000 -0.632627
67.20000 1.749317
67.40000 3.699994
67.60000 5.208658
67.80000 6.400126
68.00000 7.229056
68.20000 7.761846
68.40000 8.095423
68.60000 8.028771
68.80000 7.270151
69.00000 5.925296
69.20000 4.143627
69.40000 2.257438
69.60000 0.862787
69.80000 0.769535
70.00000 1.847096
70.20000 3.322028
70.40000 4.808252
70.60000 6.131040
70.80000 7.158266
71.00000 7.472027
71.20000 6.799962
71.40000 5.273739
71.60000 3.020465
71.80000 0.473821
72.00000 -1.395564
72.20000 -2.079599
72.40000 -1.160154
72.60000 0.642806
72.80000 2.566560
73.00000 4.285647
73.20000 5.748864
73.40000 6.789867
73.60000 6.731753
73.80000 5.584194
74.00000 3.548883
74.20000 0.788186
74.40000 -2.257281
74.60000 -4.233002
74.80000 -4.695554
75.00000 -3.843511
75.20000 -1.701426
75.40000 0.881409
75.60000 3.218686
75.80000 5.120278
76.00000 6.494830
76.20000 6.762075
76.40000 5.750641
76.60000 3.757529
76.80000 1.174327
77.00000 -1.417158
77.20000 -2.990102
77.40000 -3.395257
77.60000 -2.407031
77.80000 -0.259423
78.00000 2.220273
78.20000 4.423608
78.40000 6.108409
78.60000 7.233885
78.80000 7.345082
79.00000 6.377385
79.20000 4.532960
79.40000 2.011688
79.60000 -0.494772
79.80000 -2.065110
80.00000 -2.351349
80.20000 -1.125658
80.40000 0.879950
80.60000 2.985613
80.80000 4.833191
81.00000 6.250059
81.20000 7.098148
81.40000 7.124053
81.60000 6.192654
81.80000 4.522401
82.00000 2.312528
82.20000 -0.229997
82.40000 -2.264964
82.60000 -3.183163
82.80000 -2.724939
83.00000 -0.966969
83.20000 1.244956
83.40000 3.374730
83.60000 5.156869
83.80000 6.402287
84.00000 6.661457
84.20000 5.839480
84.40000 4.126068
84.60000 1.717401
84.80000 -0.839532
85.00000 -2.500482
85.20000 -2.962590
85.40000 -1.827852
85.60000 0.354787
85.80000 2.681914
86.00000 4.711560
86.20000 6.297446
86.40000 7.326996
86.60000 7.224661
86.80000 5.964804
87.00000 3.777626
87.20000 0.884307
87.40000 -1.892966
87.60000 -3.435139
87.80000 -3.704810
88.00000 -2.473104
88.20000 -0.256317
88.40000 2.096947
88.60000 4.014089
88.80000 5.519060
89.00000 6.665322
89.20000 7.387895
89.40000 7.267454
89.60000 6.242824
89.80000 4.467787
90.00000 2.050340
90.20000 -0.615783
90.40000 -2.507583
90.60000 -3.172055
90.80000 -2.281825
91.00000 -0.159649
91.20000 2.221082
91.40000 4.305793
91.60000 5.966938
91.80000 7.195606
92.00000 7.593859
92.20000 6.828619
92.40000 5.183446
92.60000 2.878659
92.80000 0.388735
93.00000 -1.385408
93.20000 -1.874188
93.40000 -0.809442
93.60000 1.206913
93.80000 3.354954
94.00000 5.107251
94.20000 6.404176
94.40000 7.329762
94.60000 7.617536
94.80000 6.882388
95.00000 5.287006
95.20000 3.032938
95.40000 0.537703
95.60000 -1.329064
95.80000 -2.074274
96.00000 -1.203852
96.20000 0.664333
96.40000 2.753788
96.60000 4.607423
96.80000 6.060526
97.00000 7.089640
97.20000 7.251562
97.40000 6.287932
97.60000 4.318376
97.80000 1.643584
98.00000 -1.064120
98.20000 -2.720138
98.40000 -3.029714
98.60000 -1.701367
98.80000 0.524184
99.00000 3.017096
99.20000 5.203412
99.40000 6.816911
99.60000 7.689609
99.80000 7.665088
100.00000 6.725302
100.20000 5.162162
100.40000 3.413717
100.60000 2.493610
100.80000 2.926567
101.00000 4.216736
101.20000 5.640090
101.40000 6.784271
101.60000 7.555559
101.80000 7.993868
102.00000 7.784744
102.20000 6.785218
102.40000 5.117106
102.60000 2.956324
102.80000 0.800855
103.00000 -0.682667
103.20000 -0.537855
103.40000 0.889675
103.60000 2.687751
103.80000 4.505668
104.00000 6.075183
104.20000 7.144450
104.40000 7.080352
104.60000 5.967383
104.80000 4.089530
105.00000 1.669841
105.20000 -0.625149
105.40000 -1.867198
105.60000 -1.351715
105.80000 0.505646
106.00000 2.722043
106.20000 4.643011
106.40000 6.150720
106.60000 7.273460
106.80000 7.564589
107.00000 6.679085
107.20000 4.858561
107.40000 2.428455
107.60000 0.006056
107.80000 -1.542861
108.00000 -1.448489
108.20000 0.126639
108.40000 2.228029
108.60000 4.277920
108.80000 5.964624
109.00000 7.092467
109.20000 7.270105
109.40000 6.355693
109.60000 4.549264
109.80000 2.021718
110.00000 -0.806158
110.20000 -2.748771
110.40000 -3.264754
110.60000 -1.994543
110.80000 0.245471
111.00000 2.507620
111.20000 4.497393
111.40000 6.066218
111.60000 7.051615
111.80000 7.623532
112.00000 7.583761
112.20000 6.665187
112.40000 4.936002
112.60000 2.527835
112.80000 -0.249882
113.00000 -2.366865
113.20000 -3.213783
113.40000 -2.418556
113.60000 -0.199624
113.80000 2.420325
114.00000 4.749822
114.20000 6.506211
114.40000 7.606189
114.60000 7.576949
114.80000 6.409598
115.00000 4.326690
115.20000 1.570889
115.40000 -1.342736
115.60000 -3.143222
115.80000 -3.575210
116.00000 -2.348363
116.20000 -0.036688
116.40000 2.401509
116.60000 4.561582
116.80000 6.254087
117.00000 7.411781
117.20000 7.706409
117.40000 6.943600
117.60000 5.408735
117.80000 3.235892
118.00000 0.467166
118.20000 -2.593870
118.40000 -4.793080
118.60000 -5.297767
118.80000 -4.451150
119.00000 -2.160539
119.20000 0.787420
119.40000 3.582329
119.60000 5.780667
119.80000 7.271230
120.00000 7.868041
