0.0 0.0 0.0 0.0 0.0 0.0 0.0
0.2 0.0 0.05823 0.0 0.0 0.0 0.0
0.4 0.0 0.315891 0.0 0.0 0.0 0.0
0.6 0.0 0.731856 0.0 0.0 0.0 0.0
0.8 0.0 1.173177 0.0 0.0 0.0 0.0
1.0 0.0 1.561354 0.0 0.0 0.0 0.0
1.2 0.0 1.89806 0.0 0.0 0.0 0.0
1.4 0.0 2.208513 0.0 0.0 0.0 0.0
1.6 0.0 2.442266 0.0 0.0 0.0 0.0
1.8 0.0 2.45953 0.0 0.0 0.0 0.0
2.0 0.0 2.132378 0.0 0.0 0.0 0.0
2.2 0.0 1.333942 0.0 0.0 0.0 0.0
2.4 0.0 0.047743 0.0 0.0 0.0 0.0
2.6 0.0 -1.563316 0.0 0.0 0.0 0.0
2.8 0.0 -3.025968 0.0 0.0 0.0 0.0
3.0 0.0 -3.529246 0.0 0.0 0.0 0.0
3.2 0.0 -3.029263 0.0 0.0 0.0 0.0
3.4 0.0 -1.975265 0.0 0.0 0.0 0.0
3.6 0.0 -0.769157 0.0 0.0 0.0 0.0
3.8 0.0 0.312097 0.0 0.0 0.0 0.0
4.0 0.0 1.143211 0.0 0.0 0.0 0.0
4.2 0.0 1.73626 0.0 0.0 0.0 0.0
4.4 0.0 2.159734 0.0 0.0 0.0 0.0
4.6 0.0 2.465692 0.0 0.0 0.0 0.0
4.8 0.0 2.644979 0.0 0.0 0.0 0.0
5.0 0.0 2.582117 0.0 0.0 0.0 0.0
5.2 0.0 2.064968 0.0 0.0 0.0 0.0
5.4 0.0 0.906633 0.0 0.0 0.0 0.0
5.6 0.0 -0.815205 0.0 0.0 0.0 0.0
5.8 0.0 -2.681057 0.0 0.0 0.0 0.0
6.0 0.0 -3.754741 0.0 0.0 0.0 0.0
6.2 0.0 -3.584966 0.0 0.0 0.0 0.0
6.4 0.0 -2.651237 0.0 0.0 0.0 0.0
6.6 0.0 -1.458388 0.0 0.0 0.0 0.0
6.8 0.0 -0.300648 0.0 0.0 0.0 0.0
7.0 0.0 0.660068 0.0 0.0 0.0 0.0
7.2 0.0 1.376241 0.0 0.0 0.0 0.0
7.4 0.0 1.888868 0.0 0.0 0.0 0.0
7.6 0.0 2.279005 0.0 0.0 0.0 0.0
7.8 0.0 2.593153 0.0 0.0 0.0 0.0
8.0 0.0 2.78805 0.0 0.0 0.0 0.0
8.2 0.0 2.738023 0.0 0.0 0.0 0.0
8.4 0.0 2.30901 0.0 0.0 0.0 0.0
8.6 0.0 1.363117 0.0 0.0 0.0 0.0
8.8 0.0 -0.079065 0.0 0.0 0.0 0.0
9.0 0.0 -1.77197 0.0 0.0 0.0 0.0
9.2 0.0 -3.113183 0.0 0.0 0.0 0.0
9.4 0.0 -3.306247 0.0 0.0 0.0 0.0
9.6 0.0 -2.581225 0.0 0.0 0.0 0.0
9.8 0.0 -1.501622 0.0 0.0 0.0 0.0
10.0 0.0 -0.399345 0.0 0.0 0.0 0.0
10.2 0.0 0.54389 0.0 0.0 0.0 0.0
10.4 0.0 1.256929 0.0 0.0 0.0 0.0
10.6 0.0 1.760809 0.0 0.0 0.0 0.0
10.8 0.0 2.158595 0.0 0.0 0.0 0.0
11.0 0.0 2.512692 0.0 0.0 0.0 0.0
11.2 0.0 2.790693 0.0 0.0 0.0 0.0
11.4 0.0 2.894401 0.0 0.0 0.0 0.0
11.6 0.0 2.706774 0.0 0.0 0.0 0.0
11.8 0.0 2.089804 0.0 0.0 0.0 0.0
12.0 0.0 1.028564 0.0 0.0 0.0 0.0
12.2 0.0 -0.332766 0.0 0.0 0.0 0.0
12.4 0.0 -1.549849 0.0 0.0 0.0 0.0
12.6 0.0 -1.909444 0.0 0.0 0.0 0.0
12.8 0.0 -1.466251 0.0 0.0 0.0 0.0
13.0 0.0 -0.660469 0.0 0.0 0.0 0.0
13.2 0.0 0.22647 0.0 0.0 0.0 0.0
13.4 0.0 1.052052 0.0 0.0 0.0 0.0
13.6 0.0 1.73197 0.0 0.0 0.0 0.0
13.8 0.0 2.23897 0.0 0.0 0.0 0.0
14.0 0.0 2.625743 0.0 0.0 0.0 0.0
14.2 0.0 2.956719 0.0 0.0 0.0 0.0
14.4 0.0 3.222675 0.0 0.0 0.0 0.0
14.6 0.0 3.315237 0.0 0.0 0.0 0.0
14.8 0.0 3.148218 0.0 0.0 0.0 0.0
15.0 0.0 2.616703 0.0 0.0 0.0 0.0
15.2 0.0 1.663238 0.0 0.0 0.0 0.0
15.4 0.0 0.425011 0.0 0.0 0.0 0.0
15.6 0.0 -0.877306 0.0 0.0 0.0 0.0
15.8 0.0 -1.678278 0.0 0.0 0.0 0.0
16.0 0.0 -1.652893 0.0 0.0 0.0 0.0
16.2 0.0 -1.108328 0.0 0.0 0.0 0.0
16.4 0.0 -0.328328 0.0 0.0 0.0 0.0
16.6 0.0 0.512311 0.0 0.0 0.0 0.0
16.8 0.0 1.27435 0.0 0.0 0.0 0.0
17.0 0.0 1.849738 0.0 0.0 0.0 0.0
17.2 0.0 2.172678 0.0 0.0 0.0 0.0
17.4 0.0 2.152984 0.0 0.0 0.0 0.0
17.6 0.0 1.971611 0.0 0.0 0.0 0.0
17.8 0.0 1.985883 0.0 0.0 0.0 0.0
18.0 0.0 2.237891 0.0 0.0 0.0 0.0
18.2 0.0 2.484295 0.0 0.0 0.0 0.0
18.4 0.0 2.482194 0.0 0.0 0.0 0.0
18.6 0.0 2.077288 0.0 0.0 0.0 0.0
18.8 0.0 1.216679 0.0 0.0 0.0 0.0
19.0 0.0 0.029815 0.0 0.0 0.0 0.0
19.2 0.0 -0.972527 0.0 0.0 0.0 0.0
19.4 0.0 -1.175945 0.0 0.0 0.0 0.0
19.6 0.0 -0.742146 0.0 0.0 0.0 0.0
19.8 0.0 -0.009929 0.0 0.0 0.0 0.0
20.0 0.0 0.790582 0.0 0.0 0.0 0.0
20.2 0.0 1.50165 0.0 0.0 0.0 0.0
20.4 0.0 2.058682 0.0 0.0 0.0 0.0
20.6 0.0 2.485787 0.0 0.0 0.0 0.0
20.8 0.0 2.844533 0.0 0.0 0.0 0.0
21.0 0.0 3.132387 0.0 0.0 0.0 0.0
21.2 0.0 3.250161 0.0 0.0 0.0 0.0
21.4 0.0 3.07793 0.0 0.0 0.0 0.0
21.6 0.0 2.538224 0.0 0.0 0.0 0.0
21.8 0.0 1.599392 0.0 0.0 0.0 0.0
22.0 0.0 0.341933 0.0 0.0 0.0 0.0
22.2 0.0 -0.885896 0.0 0.0 0.0 0.0
22.4 0.0 -1.388501 0.0 0.0 0.0 0.0
22.6 0.0 -1.088691 0.0 0.0 0.0 0.0
22.8 0.0 -0.365116 0.0 0.0 0.0 0.0
23.0 0.0 0.451343 0.0 0.0 0.0 0.0
23.2 0.0 1.218454 0.0 0.0 0.0 0.0
23.4 0.0 1.870083 0.0 0.0 0.0 0.0
23.6 0.0 2.358053 0.0 0.0 0.0 0.0
23.8 0.0 2.685235 0.0 0.0 0.0 0.0
24.0 0.0 2.912728 0.0 0.0 0.0 0.0
24.2 0.0 3.093336 0.0 0.0 0.0 0.0
24.4 0.0 3.2434 0.0 0.0 0.0 0.0
24.6 0.0 3.268667 0.0 0.0 0.0 0.0
24.8 0.0 3.040573 0.0 0.0 0.0 0.0
25.0 0.0 2.448533 0.0 0.0 0.0 0.0
25.2 0.0 1.485151 0.0 0.0 0.0 0.0
25.4 0.0 0.305126 0.0 0.0 0.0 0.0
25.6 0.0 -0.618038 0.0 0.0 0.0 0.0
25.8 0.0 -0.785218 0.0 0.0 0.0 0.0
26.0 0.0 -0.329102 0.0 0.0 0.0 0.0
26.2 0.0 0.392196 0.0 0.0 0.0 0.0
26.4 0.0 1.118504 0.0 0.0 0.0 0.0
26.6 0.0 1.7659 0.0 0.0 0.0 0.0
26.8 0.0 2.320354 0.0 0.0 0.0 0.0
27.0 0.0 2.7625 0.0 0.0 0.0 0.0
27.2 0.0 3.087464 0.0 0.0 0.0 0.0
27.4 0.0 3.32329 0.0 0.0 0.0 0.0
27.6 0.0 3.474305 0.0 0.0 0.0 0.0
27.8 0.0 3.481779 0.0 0.0 0.0 0.0
28.0 0.0 3.25227 0.0 0.0 0.0 0.0
28.2 0.0 2.660496 0.0 0.0 0.0 0.0
28.4 0.0 1.674681 0.0 0.0 0.0 0.0
28.6 0.0 0.514016 0.0 0.0 0.0 0.0
28.8 0.0 -0.257406 0.0 0.0 0.0 0.0
29.0 0.0 -0.318305 0.0 0.0 0.0 0.0
29.2 0.0 0.15156 0.0 0.0 0.0 0.0
29.4 0.0 0.856787 0.0 0.0 0.0 0.0
29.6 0.0 1.55876 0.0 0.0 0.0 0.0
29.8 0.0 2.126277 0.0 0.0 0.0 0.0
30.0 0.0 2.515422 0.0 0.0 0.0 0.0
30.2 0.0 2.770011 0.0 0.0 0.0 0.0
30.4 0.0 2.993141 0.0 0.0 0.0 0.0
30.6 0.0 3.149897 0.0 0.0 0.0 0.0
30.8 0.0 3.069587 0.0 0.0 0.0 0.0
31.0 0.0 2.592401 0.0 0.0 0.0 0.0
31.2 0.0 1.667736 0.0 0.0 0.0 0.0
31.4 0.0 0.454399 0.0 0.0 0.0 0.0
31.6 0.0 -0.69076 0.0 0.0 0.0 0.0
31.8 0.0 -1.156008 0.0 0.0 0.0 0.0
32.0 0.0 -0.830063 0.0 0.0 0.0 0.0
32.2 0.0 -0.112266 0.0 0.0 0.0 0.0
32.4 0.0 0.648313 0.0 0.0 0.0 0.0
32.6 0.0 1.306804 0.0 0.0 0.0 0.0
32.8 0.0 1.823476 0.0 0.0 0.0 0.0
33.0 0.0 2.197699 0.0 0.0 0.0 0.0
33.2 0.0 2.452483 0.0 0.0 0.0 0.0
33.4 0.0 2.678715 0.0 0.0 0.0 0.0
33.6 0.0 2.915123 0.0 0.0 0.0 0.0
33.8 0.0 3.081232 0.0 0.0 0.0 0.0
34.0 0.0 3.065774 0.0 0.0 0.0 0.0
34.2 0.0 2.781364 0.0 0.0 0.0 0.0
34.4 0.0 2.255614 0.0 0.0 0.0 0.0
34.6 0.0 1.628785 0.0 0.0 0.0 0.0
34.8 0.0 1.263854 0.0 0.0 0.0 0.0
35.0 0.0 1.309113 0.0 0.0 0.0 0.0
35.2 0.0 1.666788 0.0 0.0 0.0 0.0
35.4 0.0 2.156218 0.0 0.0 0.0 0.0
35.6 0.0 2.614155 0.0 0.0 0.0 0.0
35.8 0.0 2.977503 0.0 0.0 0.0 0.0
36.0 0.0 3.267511 0.0 0.0 0.0 0.0
36.2 0.0 3.507779 0.0 0.0 0.0 0.0
36.4 0.0 3.674537 0.0 0.0 0.0 0.0
36.6 0.0 3.671627 0.0 0.0 0.0 0.0
36.8 0.0 3.461149 0.0 0.0 0.0 0.0
37.0 0.0 2.912097 0.0 0.0 0.0 0.0
37.2 0.0 1.820678 0.0 0.0 0.0 0.0
37.4 0.0 0.172721 0.0 0.0 0.0 0.0
37.6 0.0 -1.61194 0.0 0.0 0.0 0.0
37.8 0.0 -2.502217 0.0 0.0 0.0 0.0
38.0 0.0 -2.328353 0.0 0.0 0.0 0.0
38.2 0.0 -1.573489 0.0 0.0 0.0 0.0
38.4 0.0 -0.604793 0.0 0.0 0.0 0.0
38.6 0.0 0.351996 0.0 0.0 0.0 0.0
38.8 0.0 1.161542 0.0 0.0 0.0 0.0
39.0 0.0 1.784125 0.0 0.0 0.0 0.0
39.2 0.0 2.265816 0.0 0.0 0.0 0.0
39.4 0.0 2.673246 0.0 0.0 0.0 0.0
39.6 0.0 3.023462 0.0 0.0 0.0 0.0
39.8 0.0 3.309243 0.0 0.0 0.0 0.0
40.0 0.0 3.470573 0.0 0.0 0.0 0.0
40.2 0.0 3.3885 0.0 0.0 0.0 0.0
40.4 0.0 2.988811 0.0 0.0 0.0 0.0
40.6 0.0 2.194838 0.0 0.0 0.0 0.0
40.8 0.0 0.915004 0.0 0.0 0.0 0.0
41.0 0.0 -0.794845 0.0 0.0 0.0 0.0
41.2 0.0 -2.627484 0.0 0.0 0.0 0.0
41.4 0.0 -3.805263 0.0 0.0 0.0 0.0
41.6 0.0 -3.871198 0.0 0.0 0.0 0.0
41.8 0.0 -3.039781 0.0 0.0 0.0 0.0
42.0 0.0 -1.760396 0.0 0.0 0.0 0.0
42.2 0.0 -0.444494 0.0 0.0 0.0 0.0
42.4 0.0 0.657839 0.0 0.0 0.0 0.0
42.6 0.0 1.501246 0.0 0.0 0.0 0.0
42.8 0.0 1.97641 0.0 0.0 0.0 0.0
43.0 0.0 1.7984 0.0 0.0 0.0 0.0
43.2 0.0 0.77562 0.0 0.0 0.0 0.0
43.4 0.0 -0.990418 0.0 0.0 0.0 0.0
43.6 0.0 -3.107322 0.0 0.0 0.0 0.0
43.8 0.0 -4.789336 0.0 0.0 0.0 0.0
44.0 0.0 -5.315824 0.0 0.0 0.0 0.0
44.2 0.0 -4.780976 0.0 0.0 0.0 0.0
44.4 0.0 -3.574944 0.0 0.0 0.0 0.0
44.6 0.0 -2.099571 0.0 0.0 0.0 0.0
44.8 0.0 -0.691269 0.0 0.0 0.0 0.0
45.0 0.0 0.478634 0.0 0.0 0.0 0.0
45.2 0.0 1.238844 0.0 0.0 0.0 0.0
45.4 0.0 1.324214 0.0 0.0 0.0 0.0
45.6 0.0 0.547215 0.0 0.0 0.0 0.0
45.8 0.0 -1.009814 0.0 0.0 0.0 0.0
46.0 0.0 -2.968568 0.0 0.0 0.0 0.0
46.2 0.0 -4.506256 0.0 0.0 0.0 0.0
46.4 0.0 -4.988644 0.0 0.0 0.0 0.0
46.6 0.0 -4.535189 0.0 0.0 0.0 0.0
46.8 0.0 -3.444983 0.0 0.0 0.0 0.0
47.0 0.0 -2.081375 0.0 0.0 0.0 0.0
47.2 0.0 -0.780456 0.0 0.0 0.0 0.0
47.4 0.0 0.310337 0.0 0.0 0.0 0.0
47.6 0.0 1.093194 0.0 0.0 0.0 0.0
47.8 0.0 1.333183 0.0 0.0 0.0 0.0
48.0 0.0 0.829325 0.0 0.0 0.0 0.0
48.2 0.0 -0.461292 0.0 0.0 0.0 0.0
48.4 0.0 -2.271343 0.0 0.0 0.0 0.0
48.6 0.0 -3.874262 0.0 0.0 0.0 0.0
48.8 0.0 -4.55316 0.0 0.0 0.0 0.0
49.0 0.0 -4.298986 0.0 0.0 0.0 0.0
49.2 0.0 -3.311813 0.0 0.0 0.0 0.0
49.4 0.0 -1.984616 0.0 0.0 0.0 0.0
49.6 0.0 -0.678637 0.0 0.0 0.0 0.0
49.8 0.0 0.420565 0.0 0.0 0.0 0.0
50.0 0.0 1.299391 0.0 0.0 0.0 0.0
50.2 0.0 1.979768 0.0 0.0 0.0 0.0
50.4 0.0 2.409329 0.0 0.0 0.0 0.0
50.6 0.0 2.464053 0.0 0.0 0.0 0.0
50.8 0.0 2.063389 0.0 0.0 0.0 0.0
51.0 0.0 1.085329 0.0 0.0 0.0 0.0
51.2 0.0 -0.454359 0.0 0.0 0.0 0.0
51.4 0.0 -1.967916 0.0 0.0 0.0 0.0
51.6 0.0 -2.592435 0.0 0.0 0.0 0.0
51.8 0.0 -2.329862 0.0 0.0 0.0 0.0
52.0 0.0 -1.55547 0.0 0.0 0.0 0.0
52.2 0.0 -0.600938 0.0 0.0 0.0 0.0
52.4 0.0 0.355748 0.0 0.0 0.0 0.0
52.6 0.0 1.201045 0.0 0.0 0.0 0.0
52.8 0.0 1.871286 0.0 0.0 0.0 0.0
53.0 0.0 2.345904 0.0 0.0 0.0 0.0
53.2 0.0 2.603275 0.0 0.0 0.0 0.0
53.4 0.0 2.58968 0.0 0.0 0.0 0.0
53.6 0.0 2.227052 0.0 0.0 0.0 0.0
53.8 0.0 1.408056 0.0 0.0 0.0 0.0
54.0 0.0 0.104961 0.0 0.0 0.0 0.0
54.2 0.0 -1.305452 0.0 0.0 0.0 0.0
54.4 0.0 -2.042645 0.0 0.0 0.0 0.0
54.6 0.0 -1.925477 0.0 0.0 0.0 0.0
54.8 0.0 -1.204638 0.0 0.0 0.0 0.0
55.0 0.0 -0.227114 0.0 0.0 0.0 0.0
55.2 0.0 0.731644 0.0 0.0 0.0 0.0
55.4 0.0 1.521674 0.0 0.0 0.0 0.0
55.6 0.0 2.151805 0.0 0.0 0.0 0.0
55.8 0.0 2.631976 0.0 0.0 0.0 0.0
56.0 0.0 2.861792 0.0 0.0 0.0 0.0
56.2 0.0 2.703393 0.0 0.0 0.0 0.0
56.4 0.0 2.057551 0.0 0.0 0.0 0.0
56.6 0.0 0.876494 0.0 0.0 0.0 0.0
56.8 0.0 -0.725791 0.0 0.0 0.0 0.0
57.0 0.0 -2.055046 0.0 0.0 0.0 0.0
57.2 0.0 -2.342347 0.0 0.0 0.0 0.0
57.4 0.0 -1.783004 0.0 0.0 0.0 0.0
57.6 0.0 -0.848261 0.0 0.0 0.0 0.0
57.8 0.0 0.122021 0.0 0.0 0.0 0.0
58.0 0.0 0.996787 0.0 0.0 0.0 0.0
58.2 0.0 1.733834 0.0 0.0 0.0 0.0
58.4 0.0 2.315063 0.0 0.0 0.0 0.0
58.6 0.0 2.736648 0.0 0.0 0.0 0.0
58.8 0.0 3.050192 0.0 0.0 0.0 0.0
59.0 0.0 3.309752 0.0 0.0 0.0 0.0
59.2 0.0 3.444786 0.0 0.0 0.0 0.0
59.4 0.0 3.343379 0.0 0.0 0.0 0.0
59.6 0.0 2.933112 0.0 0.0 0.0 0.0
59.8 0.0 2.169049 0.0 0.0 0.0 0.0
60.0 0.0 0.979286 0.0 0.0 0.0 0.0
60.2 0.0 -0.557253 0.0 0.0 0.0 0.0
60.4 0.0 -1.756118 0.0 0.0 0.0 0.0
60.6 0.0 -1.966261 0.0 0.0 0.0 0.0
60.8 0.0 -1.43099 0.0 0.0 0.0 0.0
61.0 0.0 -0.582502 0.0 0.0 0.0 0.0
61.2 0.0 0.31278 0.0 0.0 0.0 0.0
61.4 0.0 1.106003 0.0 0.0 0.0 0.0
61.6 0.0 1.584867 0.0 0.0 0.0 0.0
61.8 0.0 1.594528 0.0 0.0 0.0 0.0
62.0 0.0 1.076888 0.0 0.0 0.0 0.0
62.2 0.0 0.120603 0.0 0.0 0.0 0.0
62.4 0.0 -0.725483 0.0 0.0 0.0 0.0
62.6 0.0 -0.909166 0.0 0.0 0.0 0.0
62.8 0.0 -0.464014 0.0 0.0 0.0 0.0
63.0 0.0 0.34218 0.0 0.0 0.0 0.0
63.2 0.0 1.236369 0.0 0.0 0.0 0.0
63.4 0.0 2.016384 0.0 0.0 0.0 0.0
63.6 0.0 2.473758 0.0 0.0 0.0 0.0
63.8 0.0 2.43338 0.0 0.0 0.0 0.0
64.0 0.0 1.802289 0.0 0.0 0.0 0.0
64.2 0.0 0.577974 0.0 0.0 0.0 0.0
64.4 0.0 -1.00628 0.0 0.0 0.0 0.0
64.6 0.0 -2.202376 0.0 0.0 0.0 0.0
64.8 0.0 -2.396064 0.0 0.0 0.0 0.0
65.0 0.0 -1.768933 0.0 0.0 0.0 0.0
65.2 0.0 -0.77427 0.0 0.0 0.0 0.0
65.4 0.0 0.296319 0.0 0.0 0.0 0.0
65.6 0.0 1.269248 0.0 0.0 0.0 0.0
65.8 0.0 2.054826 0.0 0.0 0.0 0.0
66.0 0.0 2.629184 0.0 0.0 0.0 0.0
66.2 0.0 3.010847 0.0 0.0 0.0 0.0
66.4 0.0 3.141377 0.0 0.0 0.0 0.0
66.6 0.0 2.923535 0.0 0.0 0.0 0.0
66.8 0.0 2.263349 0.0 0.0 0.0 0.0
67.0 0.0 1.205132 0.0 0.0 0.0 0.0
67.2 0.0 0.030815 0.0 0.0 0.0 0.0
67.4 0.0 -0.647558 0.0 0.0 0.0 0.0
67.6 0.0 -0.576541 0.0 0.0 0.0 0.0
67.8 0.0 0.021168 0.0 0.0 0.0 0.0
68.0 0.0 0.858466 0.0 0.0 0.0 0.0
68.2 0.0 1.696092 0.0 0.0 0.0 0.0
68.4 0.0 2.392358 0.0 0.0 0.0 0.0
68.6 0.0 2.915337 0.0 0.0 0.0 0.0
68.8 0.0 3.252554 0.0 0.0 0.0 0.0
69.0 0.0 3.320688 0.0 0.0 0.0 0.0
69.2 0.0 3.055666 0.0 0.0 0.0 0.0
69.4 0.0 2.443964 0.0 0.0 0.0 0.0
69.6 0.0 1.496974 0.0 0.0 0.0 0.0
69.8 0.0 0.416216 0.0 0.0 0.0 0.0
70.0 0.0 -0.215218 0.0 0.0 0.0 0.0
70.2 0.0 -0.148883 0.0 0.0 0.0 0.0
70.4 0.0 0.41773 0.0 0.0 0.0 0.0
70.6 0.0 1.191794 0.0 0.0 0.0 0.0
70.8 0.0 1.940555 0.0 0.0 0.0 0.0
71.0 0.0 2.550737 0.0 0.0 0.0 0.0
71.2 0.0 3.030937 0.0 0.0 0.0 0.0
71.4 0.0 3.400158 0.0 0.0 0.0 0.0
71.6 0.0 3.667064 0.0 0.0 0.0 0.0
71.8 0.0 3.761913 0.0 0.0 0.0 0.0
72.0 0.0 3.616387 0.0 0.0 0.0 0.0
72.2 0.0 3.178606 0.0 0.0 0.0 0.0
72.4 0.0 2.38387 0.0 0.0 0.0 0.0
72.6 0.0 1.138811 0.0 0.0 0.0 0.0
72.8 0.0 -0.298211 0.0 0.0 0.0 0.0
73.0 0.0 -1.133015 0.0 0.0 0.0 0.0
73.2 0.0 -1.075501 0.0 0.0 0.0 0.0
73.4 0.0 -0.472371 0.0 0.0 0.0 0.0
73.6 0.0 0.369114 0.0 0.0 0.0 0.0
73.8 0.0 1.252011 0.0 0.0 0.0 0.0
74.0 0.0 2.040668 0.0 0.0 0.0 0.0
74.2 0.0 2.659643 0.0 0.0 0.0 0.0
74.4 0.0 3.109625 0.0 0.0 0.0 0.0
74.6 0.0 3.366309 0.0 0.0 0.0 0.0
74.8 0.0 3.320791 0.0 0.0 0.0 0.0
75.0 0.0 2.889481 0.0 0.0 0.0 0.0
75.2 0.0 1.987511 0.0 0.0 0.0 0.0
75.4 0.0 0.636986 0.0 0.0 0.0 0.0
75.6 0.0 -0.858288 0.0 0.0 0.0 0.0
75.8 0.0 -1.976089 0.0 0.0 0.0 0.0
76.0 0.0 -2.484009 0.0 0.0 0.0 0.0
76.2 0.0 -2.395736 0.0 0.0 0.0 0.0
76.4 0.0 -1.759744 0.0 0.0 0.0 0.0
76.6 0.0 -0.781581 0.0 0.0 0.0 0.0
76.8 0.0 0.258668 0.0 0.0 0.0 0.0
77.0 0.0 1.222968 0.0 0.0 0.0 0.0
77.2 0.0 2.044738 0.0 0.0 0.0 0.0
77.4 0.0 2.669908 0.0 0.0 0.0 0.0
77.6 0.0 2.961973 0.0 0.0 0.0 0.0
77.8 0.0 2.815583 0.0 0.0 0.0 0.0
78.0 0.0 2.181362 0.0 0.0 0.0 0.0
78.2 0.0 1.029956 0.0 0.0 0.0 0.0
78.4 0.0 -0.573436 0.0 0.0 0.0 0.0
78.6 0.0 -2.178575 0.0 0.0 0.0 0.0
78.8 0.0 -2.911831 0.0 0.0 0.0 0.0
79.0 0.0 -2.702492 0.0 0.0 0.0 0.0
79.2 0.0 -1.91295 0.0 0.0 0.0 0.0
79.4 0.0 -0.861052 0.0 0.0 0.0 0.0
79.6 0.0 0.204619 0.0 0.0 0.0 0.0
79.8 0.0 1.113822 0.0 0.0 0.0 0.0
80.0 0.0 1.785809 0.0 0.0 0.0 0.0
80.2 0.0 2.263498 0.0 0.0 0.0 0.0
80.4 0.0 2.632958 0.0 0.0 0.0 0.0
80.6 0.0 2.841215 0.0 0.0 0.0 0.0
80.8 0.0 2.791086 0.0 0.0 0.0 0.0
81.0 0.0 2.427707 0.0 0.0 0.0 0.0
81.2 0.0 1.691839 0.0 0.0 0.0 0.0
81.4 0.0 0.544681 0.0 0.0 0.0 0.0
81.6 0.0 -0.914724 0.0 0.0 0.0 0.0
81.8 0.0 -2.042422 0.0 0.0 0.0 0.0
82.0 0.0 -2.21912 0.0 0.0 0.0 0.0
82.2 0.0 -1.619125 0.0 0.0 0.0 0.0
82.4 0.0 -0.685237 0.0 0.0 0.0 0.0
82.6 0.0 0.259995 0.0 0.0 0.0 0.0
82.8 0.0 1.034316 0.0 0.0 0.0 0.0
83.0 0.0 1.580815 0.0 0.0 0.0 0.0
83.2 0.0 1.976594 0.0 0.0 0.0 0.0
83.4 0.0 2.3044 0.0 0.0 0.0 0.0
83.6 0.0 2.630211 0.0 0.0 0.0 0.0
83.8 0.0 2.963695 0.0 0.0 0.0 0.0
84.0 0.0 3.268201 0.0 0.0 0.0 0.0
84.2 0.0 3.44192 0.0 0.0 0.0 0.0
84.4 0.0 3.391963 0.0 0.0 0.0 0.0
84.6 0.0 3.0586 0.0 0.0 0.0 0.0
84.8 0.0 2.371002 0.0 0.0 0.0 0.0
85.0 0.0 1.263997 0.0 0.0 0.0 0.0
85.2 0.0 -0.008793 0.0 0.0 0.0 0.0
85.4 0.0 -0.762908 0.0 0.0 0.0 0.0
85.6 0.0 -0.715321 0.0 0.0 0.0 0.0
85.8 0.0 -0.188473 0.0 0.0 0.0 0.0
86.0 0.0 0.538066 0.0 0.0 0.0 0.0
86.2 0.0 1.289705 0.0 0.0 0.0 0.0
86.4 0.0 1.97743 0.0 0.0 0.0 0.0
86.6 0.0 2.536026 0.0 0.0 0.0 0.0
86.8 0.0 2.977045 0.0 0.0 0.0 0.0
87.0 0.0 3.340737 0.0 0.0 0.0 0.0
87.2 0.0 3.625153 0.0 0.0 0.0 0.0
87.4 0.0 3.822444 0.0 0.0 0.0 0.0
87.6 0.0 3.926622 0.0 0.0 0.0 0.0
87.8 0.0 3.879177 0.0 0.0 0.0 0.0
88.0 0.0 3.602401 0.0 0.0 0.0 0.0
88.2 0.0 3.070561 0.0 0.0 0.0 0.0
88.4 0.0 2.284551 0.0 0.0 0.0 0.0
88.6 0.0 1.222441 0.0 0.0 0.0 0.0
88.8 0.0 -0.00362 0.0 0.0 0.0 0.0
89.0 0.0 -0.965893 0.0 0.0 0.0 0.0
89.2 0.0 -1.108351 0.0 0.0 0.0 0.0
89.4 0.0 -0.52902 0.0 0.0 0.0 0.0
89.6 0.0 0.351201 0.0 0.0 0.0 0.0
89.8 0.0 1.204116 0.0 0.0 0.0 0.0
90.0 0.0 1.894242 0.0 0.0 0.0 0.0
90.2 0.0 2.431687 0.0 0.0 0.0 0.0
90.4 0.0 2.840394 0.0 0.0 0.0 0.0
90.6 0.0 3.133791 0.0 0.0 0.0 0.0
90.8 0.0 3.346154 0.0 0.0 0.0 0.0
91.0 0.0 3.546864 0.0 0.0 0.0 0.0
91.2 0.0 3.722107 0.0 0.0 0.0 0.0
91.4 0.0 3.760088 0.0 0.0 0.0 0.0
91.6 0.0 3.556725 0.0 0.0 0.0 0.0
91.8 0.0 3.097315 0.0 0.0 0.0 0.0
92.0 0.0 2.308753 0.0 0.0 0.0 0.0
92.2 0.0 1.212862 0.0 0.0 0.0 0.0
92.4 0.0 0.203539 0.0 0.0 0.0 0.0
92.6 0.0 -0.126381 0.0 0.0 0.0 0.0
92.8 0.0 0.162022 0.0 0.0 0.0 0.0
93.0 0.0 0.70958 0.0 0.0 0.0 0.0
93.2 0.0 1.287043 0.0 0.0 0.0 0.0
93.4 0.0 1.81678 0.0 0.0 0.0 0.0
93.6 0.0 2.283729 0.0 0.0 0.0 0.0
93.8 0.0 2.664781 0.0 0.0 0.0 0.0
94.0 0.0 2.934359 0.0 0.0 0.0 0.0
94.2 0.0 3.06881 0.0 0.0 0.0 0.0
94.4 0.0 3.011552 0.0 0.0 0.0 0.0
94.6 0.0 2.6319 0.0 0.0 0.0 0.0
94.8 0.0 1.867274 0.0 0.0 0.0 0.0
95.0 0.0 0.876668 0.0 0.0 0.0 0.0
95.2 0.0 0.007614 0.0 0.0 0.0 0.0
95.4 0.0 -0.312742 0.0 0.0 0.0 0.0
95.6 0.0 -0.067919 0.0 0.0 0.0 0.0
95.8 0.0 0.516639 0.0 0.0 0.0 0.0
96.0 0.0 1.224864 0.0 0.0 0.0 0.0
96.2 0.0 1.87243 0.0 0.0 0.0 0.0
96.4 0.0 2.335613 0.0 0.0 0.0 0.0
96.6 0.0 2.568223 0.0 0.0 0.0 0.0
96.8 0.0 2.67098 0.0 0.0 0.0 0.0
97.0 0.0 2.649996 0.0 0.0 0.0 0.0
97.2 0.0 2.363156 0.0 0.0 0.0 0.0
97.4 0.0 1.60566 0.0 0.0 0.0 0.0
97.6 0.0 0.294605 0.0 0.0 0.0 0.0
97.8 0.0 -1.382969 0.0 0.0 0.0 0.0
98.0 0.0 -2.820844 0.0 0.0 0.0 0.0
98.2 0.0 -3.28833 0.0 0.0 0.0 0.0
98.4 0.0 -2.754988 0.0 0.0 0.0 0.0
98.6 0.0 -1.671832 0.0 0.0 0.0 0.0
98.8 0.0 -0.495489 0.0 0.0 0.0 0.0
99.0 0.0 0.495623 0.0 0.0 0.0 0.0
99.2 0.0 1.26124 0.0 0.0 0.0 0.0
99.4 0.0 1.84332 0.0 0.0 0.0 0.0
99.6 0.0 2.259036 0.0 0.0 0.0 0.0
99.8 0.0 2.507405 0.0 0.0 0.0 0.0
100.0 0.0 2.565427 0.0 0.0 0.0 0.0
100.2 0.0 2.344285 0.0 0.0 0.0 0.0
100.4 0.0 1.687777 0.0 0.0 0.0 0.0
100.6 0.0 0.486152 0.0 0.0 0.0 0.0
100.8 0.0 -1.055238 0.0 0.0 0.0 0.0
101.0 0.0 -2.382205 0.0 0.0 0.0 0.0
101.2 0.0 -2.779613 0.0 0.0 0.0 0.0
101.4 0.0 -2.282466 0.0 0.0 0.0 0.0
101.6 0.0 -1.308782 0.0 0.0 0.0 0.0
101.8 0.0 -0.218193 0.0 0.0 0.0 0.0
102.0 0.0 0.760922 0.0 0.0 0.0 0.0
102.2 0.0 1.496622 0.0 0.0 0.0 0.0
102.4 0.0 2.010661 0.0 0.0 0.0 0.0
102.6 0.0 2.342336 0.0 0.0 0.0 0.0
102.8 0.0 2.389439 0.0 0.0 0.0 0.0
103.0 0.0 1.953931 0.0 0.0 0.0 0.0
103.2 0.0 0.879894 0.0 0.0 0.0 0.0
103.4 0.0 -0.796517 0.0 0.0 0.0 0.0
103.6 0.0 -2.721552 0.0 0.0 0.0 0.0
103.8 0.0 -4.009197 0.0 0.0 0.0 0.0
104.0 0.0 -4.08433 0.0 0.0 0.0 0.0
104.2 0.0 -3.200101 0.0 0.0 0.0 0.0
104.4 0.0 -1.890794 0.0 0.0 0.0 0.0
104.6 0.0 -0.594704 0.0 0.0 0.0 0.0
104.8 0.0 0.47001 0.0 0.0 0.0 0.0
105.0 0.0 1.284042 0.0 0.0 0.0 0.0
105.2 0.0 1.877242 0.0 0.0 0.0 0.0
105.4 0.0 2.279488 0.0 0.0 0.0 0.0
105.6 0.0 2.502666 0.0 0.0 0.0 0.0
105.8 0.0 2.56332 0.0 0.0 0.0 0.0
106.0 0.0 2.340486 0.0 0.0 0.0 0.0
106.2 0.0 1.55329 0.0 0.0 0.0 0.0
106.4 0.0 0.064868 0.0 0.0 0.0 0.0
106.6 0.0 -1.888361 0.0 0.0 0.0 0.0
106.8 0.0 -3.402146 0.0 0.0 0.0 0.0
107.0 0.0 -3.694437 0.0 0.0 0.0 0.0
107.2 0.0 -3.010961 0.0 0.0 0.0 0.0
107.4 0.0 -1.83967 0.0 0.0 0.0 0.0
107.6 0.0 -0.584895 0.0 0.0 0.0 0.0
107.8 0.0 0.492324 0.0 0.0 0.0 0.0
108.0 0.0 1.267542 0.0 0.0 0.0 0.0
108.2 0.0 1.769159 0.0 0.0 0.0 0.0
108.4 0.0 2.006117 0.0 0.0 0.0 0.0
108.6 0.0 2.086472 0.0 0.0 0.0 0.0
108.8 0.0 2.121283 0.0 0.0 0.0 0.0
109.0 0.0 2.04875 0.0 0.0 0.0 0.0
109.2 0.0 1.600865 0.0 0.0 0.0 0.0
109.4 0.0 0.559626 0.0 0.0 0.0 0.0
109.6 0.0 -1.032551 0.0 0.0 0.0 0.0
109.8 0.0 -2.775302 0.0 0.0 0.0 0.0
110.0 0.0 -3.767924 0.0 0.0 0.0 0.0
110.2 0.0 -3.60497 0.0 0.0 0.0 0.0
110.4 0.0 -2.681324 0.0 0.0 0.0 0.0
110.6 0.0 -1.437275 0.0 0.0 0.0 0.0
110.8 0.0 -0.21147 0.0 0.0 0.0 0.0
111.0 0.0 0.800596 0.0 0.0 0.0 0.0
111.2 0.0 1.536272 0.0 0.0 0.0 0.0
111.4 0.0 2.055149 0.0 0.0 0.0 0.0
111.6 0.0 2.431952 0.0 0.0 0.0 0.0
111.8 0.0 2.654122 0.0 0.0 0.0 0.0
112.0 0.0 2.627457 0.0 0.0 0.0 0.0
112.2 0.0 2.279512 0.0 0.0 0.0 0.0
112.4 0.0 1.545493 0.0 0.0 0.0 0.0
112.6 0.0 0.378357 0.0 0.0 0.0 0.0
112.8 0.0 -1.158531 0.0 0.0 0.0 0.0
113.0 0.0 -2.591595 0.0 0.0 0.0 0.0
113.2 0.0 -3.094087 0.0 0.0 0.0 0.0
113.4 0.0 -2.604253 0.0 0.0 0.0 0.0
113.6 0.0 -1.606398 0.0 0.0 0.0 0.0
113.8 0.0 -0.492864 0.0 0.0 0.0 0.0
114.0 0.0 0.538266 0.0 0.0 0.0 0.0
114.2 0.0 1.374759 0.0 0.0 0.0 0.0
114.4 0.0 1.978214 0.0 0.0 0.0 0.0
114.6 0.0 2.402605 0.0 0.0 0.0 0.0
114.8 0.0 2.740255 0.0 0.0 0.0 0.0
115.0 0.0 2.955654 0.0 0.0 0.0 0.0
115.2 0.0 2.898774 0.0 0.0 0.0 0.0
115.4 0.0 2.396458 0.0 0.0 0.0 0.0
115.6 0.0 1.351217 0.0 0.0 0.0 0.0
115.8 0.0 -0.096078 0.0 0.0 0.0 0.0
116.0 0.0 -1.385988 0.0 0.0 0.0 0.0
116.2 0.0 -1.80035 0.0 0.0 0.0 0.0
116.4 0.0 -1.385697 0.0 0.0 0.0 0.0
116.6 0.0 -0.561781 0.0 0.0 0.0 0.0
116.8 0.0 0.343111 0.0 0.0 0.0 0.0
117.0 0.0 1.152216 0.0 0.0 0.0 0.0
117.2 0.0 1.849415 0.0 0.0 0.0 0.0
117.4 0.0 2.433206 0.0 0.0 0.0 0.0
117.6 0.0 2.894997 0.0 0.0 0.0 0.0
117.8 0.0 3.234333 0.0 0.0 0.0 0.0
118.0 0.0 3.425104 0.0 0.0 0.0 0.0
118.2 0.0 3.348954 0.0 0.0 0.0 0.0
118.4 0.0 2.913791 0.0 0.0 0.0 0.0
118.6 0.0 2.03398 0.0 0.0 0.0 0.0
118.8 0.0 0.669682 0.0 0.0 0.0 0.0
119.0 0.0 -0.990322 0.0 0.0 0.0 0.0
119.2 0.0 -2.329521 0.0 0.0 0.0 0.0
119.4 0.0 -2.753299 0.0 0.0 0.0 0.0
119.6 0.0 -2.26445 0.0 0.0 0.0 0.0
119.8 0.0 -1.223716 0.0 0.0 0.0 0.0
120.0 0.0 -0.039639 0.0 0.0 0.0 0.0
