0.00000 0.000000
0.20000 -0.003219
0.40000 -0.072910
0.60000 -0.285036
0.80000 -0.661703
1.00000 -1.195652
1.20000 -1.869383
1.40000 -2.665660
1.60000 -3.587529
1.80000 -4.502723
2.00000 -5.006889
2.20000 -4.879034
2.40000 -4.298755
2.60000 -3.568320
2.80000 -2.861846
3.00000 -2.241064
3.20000 -1.708797
3.40000 -1.209560
3.60000 -0.754610
3.80000 -0.485939
4.00000 -0.714498
4.20000 -1.616506
4.40000 -2.758859
4.60000 -3.504124
4.80000 -3.655907
5.00000 -3.386821
5.20000 -2.899290
5.40000 -2.343765
5.60000 -1.809526
5.80000 -1.329467
6.00000 -0.907810
6.20000 -0.508427
6.40000 -0.077107
6.60000 0.275011
6.80000 0.368005
7.00000 0.109343
7.20000 -0.710651
7.40000 -2.076702
7.60000 -3.382286
7.80000 -4.017217
8.00000 -3.944861
8.20000 -3.465409
8.40000 -2.823643
8.60000 -2.170747
8.80000 -1.590200
9.00000 -1.112237
9.20000 -0.721852
9.40000 -0.342417
9.60000 0.069847
9.80000 0.373418
10.00000 0.410927
10.20000 0.099848
10.40000 -0.741846
10.60000 -1.902907
10.80000 -2.762430
11.00000 -3.067310
11.20000 -2.918953
11.40000 -2.475210
11.60000 -1.898541
11.80000 -1.319704
12.00000 -0.802991
12.20000 -0.326442
12.40000 0.176589
12.60000 0.754709
12.80000 1.319158
13.00000 1.657405
13.20000 1.601925
13.40000 1.169949
13.60000 0.379500
13.80000 -0.915502
14.00000 -2.576843
14.20000 -4.114166
14.40000 -5.049413
14.60000 -5.153044
14.80000 -4.624833
15.00000 -3.844769
15.20000 -3.039992
15.40000 -2.301478
15.60000 -1.666579
15.80000 -1.142899
16.00000 -0.715707
16.20000 -0.348636
16.40000 0.014550
16.60000 0.383782
16.80000 0.630084
17.00000 0.596364
17.20000 0.328434
17.40000 -0.028955
17.60000 -0.476642
17.80000 -1.038657
18.00000 -1.514398
18.20000 -1.675462
18.40000 -1.509660
18.60000 -1.124135
18.80000 -0.612338
19.00000 -0.024967
19.20000 0.597299
19.40000 1.219589
19.60000 1.834988
19.80000 2.439481
20.00000 2.948016
20.20000 3.182763
20.40000 2.975598
20.60000 2.325675
20.80000 1.430777
21.00000 0.593330
21.20000 -0.020408
21.40000 -0.552443
21.60000 -0.995002
21.80000 -1.129739
22.00000 -0.918588
22.20000 -0.438158
22.40000 0.204933
22.60000 0.914797
22.80000 1.625915
23.00000 2.302765
23.20000 2.926323
23.40000 3.436689
23.60000 3.741751
23.80000 3.754508
24.00000 3.420460
24.20000 2.766282
24.40000 1.906987
24.60000 1.009830
24.80000 0.224962
25.00000 -0.263122
25.20000 -0.267917
25.40000 0.186816
25.60000 0.919203
25.80000 1.732080
26.00000 2.491049
26.20000 3.168870
26.40000 3.754655
26.60000 4.213322
26.80000 4.519255
27.00000 4.597893
27.20000 4.303207
27.40000 3.563194
27.60000 2.479821
27.80000 1.317383
28.00000 0.139784
28.20000 -1.292815
28.40000 -2.917676
28.60000 -4.255208
28.80000 -4.835187
29.00000 -4.633203
29.20000 -4.009562
29.40000 -3.264612
29.60000 -2.535549
29.80000 -1.866018
30.00000 -1.275682
30.20000 -0.772854
30.40000 -0.375148
30.60000 -0.169363
30.80000 -0.173878
31.00000 -0.531878
31.20000 -1.487244
31.40000 -2.893613
31.60000 -4.294787
31.80000 -5.171574
32.00000 -5.218714
32.20000 -4.615769
32.40000 -3.746809
32.60000 -2.861884
32.80000 -2.086934
33.00000 -1.464539
33.20000 -0.975114
33.40000 -0.631428
33.60000 -0.491964
33.80000 -0.832503
34.00000 -1.888933
34.20000 -3.414398
34.40000 -4.881313
34.60000 -5.704100
34.80000 -5.596880
35.00000 -4.821418
35.20000 -3.820034
35.40000 -2.861767
35.60000 -2.059379
35.80000 -1.428466
36.00000 -0.929484
36.20000 -0.572483
36.40000 -0.396445
36.60000 -0.510036
36.80000 -1.191506
37.00000 -2.345423
37.20000 -3.299500
37.40000 -3.631064
37.60000 -3.490522
37.80000 -3.145365
38.00000 -2.732054
38.20000 -2.281492
38.40000 -1.806708
38.60000 -1.334233
38.80000 -0.915307
39.00000 -0.622316
39.20000 -0.593994
39.40000 -1.163316
39.60000 -2.371807
39.80000 -3.657803
40.00000 -4.358414
40.20000 -4.295686
40.40000 -3.737633
40.60000 -2.960026
40.80000 -2.162676
41.00000 -1.468330
41.20000 -0.920887
41.40000 -0.486073
41.60000 -0.105774
41.80000 0.161828
42.00000 0.200149
42.20000 0.045309
42.40000 -0.182606
42.60000 -0.556206
42.80000 -1.113196
43.00000 -1.673387
43.20000 -2.035407
43.40000 -2.083469
43.60000 -1.837871
43.80000 -1.393336
44.00000 -0.846918
44.20000 -0.253228
44.40000 0.353113
44.60000 0.902004
44.80000 1.243598
45.00000 1.237916
45.20000 0.908767
45.40000 0.423940
45.60000 -0.072673
45.80000 -0.509848
46.00000 -0.731748
46.20000 -0.601470
46.40000 -0.161476
46.60000 0.481113
46.80000 1.211234
47.00000 1.920035
47.20000 2.580270
47.40000 3.171570
47.60000 3.635542
47.80000 4.018238
48.00000 4.354170
48.20000 4.599320
48.40000 4.611294
48.60000 4.208414
48.80000 3.450890
49.00000 2.606924
49.20000 2.033890
49.40000 1.945838
49.60000 2.231172
49.80000 2.680932
50.00000 3.221349
50.20000 3.825477
50.40000 4.379400
50.60000 4.789638
50.80000 5.047830
51.00000 5.195727
51.20000 5.317907
51.40000 5.361598
51.60000 5.109299
51.80000 4.445832
52.00000 3.454900
52.20000 2.371939
52.40000 1.537900
52.60000 1.266621
52.80000 1.564121
53.00000 2.161985
53.20000 2.835726
53.40000 3.517887
53.60000 4.160629
53.80000 4.673823
54.00000 5.017291
54.20000 5.221131
54.40000 5.375267
54.60000 5.413052
54.80000 5.101325
55.00000 4.328263
55.20000 3.148612
55.40000 1.820489
55.60000 0.707035
55.80000 -0.141452
56.00000 -0.768775
56.20000 -0.994284
56.40000 -0.700134
56.60000 0.018542
56.80000 0.925364
57.00000 1.819058
57.20000 2.568907
57.40000 3.151059
57.60000 3.618478
57.80000 3.842933
58.00000 3.545808
58.20000 2.671965
58.40000 1.497170
58.60000 0.063493
58.80000 -1.701129
59.00000 -3.383895
59.20000 -4.359170
59.40000 -4.465921
59.60000 -4.063375
59.80000 -3.464514
60.00000 -2.794778
60.20000 -2.136539
60.40000 -1.541565
60.60000 -1.144733
60.80000 -1.403731
61.00000 -2.569397
61.20000 -4.285214
61.40000 -5.890745
61.60000 -6.676966
61.80000 -6.365833
62.00000 -5.336483
62.20000 -4.136665
62.40000 -3.066283
62.60000 -2.205778
62.80000 -1.522371
63.00000 -1.266138
63.20000 -1.869458
63.40000 -3.270062
63.60000 -4.978352
63.80000 -6.343868
64.00000 -6.757217
64.20000 -6.146897
64.40000 -4.997314
64.60000 -3.804769
64.80000 -2.801924
65.00000 -2.024099
65.20000 -1.418414
65.40000 -1.238295
65.60000 -1.887696
65.80000 -3.284066
66.00000 -4.908006
66.20000 -6.070010
66.40000 -6.264134
66.60000 -5.587991
66.80000 -4.534543
67.00000 -3.491067
67.20000 -2.614937
67.40000 -1.928200
67.60000 -1.381281
67.80000 -1.000548
68.00000 -1.150850
68.20000 -2.102410
68.40000 -3.564200
68.60000 -4.915669
68.80000 -5.574480
69.00000 -5.379039
69.20000 -4.636577
69.40000 -3.738775
69.60000 -2.890748
69.80000 -2.175003
70.00000 -1.593795
70.20000 -1.124648
70.40000 -0.811587
70.60000 -0.964551
70.80000 -1.835873
71.00000 -3.119575
71.20000 -4.140270
71.40000 -4.435404
71.60000 -4.107374
71.80000 -3.468286
72.00000 -2.728400
72.20000 -2.020960
72.40000 -1.413565
72.60000 -0.902397
72.80000 -0.524260
73.00000 -0.341997
73.20000 -0.373213
73.40000 -0.894401
73.60000 -2.066595
73.80000 -3.477944
74.00000 -4.525013
74.20000 -4.816486
74.40000 -4.442753
74.60000 -3.745785
74.80000 -2.967388
75.00000 -2.238612
75.20000 -1.617601
75.40000 -1.114193
75.60000 -0.690275
75.80000 -0.341251
76.00000 -0.160813
76.20000 -0.169060
76.40000 -0.236596
76.60000 -0.365676
76.80000 -0.700883
77.00000 -1.099509
77.20000 -1.278989
77.40000 -1.176048
77.60000 -0.841207
77.80000 -0.319063
78.00000 0.332750
78.20000 1.021873
78.40000 1.701013
78.60000 2.349794
78.80000 2.884403
79.00000 3.199010
79.20000 3.198300
79.40000 2.831891
79.60000 2.162924
79.80000 1.357075
80.00000 0.602006
80.20000 0.102294
80.40000 0.033334
80.60000 0.389407
80.80000 1.001411
81.00000 1.567007
81.20000 1.897465
81.40000 2.155126
81.60000 2.536402
81.80000 3.000513
82.00000 3.424410
82.20000 3.757814
82.40000 4.003549
82.60000 4.181008
82.80000 4.305957
83.00000 4.400468
83.20000 4.342929
83.40000 3.938340
83.60000 3.203795
83.80000 2.303195
84.00000 1.414982
84.20000 0.715521
84.40000 0.359362
84.60000 0.400779
84.80000 0.775559
85.00000 1.372445
85.20000 2.052989
85.40000 2.708222
85.60000 3.316310
85.80000 3.842182
86.00000 4.228870
86.20000 4.473394
86.40000 4.620912
86.60000 4.731327
86.80000 4.705459
87.00000 4.328438
87.20000 3.508050
87.40000 2.367503
87.60000 1.195948
87.80000 0.230754
88.00000 -0.352080
88.20000 -0.455946
88.40000 -0.171746
88.60000 0.335055
88.80000 0.929539
89.00000 1.586877
89.20000 2.308643
89.40000 2.993146
89.60000 3.546543
89.80000 3.944435
90.00000 4.206419
90.20000 4.292334
90.40000 4.018439
90.60000 3.270060
90.80000 2.183520
91.00000 1.066697
91.20000 0.003865
91.40000 -0.962209
91.60000 -1.565055
91.80000 -1.688476
92.00000 -1.442132
92.20000 -0.999191
92.40000 -0.495219
92.60000 0.036890
92.80000 0.592214
93.00000 1.081351
93.20000 1.429357
93.40000 1.533478
93.60000 1.278901
93.80000 0.738952
94.00000 -0.168014
94.20000 -1.587253
94.40000 -3.132080
94.60000 -4.066687
94.80000 -4.099548
95.00000 -3.532890
95.20000 -2.734535
95.40000 -1.953738
95.60000 -1.294235
95.80000 -0.797219
96.00000 -0.492497
96.20000 -0.357771
96.40000 -0.542741
96.60000 -1.390420
96.80000 -2.862894
97.00000 -4.430587
97.20000 -5.434467
97.40000 -5.497603
97.60000 -4.820756
97.80000 -3.840011
98.00000 -2.861272
98.20000 -2.040780
98.40000 -1.412535
98.60000 -0.948269
98.80000 -0.794844
99.00000 -1.332407
99.20000 -2.581509
99.40000 -3.997412
99.60000 -4.857051
99.80000 -4.848868
100.00000 -4.276019
100.20000 -3.510357
100.40000 -2.742498
100.60000 -2.064324
100.80000 -1.509696
101.00000 -1.060757
101.20000 -0.724602
101.40000 -0.582671
101.60000 -0.964282
101.80000 -2.049143
102.00000 -3.401284
102.20000 -4.269304
102.40000 -4.323238
102.60000 -3.829619
102.80000 -3.105389
103.00000 -2.366054
103.20000 -1.727902
103.40000 -1.215092
103.60000 -0.806547
103.80000 -0.451962
104.00000 -0.149114
104.20000 -0.000999
104.40000 -0.035037
104.60000 -0.213328
104.80000 -0.717776
105.00000 -1.469144
105.20000 -2.048984
105.40000 -2.318213
105.60000 -2.332666
105.80000 -2.141409
106.00000 -1.783912
106.20000 -1.324455
106.40000 -0.844842
106.60000 -0.412401
106.80000 -0.035068
107.00000 0.345624
107.20000 0.679534
107.40000 0.786617
107.60000 0.604715
107.80000 0.266451
108.00000 -0.052981
108.20000 -0.389924
108.40000 -0.744583
108.60000 -0.929343
108.80000 -0.880462
109.00000 -0.658607
109.20000 -0.349801
109.40000 -0.006019
109.60000 0.405170
109.80000 0.853487
110.00000 1.242587
110.20000 1.493276
110.40000 1.520808
110.60000 1.318427
110.80000 1.000312
111.00000 0.740644
111.20000 0.694469
111.40000 0.900503
111.60000 1.220844
111.80000 1.535197
112.00000 1.877921
112.20000 2.326500
112.40000 2.853648
112.60000 3.338393
112.80000 3.718322
113.00000 3.999019
113.20000 4.097916
113.40000 3.927192
113.60000 3.533995
113.80000 2.986014
114.00000 2.365420
114.20000 1.869552
114.40000 1.706629
114.60000 1.933489
114.80000 2.349850
115.00000 2.795952
115.20000 3.297270
115.40000 3.785998
115.60000 4.166897
115.80000 4.421782
116.00000 4.618502
116.20000 4.793498
116.40000 4.857692
116.60000 4.717914
116.80000 4.331781
117.00000 3.808581
117.20000 3.262801
117.40000 2.787110
117.60000 2.563046
117.80000 2.690435
118.00000 3.071156
118.20000 3.511722
118.40000 3.928987
118.60000 4.277001
118.80000 4.510603
119.00000 4.635544
119.20000 4.702087
119.40000 4.801361
119.60000 4.937490
119.80000 4.960022
120.00000 4.688532
