0.0 0.0 0.0 0.0 0.0 0.0 0.0
0.2 0.0 -0.003219 0.0 0.0 0.0 0.0
0.4 0.0 -0.07291 0.0 0.0 0.0 0.0
0.6 0.0 -0.285036 0.0 0.0 0.0 0.0
0.8 0.0 -0.661703 0.0 0.0 0.0 0.0
1.0 0.0 -1.195652 0.0 0.0 0.0 0.0
1.2 0.0 -1.869383 0.0 0.0 0.0 0.0
1.4 0.0 -2.66566 0.0 0.0 0.0 0.0
1.6 0.0 -3.587529 0.0 0.0 0.0 0.0
1.8 0.0 -4.502723 0.0 0.0 0.0 0.0
2.0 0.0 -5.006889 0.0 0.0 0.0 0.0
2.2 0.0 -4.879034 0.0 0.0 0.0 0.0
2.4 0.0 -4.298755 0.0 0.0 0.0 0.0
2.6 0.0 -3.56832 0.0 0.0 0.0 0.0
2.8 0.0 -2.861846 0.0 0.0 0.0 0.0
3.0 0.0 -2.241064 0.0 0.0 0.0 0.0
3.2 0.0 -1.708797 0.0 0.0 0.0 0.0
3.4 0.0 -1.20956 0.0 0.0 0.0 0.0
3.6 0.0 -0.75461 0.0 0.0 0.0 0.0
3.8 0.0 -0.485939 0.0 0.0 0.0 0.0
4.0 0.0 -0.714498 0.0 0.0 0.0 0.0
4.2 0.0 -1.616506 0.0 0.0 0.0 0.0
4.4 0.0 -2.758859 0.0 0.0 0.0 0.0
4.6 0.0 -3.504124 0.0 0.0 0.0 0.0
4.8 0.0 -3.655907 0.0 0.0 0.0 0.0
5.0 0.0 -3.386821 0.0 0.0 0.0 0.0
5.2 0.0 -2.89929 0.0 0.0 0.0 0.0
5.4 0.0 -2.343765 0.0 0.0 0.0 0.0
5.6 0.0 -1.809526 0.0 0.0 0.0 0.0
5.8 0.0 -1.329467 0.0 0.0 0.0 0.0
6.0 0.0 -0.90781 0.0 0.0 0.0 0.0
6.2 0.0 -0.508427 0.0 0.0 0.0 0.0
6.4 0.0 -0.077107 0.0 0.0 0.0 0.0
6.6 0.0 0.275011 0.0 0.0 0.0 0.0
6.8 0.0 0.368005 0.0 0.0 0.0 0.0
7.0 0.0 0.109343 0.0 0.0 0.0 0.0
7.2 0.0 -0.710651 0.0 0.0 0.0 0.0
7.4 0.0 -2.076702 0.0 0.0 0.0 0.0
7.6 0.0 -3.382286 0.0 0.0 0.0 0.0
7.8 0.0 -4.017217 0.0 0.0 0.0 0.0
8.0 0.0 -3.944861 0.0 0.0 0.0 0.0
8.2 0.0 -3.465409 0.0 0.0 0.0 0.0
8.4 0.0 -2.823643 0.0 0.0 0.0 0.0
8.6 0.0 -2.170747 0.0 0.0 0.0 0.0
8.8 0.0 -1.5902 0.0 0.0 0.0 0.0
9.0 0.0 -1.112237 0.0 0.0 0.0 0.0
9.2 0.0 -0.721852 0.0 0.0 0.0 0.0
9.4 0.0 -0.342417 0.0 0.0 0.0 0.0
9.6 0.0 0.069847 0.0 0.0 0.0 0.0
9.8 0.0 0.373418 0.0 0.0 0.0 0.0
10.0 0.0 0.410927 0.0 0.0 0.0 0.0
10.2 0.0 0.099848 0.0 0.0 0.0 0.0
10.4 0.0 -0.741846 0.0 0.0 0.0 0.0
10.6 0.0 -1.902907 0.0 0.0 0.0 0.0
10.8 0.0 -2.76243 0.0 0.0 0.0 0.0
11.0 0.0 -3.06731 0.0 0.0 0.0 0.0
11.2 0.0 -2.918953 0.0 0.0 0.0 0.0
11.4 0.0 -2.47521 0.0 0.0 0.0 0.0
11.6 0.0 -1.898541 0.0 0.0 0.0 0.0
11.8 0.0 -1.319704 0.0 0.0 0.0 0.0
12.0 0.0 -0.802991 0.0 0.0 0.0 0.0
12.2 0.0 -0.326442 0.0 0.0 0.0 0.0
12.4 0.0 0.176589 0.0 0.0 0.0 0.0
12.6 0.0 0.754709 0.0 0.0 0.0 0.0
12.8 0.0 1.319158 0.0 0.0 0.0 0.0
13.0 0.0 1.657405 0.0 0.0 0.0 0.0
13.2 0.0 1.601925 0.0 0.0 0.0 0.0
13.4 0.0 1.169949 0.0 0.0 0.0 0.0
13.6 0.0 0.3795 0.0 0.0 0.0 0.0
13.8 0.0 -0.915502 0.0 0.0 0.0 0.0
14.0 0.0 -2.576843 0.0 0.0 0.0 0.0
14.2 0.0 -4.114166 0.0 0.0 0.0 0.0
14.4 0.0 -5.049413 0.0 0.0 0.0 0.0
14.6 0.0 -5.153044 0.0 0.0 0.0 0.0
14.8 0.0 -4.624833 0.0 0.0 0.0 0.0
15.0 0.0 -3.844769 0.0 0.0 0.0 0.0
15.2 0.0 -3.039992 0.0 0.0 0.0 0.0
15.4 0.0 -2.301478 0.0 0.0 0.0 0.0
15.6 0.0 -1.666579 0.0 0.0 0.0 0.0
15.8 0.0 -1.142899 0.0 0.0 0.0 0.0
16.0 0.0 -0.715707 0.0 0.0 0.0 0.0
16.2 0.0 -0.348636 0.0 0.0 0.0 0.0
16.4 0.0 0.01455 0.0 0.0 0.0 0.0
16.6 0.0 0.383782 0.0 0.0 0.0 0.0
16.8 0.0 0.630084 0.0 0.0 0.0 0.0
17.0 0.0 0.596364 0.0 0.0 0.0 0.0
17.2 0.0 0.328434 0.0 0.0 0.0 0.0
17.4 0.0 -0.028955 0.0 0.0 0.0 0.0
17.6 0.0 -0.476642 0.0 0.0 0.0 0.0
17.8 0.0 -1.038657 0.0 0.0 0.0 0.0
18.0 0.0 -1.514398 0.0 0.0 0.0 0.0
18.2 0.0 -1.675462 0.0 0.0 0.0 0.0
18.4 0.0 -1.50966 0.0 0.0 0.0 0.0
18.6 0.0 -1.124135 0.0 0.0 0.0 0.0
18.8 0.0 -0.612338 0.0 0.0 0.0 0.0
19.0 0.0 -0.024967 0.0 0.0 0.0 0.0
19.2 0.0 0.597299 0.0 0.0 0.0 0.0
19.4 0.0 1.219589 0.0 0.0 0.0 0.0
19.6 0.0 1.834988 0.0 0.0 0.0 0.0
19.8 0.0 2.439481 0.0 0.0 0.0 0.0
20.0 0.0 2.948016 0.0 0.0 0.0 0.0
20.2 0.0 3.182763 0.0 0.0 0.0 0.0
20.4 0.0 2.975598 0.0 0.0 0.0 0.0
20.6 0.0 2.325675 0.0 0.0 0.0 0.0
20.8 0.0 1.430777 0.0 0.0 0.0 0.0
21.0 0.0 0.59333 0.0 0.0 0.0 0.0
21.2 0.0 -0.020408 0.0 0.0 0.0 0.0
21.4 0.0 -0.552443 0.0 0.0 0.0 0.0
21.6 0.0 -0.995002 0.0 0.0 0.0 0.0
21.8 0.0 -1.129739 0.0 0.0 0.0 0.0
22.0 0.0 -0.918588 0.0 0.0 0.0 0.0
22.2 0.0 -0.438158 0.0 0.0 0.0 0.0
22.4 0.0 0.204933 0.0 0.0 0.0 0.0
22.6 0.0 0.914797 0.0 0.0 0.0 0.0
22.8 0.0 1.625915 0.0 0.0 0.0 0.0
23.0 0.0 2.302765 0.0 0.0 0.0 0.0
23.2 0.0 2.926323 0.0 0.0 0.0 0.0
23.4 0.0 3.436689 0.0 0.0 0.0 0.0
23.6 0.0 3.741751 0.0 0.0 0.0 0.0
23.8 0.0 3.754508 0.0 0.0 0.0 0.0
24.0 0.0 3.42046 0.0 0.0 0.0 0.0
24.2 0.0 2.766282 0.0 0.0 0.0 0.0
24.4 0.0 1.906987 0.0 0.0 0.0 0.0
24.6 0.0 1.00983 0.0 0.0 0.0 0.0
24.8 0.0 0.224962 0.0 0.0 0.0 0.0
25.0 0.0 -0.263122 0.0 0.0 0.0 0.0
25.2 0.0 -0.267917 0.0 0.0 0.0 0.0
25.4 0.0 0.186816 0.0 0.0 0.0 0.0
25.6 0.0 0.919203 0.0 0.0 0.0 0.0
25.8 0.0 1.73208 0.0 0.0 0.0 0.0
26.0 0.0 2.491049 0.0 0.0 0.0 0.0
26.2 0.0 3.16887 0.0 0.0 0.0 0.0
26.4 0.0 3.754655 0.0 0.0 0.0 0.0
26.6 0.0 4.213322 0.0 0.0 0.0 0.0
26.8 0.0 4.519255 0.0 0.0 0.0 0.0
27.0 0.0 4.597893 0.0 0.0 0.0 0.0
27.2 0.0 4.303207 0.0 0.0 0.0 0.0
27.4 0.0 3.563194 0.0 0.0 0.0 0.0
27.6 0.0 2.479821 0.0 0.0 0.0 0.0
27.8 0.0 1.317383 0.0 0.0 0.0 0.0
28.0 0.0 0.139784 0.0 0.0 0.0 0.0
28.2 0.0 -1.292815 0.0 0.0 0.0 0.0
28.4 0.0 -2.917676 0.0 0.0 0.0 0.0
28.6 0.0 -4.255208 0.0 0.0 0.0 0.0
28.8 0.0 -4.835187 0.0 0.0 0.0 0.0
29.0 0.0 -4.633203 0.0 0.0 0.0 0.0
29.2 0.0 -4.009562 0.0 0.0 0.0 0.0
29.4 0.0 -3.264612 0.0 0.0 0.0 0.0
29.6 0.0 -2.535549 0.0 0.0 0.0 0.0
29.8 0.0 -1.866018 0.0 0.0 0.0 0.0
30.0 0.0 -1.275682 0.0 0.0 0.0 0.0
30.2 0.0 -0.772854 0.0 0.0 0.0 0.0
30.4 0.0 -0.375148 0.0 0.0 0.0 0.0
30.6 0.0 -0.169363 0.0 0.0 0.0 0.0
30.8 0.0 -0.173878 0.0 0.0 0.0 0.0
31.0 0.0 -0.531878 0.0 0.0 0.0 0.0
31.2 0.0 -1.487244 0.0 0.0 0.0 0.0
31.4 0.0 -2.893613 0.0 0.0 0.0 0.0
31.6 0.0 -4.294787 0.0 0.0 0.0 0.0
31.8 0.0 -5.171574 0.0 0.0 0.0 0.0
32.0 0.0 -5.218714 0.0 0.0 0.0 0.0
32.2 0.0 -4.615769 0.0 0.0 0.0 0.0
32.4 0.0 -3.746809 0.0 0.0 0.0 0.0
32.6 0.0 -2.861884 0.0 0.0 0.0 0.0
32.8 0.0 -2.086934 0.0 0.0 0.0 0.0
33.0 0.0 -1.464539 0.0 0.0 0.0 0.0
33.2 0.0 -0.975114 0.0 0.0 0.0 0.0
33.4 0.0 -0.631428 0.0 0.0 0.0 0.0
33.6 0.0 -0.491964 0.0 0.0 0.0 0.0
33.8 0.0 -0.832503 0.0 0.0 0.0 0.0
34.0 0.0 -1.888933 0.0 0.0 0.0 0.0
34.2 0.0 -3.414398 0.0 0.0 0.0 0.0
34.4 0.0 -4.881313 0.0 0.0 0.0 0.0
34.6 0.0 -5.7041 0.0 0.0 0.0 0.0
34.8 0.0 -5.59688 0.0 0.0 0.0 0.0
35.0 0.0 -4.821418 0.0 0.0 0.0 0.0
35.2 0.0 -3.820034 0.0 0.0 0.0 0.0
35.4 0.0 -2.861767 0.0 0.0 0.0 0.0
35.6 0.0 -2.059379 0.0 0.0 0.0 0.0
35.8 0.0 -1.428466 0.0 0.0 0.0 0.0
36.0 0.0 -0.929484 0.0 0.0 0.0 0.0
36.2 0.0 -0.572483 0.0 0.0 0.0 0.0
36.4 0.0 -0.396445 0.0 0.0 0.0 0.0
36.6 0.0 -0.510036 0.0 0.0 0.0 0.0
36.8 0.0 -1.191506 0.0 0.0 0.0 0.0
37.0 0.0 -2.345423 0.0 0.0 0.0 0.0
37.2 0.0 -3.2995 0.0 0.0 0.0 0.0
37.4 0.0 -3.631064 0.0 0.0 0.0 0.0
37.6 0.0 -3.490522 0.0 0.0 0.0 0.0
37.8 0.0 -3.145365 0.0 0.0 0.0 0.0
38.0 0.0 -2.732054 0.0 0.0 0.0 0.0
38.2 0.0 -2.281492 0.0 0.0 0.0 0.0
38.4 0.0 -1.806708 0.0 0.0 0.0 0.0
38.6 0.0 -1.334233 0.0 0.0 0.0 0.0
38.8 0.0 -0.915307 0.0 0.0 0.0 0.0
39.0 0.0 -0.622316 0.0 0.0 0.0 0.0
39.2 0.0 -0.593994 0.0 0.0 0.0 0.0
39.4 0.0 -1.163316 0.0 0.0 0.0 0.0
39.6 0.0 -2.371807 0.0 0.0 0.0 0.0
39.8 0.0 -3.657803 0.0 0.0 0.0 0.0
40.0 0.0 -4.358414 0.0 0.0 0.0 0.0
40.2 0.0 -4.295686 0.0 0.0 0.0 0.0
40.4 0.0 -3.737633 0.0 0.0 0.0 0.0
40.6 0.0 -2.960026 0.0 0.0 0.0 0.0
40.8 0.0 -2.162676 0.0 0.0 0.0 0.0
41.0 0.0 -1.46833 0.0 0.0 0.0 0.0
41.2 0.0 -0.920887 0.0 0.0 0.0 0.0
41.4 0.0 -0.486073 0.0 0.0 0.0 0.0
41.6 0.0 -0.105774 0.0 0.0 0.0 0.0
41.8 0.0 0.161828 0.0 0.0 0.0 0.0
42.0 0.0 0.200149 0.0 0.0 0.0 0.0
42.2 0.0 0.045309 0.0 0.0 0.0 0.0
42.4 0.0 -0.182606 0.0 0.0 0.0 0.0
42.6 0.0 -0.556206 0.0 0.0 0.0 0.0
42.8 0.0 -1.113196 0.0 0.0 0.0 0.0
43.0 0.0 -1.673387 0.0 0.0 0.0 0.0
43.2 0.0 -2.035407 0.0 0.0 0.0 0.0
43.4 0.0 -2.083469 0.0 0.0 0.0 0.0
43.6 0.0 -1.837871 0.0 0.0 0.0 0.0
43.8 0.0 -1.393336 0.0 0.0 0.0 0.0
44.0 0.0 -0.846918 0.0 0.0 0.0 0.0
44.2 0.0 -0.253228 0.0 0.0 0.0 0.0
44.4 0.0 0.353113 0.0 0.0 0.0 0.0
44.6 0.0 0.902004 0.0 0.0 0.0 0.0
44.8 0.0 1.243598 0.0 0.0 0.0 0.0
45.0 0.0 1.237916 0.0 0.0 0.0 0.0
45.2 0.0 0.908767 0.0 0.0 0.0 0.0
45.4 0.0 0.42394 0.0 0.0 0.0 0.0
45.6 0.0 -0.072673 0.0 0.0 0.0 0.0
45.8 0.0 -0.509848 0.0 0.0 0.0 0.0
46.0 0.0 -0.731748 0.0 0.0 0.0 0.0
46.2 0.0 -0.60147 0.0 0.0 0.0 0.0
46.4 0.0 -0.161476 0.0 0.0 0.0 0.0
46.6 0.0 0.481113 0.0 0.0 0.0 0.0
46.8 0.0 1.211234 0.0 0.0 0.0 0.0
47.0 0.0 1.920035 0.0 0.0 0.0 0.0
47.2 0.0 2.58027 0.0 0.0 0.0 0.0
47.4 0.0 3.17157 0.0 0.0 0.0 0.0
47.6 0.0 3.635542 0.0 0.0 0.0 0.0
47.8 0.0 4.018238 0.0 0.0 0.0 0.0
48.0 0.0 4.35417 0.0 0.0 0.0 0.0
48.2 0.0 4.59932 0.0 0.0 0.0 0.0
48.4 0.0 4.611294 0.0 0.0 0.0 0.0
48.6 0.0 4.208414 0.0 0.0 0.0 0.0
48.8 0.0 3.45089 0.0 0.0 0.0 0.0
49.0 0.0 2.606924 0.0 0.0 0.0 0.0
49.2 0.0 2.03389 0.0 0.0 0.0 0.0
49.4 0.0 1.945838 0.0 0.0 0.0 0.0
49.6 0.0 2.231172 0.0 0.0 0.0 0.0
49.8 0.0 2.680932 0.0 0.0 0.0 0.0
50.0 0.0 3.221349 0.0 0.0 0.0 0.0
50.2 0.0 3.825477 0.0 0.0 0.0 0.0
50.4 0.0 4.3794 0.0 0.0 0.0 0.0
50.6 0.0 4.789638 0.0 0.0 0.0 0.0
50.8 0.0 5.04783 0.0 0.0 0.0 0.0
51.0 0.0 5.195727 0.0 0.0 0.0 0.0
51.2 0.0 5.317907 0.0 0.0 0.0 0.0
51.4 0.0 5.361598 0.0 0.0 0.0 0.0
51.6 0.0 5.109299 0.0 0.0 0.0 0.0
51.8 0.0 4.445832 0.0 0.0 0.0 0.0
52.0 0.0 3.4549 0.0 0.0 0.0 0.0
52.2 0.0 2.371939 0.0 0.0 0.0 0.0
52.4 0.0 1.5379 0.0 0.0 0.0 0.0
52.6 0.0 1.266621 0.0 0.0 0.0 0.0
52.8 0.0 1.564121 0.0 0.0 0.0 0.0
53.0 0.0 2.161985 0.0 0.0 0.0 0.0
53.2 0.0 2.835726 0.0 0.0 0.0 0.0
53.4 0.0 3.517887 0.0 0.0 0.0 0.0
53.6 0.0 4.160629 0.0 0.0 0.0 0.0
53.8 0.0 4.673823 0.0 0.0 0.0 0.0
54.0 0.0 5.017291 0.0 0.0 0.0 0.0
54.2 0.0 5.221131 0.0 0.0 0.0 0.0
54.4 0.0 5.375267 0.0 0.0 0.0 0.0
54.6 0.0 5.413052 0.0 0.0 0.0 0.0
54.8 0.0 5.101325 0.0 0.0 0.0 0.0
55.0 0.0 4.328263 0.0 0.0 0.0 0.0
55.2 0.0 3.148612 0.0 0.0 0.0 0.0
55.4 0.0 1.820489 0.0 0.0 0.0 0.0
55.6 0.0 0.707035 0.0 0.0 0.0 0.0
55.8 0.0 -0.141452 0.0 0.0 0.0 0.0
56.0 0.0 -0.768775 0.0 0.0 0.0 0.0
56.2 0.0 -0.994284 0.0 0.0 0.0 0.0
56.4 0.0 -0.700134 0.0 0.0 0.0 0.0
56.6 0.0 0.018542 0.0 0.0 0.0 0.0
56.8 0.0 0.925364 0.0 0.0 0.0 0.0
57.0 0.0 1.819058 0.0 0.0 0.0 0.0
57.2 0.0 2.568907 0.0 0.0 0.0 0.0
57.4 0.0 3.151059 0.0 0.0 0.0 0.0
57.6 0.0 3.618478 0.0 0.0 0.0 0.0
57.8 0.0 3.842933 0.0 0.0 0.0 0.0
58.0 0.0 3.545808 0.0 0.0 0.0 0.0
58.2 0.0 2.671965 0.0 0.0 0.0 0.0
58.4 0.0 1.49717 0.0 0.0 0.0 0.0
58.6 0.0 0.063493 0.0 0.0 0.0 0.0
58.8 0.0 -1.701129 0.0 0.0 0.0 0.0
59.0 0.0 -3.383895 0.0 0.0 0.0 0.0
59.2 0.0 -4.35917 0.0 0.0 0.0 0.0
59.4 0.0 -4.465921 0.0 0.0 0.0 0.0
59.6 0.0 -4.063375 0.0 0.0 0.0 0.0
59.8 0.0 -3.464514 0.0 0.0 0.0 0.0
60.0 0.0 -2.794778 0.0 0.0 0.0 0.0
60.2 0.0 -2.136539 0.0 0.0 0.0 0.0
60.4 0.0 -1.541565 0.0 0.0 0.0 0.0
60.6 0.0 -1.144733 0.0 0.0 0.0 0.0
60.8 0.0 -1.403731 0.0 0.0 0.0 0.0
61.0 0.0 -2.569397 0.0 0.0 0.0 0.0
61.2 0.0 -4.285214 0.0 0.0 0.0 0.0
61.4 0.0 -5.890745 0.0 0.0 0.0 0.0
61.6 0.0 -6.676966 0.0 0.0 0.0 0.0
61.8 0.0 -6.365833 0.0 0.0 0.0 0.0
62.0 0.0 -5.336483 0.0 0.0 0.0 0.0
62.2 0.0 -4.136665 0.0 0.0 0.0 0.0
62.4 0.0 -3.066283 0.0 0.0 0.0 0.0
62.6 0.0 -2.205778 0.0 0.0 0.0 0.0
62.8 0.0 -1.522371 0.0 0.0 0.0 0.0
63.0 0.0 -1.266138 0.0 0.0 0.0 0.0
63.2 0.0 -1.869458 0.0 0.0 0.0 0.0
63.4 0.0 -3.270062 0.0 0.0 0.0 0.0
63.6 0.0 -4.978352 0.0 0.0 0.0 0.0
63.8 0.0 -6.343868 0.0 0.0 0.0 0.0
64.0 0.0 -6.757217 0.0 0.0 0.0 0.0
64.2 0.0 -6.146897 0.0 0.0 0.0 0.0
64.4 0.0 -4.997314 0.0 0.0 0.0 0.0
64.6 0.0 -3.804769 0.0 0.0 0.0 0.0
64.8 0.0 -2.801924 0.0 0.0 0.0 0.0
65.0 0.0 -2.024099 0.0 0.0 0.0 0.0
65.2 0.0 -1.418414 0.0 0.0 0.0 0.0
65.4 0.0 -1.238295 0.0 0.0 0.0 0.0
65.6 0.0 -1.887696 0.0 0.0 0.0 0.0
65.8 0.0 -3.284066 0.0 0.0 0.0 0.0
66.0 0.0 -4.908006 0.0 0.0 0.0 0.0
66.2 0.0 -6.07001 0.0 0.0 0.0 0.0
66.4 0.0 -6.264134 0.0 0.0 0.0 0.0
66.6 0.0 -5.587991 0.0 0.0 0.0 0.0
66.8 0.0 -4.534543 0.0 0.0 0.0 0.0
67.0 0.0 -3.491067 0.0 0.0 0.0 0.0
67.2 0.0 -2.614937 0.0 0.0 0.0 0.0
67.4 0.0 -1.9282 0.0 0.0 0.0 0.0
67.6 0.0 -1.381281 0.0 0.0 0.0 0.0
67.8 0.0 -1.000548 0.0 0.0 0.0 0.0
68.0 0.0 -1.15085 0.0 0.0 0.0 0.0
68.2 0.0 -2.10241 0.0 0.0 0.0 0.0
68.4 0.0 -3.5642 0.0 0.0 0.0 0.0
68.6 0.0 -4.915669 0.0 0.0 0.0 0.0
68.8 0.0 -5.57448 0.0 0.0 0.0 0.0
69.0 0.0 -5.379039 0.0 0.0 0.0 0.0
69.2 0.0 -4.636577 0.0 0.0 0.0 0.0
69.4 0.0 -3.738775 0.0 0.0 0.0 0.0
69.6 0.0 -2.890748 0.0 0.0 0.0 0.0
69.8 0.0 -2.175003 0.0 0.0 0.0 0.0
70.0 0.0 -1.593795 0.0 0.0 0.0 0.0
70.2 0.0 -1.124648 0.0 0.0 0.0 0.0
70.4 0.0 -0.811587 0.0 0.0 0.0 0.0
70.6 0.0 -0.964551 0.0 0.0 0.0 0.0
70.8 0.0 -1.835873 0.0 0.0 0.0 0.0
71.0 0.0 -3.119575 0.0 0.0 0.0 0.0
71.2 0.0 -4.14027 0.0 0.0 0.0 0.0
71.4 0.0 -4.435404 0.0 0.0 0.0 0.0
71.6 0.0 -4.107374 0.0 0.0 0.0 0.0
71.8 0.0 -3.468286 0.0 0.0 0.0 0.0
72.0 0.0 -2.7284 0.0 0.0 0.0 0.0
72.2 0.0 -2.02096 0.0 0.0 0.0 0.0
72.4 0.0 -1.413565 0.0 0.0 0.0 0.0
72.6 0.0 -0.902397 0.0 0.0 0.0 0.0
72.8 0.0 -0.52426 0.0 0.0 0.0 0.0
73.0 0.0 -0.341997 0.0 0.0 0.0 0.0
73.2 0.0 -0.373213 0.0 0.0 0.0 0.0
73.4 0.0 -0.894401 0.0 0.0 0.0 0.0
73.6 0.0 -2.066595 0.0 0.0 0.0 0.0
73.8 0.0 -3.477944 0.0 0.0 0.0 0.0
74.0 0.0 -4.525013 0.0 0.0 0.0 0.0
74.2 0.0 -4.816486 0.0 0.0 0.0 0.0
74.4 0.0 -4.442753 0.0 0.0 0.0 0.0
74.6 0.0 -3.745785 0.0 0.0 0.0 0.0
74.8 0.0 -2.967388 0.0 0.0 0.0 0.0
75.0 0.0 -2.238612 0.0 0.0 0.0 0.0
75.2 0.0 -1.617601 0.0 0.0 0.0 0.0
75.4 0.0 -1.114193 0.0 0.0 0.0 0.0
75.6 0.0 -0.690275 0.0 0.0 0.0 0.0
75.8 0.0 -0.341251 0.0 0.0 0.0 0.0
76.0 0.0 -0.160813 0.0 0.0 0.0 0.0
76.2 0.0 -0.16906 0.0 0.0 0.0 0.0
76.4 0.0 -0.236596 0.0 0.0 0.0 0.0
76.6 0.0 -0.365676 0.0 0.0 0.0 0.0
76.8 0.0 -0.700883 0.0 0.0 0.0 0.0
77.0 0.0 -1.099509 0.0 0.0 0.0 0.0
77.2 0.0 -1.278989 0.0 0.0 0.0 0.0
77.4 0.0 -1.176048 0.0 0.0 0.0 0.0
77.6 0.0 -0.841207 0.0 0.0 0.0 0.0
77.8 0.0 -0.319063 0.0 0.0 0.0 0.0
78.0 0.0 0.33275 0.0 0.0 0.0 0.0
78.2 0.0 1.021873 0.0 0.0 0.0 0.0
78.4 0.0 1.701013 0.0 0.0 0.0 0.0
78.6 0.0 2.349794 0.0 0.0 0.0 0.0
78.8 0.0 2.884403 0.0 0.0 0.0 0.0
79.0 0.0 3.19901 0.0 0.0 0.0 0.0
79.2 0.0 3.1983 0.0 0.0 0.0 0.0
79.4 0.0 2.831891 0.0 0.0 0.0 0.0
79.6 0.0 2.162924 0.0 0.0 0.0 0.0
79.8 0.0 1.357075 0.0 0.0 0.0 0.0
80.0 0.0 0.602006 0.0 0.0 0.0 0.0
80.2 0.0 0.102294 0.0 0.0 0.0 0.0
80.4 0.0 0.033334 0.0 0.0 0.0 0.0
80.6 0.0 0.389407 0.0 0.0 0.0 0.0
80.8 0.0 1.001411 0.0 0.0 0.0 0.0
81.0 0.0 1.567007 0.0 0.0 0.0 0.0
81.2 0.0 1.897465 0.0 0.0 0.0 0.0
81.4 0.0 2.155126 0.0 0.0 0.0 0.0
81.6 0.0 2.536402 0.0 0.0 0.0 0.0
81.8 0.0 3.000513 0.0 0.0 0.0 0.0
82.0 0.0 3.42441 0.0 0.0 0.0 0.0
82.2 0.0 3.757814 0.0 0.0 0.0 0.0
82.4 0.0 4.003549 0.0 0.0 0.0 0.0
82.6 0.0 4.181008 0.0 0.0 0.0 0.0
82.8 0.0 4.305957 0.0 0.0 0.0 0.0
83.0 0.0 4.400468 0.0 0.0 0.0 0.0
83.2 0.0 4.342929 0.0 0.0 0.0 0.0
83.4 0.0 3.93834 0.0 0.0 0.0 0.0
83.6 0.0 3.203795 0.0 0.0 0.0 0.0
83.8 0.0 2.303195 0.0 0.0 0.0 0.0
84.0 0.0 1.414982 0.0 0.0 0.0 0.0
84.2 0.0 0.715521 0.0 0.0 0.0 0.0
84.4 0.0 0.359362 0.0 0.0 0.0 0.0
84.6 0.0 0.400779 0.0 0.0 0.0 0.0
84.8 0.0 0.775559 0.0 0.0 0.0 0.0
85.0 0.0 1.372445 0.0 0.0 0.0 0.0
85.2 0.0 2.052989 0.0 0.0 0.0 0.0
85.4 0.0 2.708222 0.0 0.0 0.0 0.0
85.6 0.0 3.31631 0.0 0.0 0.0 0.0
85.8 0.0 3.842182 0.0 0.0 0.0 0.0
86.0 0.0 4.22887 0.0 0.0 0.0 0.0
86.2 0.0 4.473394 0.0 0.0 0.0 0.0
86.4 0.0 4.620912 0.0 0.0 0.0 0.0
86.6 0.0 4.731327 0.0 0.0 0.0 0.0
86.8 0.0 4.705459 0.0 0.0 0.0 0.0
87.0 0.0 4.328438 0.0 0.0 0.0 0.0
87.2 0.0 3.50805 0.0 0.0 0.0 0.0
87.4 0.0 2.367503 0.0 0.0 0.0 0.0
87.6 0.0 1.195948 0.0 0.0 0.0 0.0
87.8 0.0 0.230754 0.0 0.0 0.0 0.0
88.0 0.0 -0.35208 0.0 0.0 0.0 0.0
88.2 0.0 -0.455946 0.0 0.0 0.0 0.0
88.4 0.0 -0.171746 0.0 0.0 0.0 0.0
88.6 0.0 0.335055 0.0 0.0 0.0 0.0
88.8 0.0 0.929539 0.0 0.0 0.0 0.0
89.0 0.0 1.586877 0.0 0.0 0.0 0.0
89.2 0.0 2.308643 0.0 0.0 0.0 0.0
89.4 0.0 2.993146 0.0 0.0 0.0 0.0
89.6 0.0 3.546543 0.0 0.0 0.0 0.0
89.8 0.0 3.944435 0.0 0.0 0.0 0.0
90.0 0.0 4.206419 0.0 0.0 0.0 0.0
90.2 0.0 4.292334 0.0 0.0 0.0 0.0
90.4 0.0 4.018439 0.0 0.0 0.0 0.0
90.6 0.0 3.27006 0.0 0.0 0.0 0.0
90.8 0.0 2.18352 0.0 0.0 0.0 0.0
91.0 0.0 1.066697 0.0 0.0 0.0 0.0
91.2 0.0 0.003865 0.0 0.0 0.0 0.0
91.4 0.0 -0.962209 0.0 0.0 0.0 0.0
91.6 0.0 -1.565055 0.0 0.0 0.0 0.0
91.8 0.0 -1.688476 0.0 0.0 0.0 0.0
92.0 0.0 -1.442132 0.0 0.0 0.0 0.0
92.2 0.0 -0.999191 0.0 0.0 0.0 0.0
92.4 0.0 -0.495219 0.0 0.0 0.0 0.0
92.6 0.0 0.03689 0.0 0.0 0.0 0.0
92.8 0.0 0.592214 0.0 0.0 0.0 0.0
93.0 0.0 1.081351 0.0 0.0 0.0 0.0
93.2 0.0 1.429357 0.0 0.0 0.0 0.0
93.4 0.0 1.533478 0.0 0.0 0.0 0.0
93.6 0.0 1.278901 0.0 0.0 0.0 0.0
93.8 0.0 0.738952 0.0 0.0 0.0 0.0
94.0 0.0 -0.168014 0.0 0.0 0.0 0.0
94.2 0.0 -1.587253 0.0 0.0 0.0 0.0
94.4 0.0 -3.13208 0.0 0.0 0.0 0.0
94.6 0.0 -4.066687 0.0 0.0 0.0 0.0
94.8 0.0 -4.099548 0.0 0.0 0.0 0.0
95.0 0.0 -3.53289 0.0 0.0 0.0 0.0
95.2 0.0 -2.734535 0.0 0.0 0.0 0.0
95.4 0.0 -1.953738 0.0 0.0 0.0 0.0
95.6 0.0 -1.294235 0.0 0.0 0.0 0.0
95.8 0.0 -0.797219 0.0 0.0 0.0 0.0
96.0 0.0 -0.492497 0.0 0.0 0.0 0.0
96.2 0.0 -0.357771 0.0 0.0 0.0 0.0
96.4 0.0 -0.542741 0.0 0.0 0.0 0.0
96.6 0.0 -1.39042 0.0 0.0 0.0 0.0
96.8 0.0 -2.862894 0.0 0.0 0.0 0.0
97.0 0.0 -4.430587 0.0 0.0 0.0 0.0
97.2 0.0 -5.434467 0.0 0.0 0.0 0.0
97.4 0.0 -5.497603 0.0 0.0 0.0 0.0
97.6 0.0 -4.820756 0.0 0.0 0.0 0.0
97.8 0.0 -3.840011 0.0 0.0 0.0 0.0
98.0 0.0 -2.861272 0.0 0.0 0.0 0.0
98.2 0.0 -2.04078 0.0 0.0 0.0 0.0
98.4 0.0 -1.412535 0.0 0.0 0.0 0.0
98.6 0.0 -0.948269 0.0 0.0 0.0 0.0
98.8 0.0 -0.794844 0.0 0.0 0.0 0.0
99.0 0.0 -1.332407 0.0 0.0 0.0 0.0
99.2 0.0 -2.581509 0.0 0.0 0.0 0.0
99.4 0.0 -3.997412 0.0 0.0 0.0 0.0
99.6 0.0 -4.857051 0.0 0.0 0.0 0.0
99.8 0.0 -4.848868 0.0 0.0 0.0 0.0
100.0 0.0 -4.276019 0.0 0.0 0.0 0.0
100.2 0.0 -3.510357 0.0 0.0 0.0 0.0
100.4 0.0 -2.742498 0.0 0.0 0.0 0.0
100.6 0.0 -2.064324 0.0 0.0 0.0 0.0
100.8 0.0 -1.509696 0.0 0.0 0.0 0.0
101.0 0.0 -1.060757 0.0 0.0 0.0 0.0
101.2 0.0 -0.724602 0.0 0.0 0.0 0.0
101.4 0.0 -0.582671 0.0 0.0 0.0 0.0
101.6 0.0 -0.964282 0.0 0.0 0.0 0.0
101.8 0.0 -2.049143 0.0 0.0 0.0 0.0
102.0 0.0 -3.401284 0.0 0.0 0.0 0.0
102.2 0.0 -4.269304 0.0 0.0 0.0 0.0
102.4 0.0 -4.323238 0.0 0.0 0.0 0.0
102.6 0.0 -3.829619 0.0 0.0 0.0 0.0
102.8 0.0 -3.105389 0.0 0.0 0.0 0.0
103.0 0.0 -2.366054 0.0 0.0 0.0 0.0
103.2 0.0 -1.727902 0.0 0.0 0.0 0.0
103.4 0.0 -1.215092 0.0 0.0 0.0 0.0
103.6 0.0 -0.806547 0.0 0.0 0.0 0.0
103.8 0.0 -0.451962 0.0 0.0 0.0 0.0
104.0 0.0 -0.149114 0.0 0.0 0.0 0.0
104.2 0.0 -0.000999 0.0 0.0 0.0 0.0
104.4 0.0 -0.035037 0.0 0.0 0.0 0.0
104.6 0.0 -0.213328 0.0 0.0 0.0 0.0
104.8 0.0 -0.717776 0.0 0.0 0.0 0.0
105.0 0.0 -1.469144 0.0 0.0 0.0 0.0
105.2 0.0 -2.048984 0.0 0.0 0.0 0.0
105.4 0.0 -2.318213 0.0 0.0 0.0 0.0
105.6 0.0 -2.332666 0.0 0.0 0.0 0.0
105.8 0.0 -2.141409 0.0 0.0 0.0 0.0
106.0 0.0 -1.783912 0.0 0.0 0.0 0.0
106.2 0.0 -1.324455 0.0 0.0 0.0 0.0
106.4 0.0 -0.844842 0.0 0.0 0.0 0.0
106.6 0.0 -0.412401 0.0 0.0 0.0 0.0
106.8 0.0 -0.035068 0.0 0.0 0.0 0.0
107.0 0.0 0.345624 0.0 0.0 0.0 0.0
107.2 0.0 0.679534 0.0 0.0 0.0 0.0
107.4 0.0 0.786617 0.0 0.0 0.0 0.0
107.6 0.0 0.604715 0.0 0.0 0.0 0.0
107.8 0.0 0.266451 0.0 0.0 0.0 0.0
108.0 0.0 -0.052981 0.0 0.0 0.0 0.0
108.2 0.0 -0.389924 0.0 0.0 0.0 0.0
108.4 0.0 -0.744583 0.0 0.0 0.0 0.0
108.6 0.0 -0.929343 0.0 0.0 0.0 0.0
108.8 0.0 -0.880462 0.0 0.0 0.0 0.0
109.0 0.0 -0.658607 0.0 0.0 0.0 0.0
109.2 0.0 -0.349801 0.0 0.0 0.0 0.0
109.4 0.0 -0.006019 0.0 0.0 0.0 0.0
109.6 0.0 0.40517 0.0 0.0 0.0 0.0
109.8 0.0 0.853487 0.0 0.0 0.0 0.0
110.0 0.0 1.242587 0.0 0.0 0.0 0.0
110.2 0.0 1.493276 0.0 0.0 0.0 0.0
110.4 0.0 1.520808 0.0 0.0 0.0 0.0
110.6 0.0 1.318427 0.0 0.0 0.0 0.0
110.8 0.0 1.000312 0.0 0.0 0.0 0.0
111.0 0.0 0.740644 0.0 0.0 0.0 0.0
111.2 0.0 0.694469 0.0 0.0 0.0 0.0
111.4 0.0 0.900503 0.0 0.0 0.0 0.0
111.6 0.0 1.220844 0.0 0.0 0.0 0.0
111.8 0.0 1.535197 0.0 0.0 0.0 0.0
112.0 0.0 1.877921 0.0 0.0 0.0 0.0
112.2 0.0 2.3265 0.0 0.0 0.0 0.0
112.4 0.0 2.853648 0.0 0.0 0.0 0.0
112.6 0.0 3.338393 0.0 0.0 0.0 0.0
112.8 0.0 3.718322 0.0 0.0 0.0 0.0
113.0 0.0 3.999019 0.0 0.0 0.0 0.0
113.2 0.0 4.097916 0.0 0.0 0.0 0.0
113.4 0.0 3.927192 0.0 0.0 0.0 0.0
113.6 0.0 3.533995 0.0 0.0 0.0 0.0
113.8 0.0 2.986014 0.0 0.0 0.0 0.0
114.0 0.0 2.36542 0.0 0.0 0.0 0.0
114.2 0.0 1.869552 0.0 0.0 0.0 0.0
114.4 0.0 1.706629 0.0 0.0 0.0 0.0
114.6 0.0 1.933489 0.0 0.0 0.0 0.0
114.8 0.0 2.34985 0.0 0.0 0.0 0.0
115.0 0.0 2.795952 0.0 0.0 0.0 0.0
115.2 0.0 3.29727 0.0 0.0 0.0 0.0
115.4 0.0 3.785998 0.0 0.0 0.0 0.0
115.6 0.0 4.166897 0.0 0.0 0.0 0.0
115.8 0.0 4.421782 0.0 0.0 0.0 0.0
116.0 0.0 4.618502 0.0 0.0 0.0 0.0
116.2 0.0 4.793498 0.0 0.0 0.0 0.0
116.4 0.0 4.857692 0.0 0.0 0.0 0.0
116.6 0.0 4.717914 0.0 0.0 0.0 0.0
116.8 0.0 4.331781 0.0 0.0 0.0 0.0
117.0 0.0 3.808581 0.0 0.0 0.0 0.0
117.2 0.0 3.262801 0.0 0.0 0.0 0.0
117.4 0.0 2.78711 0.0 0.0 0.0 0.0
117.6 0.0 2.563046 0.0 0.0 0.0 0.0
117.8 0.0 2.690435 0.0 0.0 0.0 0.0
118.0 0.0 3.071156 0.0 0.0 0.0 0.0
118.2 0.0 3.511722 0.0 0.0 0.0 0.0
118.4 0.0 3.928987 0.0 0.0 0.0 0.0
118.6 0.0 4.277001 0.0 0.0 0.0 0.0
118.8 0.0 4.510603 0.0 0.0 0.0 0.0
119.0 0.0 4.635544 0.0 0.0 0.0 0.0
119.2 0.0 4.702087 0.0 0.0 0.0 0.0
119.4 0.0 4.801361 0.0 0.0 0.0 0.0
119.6 0.0 4.93749 0.0 0.0 0.0 0.0
119.8 0.0 4.960022 0.0 0.0 0.0 0.0
120.0 0.0 4.688532 0.0 0.0 0.0 0.0
