0.0 0.0 0.0 0.0 0.0 0.0 0.0
0.02 0.0 3.3e-05 0.0 0.0 0.0 0.0
0.04 0.0 0.000191 0.0 0.0 0.0 0.0
0.06 0.0 0.00058 0.0 0.0 0.0 0.0
0.08 0.0 0.001281 0.0 0.0 0.0 0.0
0.1 0.0 0.002354 0.0 0.0 0.0 0.0
0.12 0.0 0.003837 0.0 0.0 0.0 0.0
0.14 0.0 0.005755 0.0 0.0 0.0 0.0
0.16 0.0 0.008128 0.0 0.0 0.0 0.0
0.18 0.0 0.010985 0.0 0.0 0.0 0.0
0.2 0.0 0.014367 0.0 0.0 0.0 0.0
0.22 0.0 0.018324 0.0 0.0 0.0 0.0
0.24 0.0 0.02291 0.0 0.0 0.0 0.0
0.26 0.0 0.028187 0.0 0.0 0.0 0.0
0.28 0.0 0.034216 0.0 0.0 0.0 0.0
0.3 0.0 0.041061 0.0 0.0 0.0 0.0
0.32 0.0 0.048785 0.0 0.0 0.0 0.0
0.34 0.0 0.057454 0.0 0.0 0.0 0.0
0.36 0.0 0.06713 0.0 0.0 0.0 0.0
0.38 0.0 0.07788 0.0 0.0 0.0 0.0
0.4 0.0 0.089769 0.0 0.0 0.0 0.0
0.42 0.0 0.102864 0.0 0.0 0.0 0.0
0.44 0.0 0.117235 0.0 0.0 0.0 0.0
0.46 0.0 0.13295 0.0 0.0 0.0 0.0
0.48 0.0 0.150082 0.0 0.0 0.0 0.0
0.5 0.0 0.168705 0.0 0.0 0.0 0.0
0.52 0.0 0.188894 0.0 0.0 0.0 0.0
0.54 0.0 0.210727 0.0 0.0 0.0 0.0
0.56 0.0 0.234283 0.0 0.0 0.0 0.0
0.58 0.0 0.259641 0.0 0.0 0.0 0.0
0.6 0.0 0.286883 0.0 0.0 0.0 0.0
0.62 0.0 0.316091 0.0 0.0 0.0 0.0
0.64 0.0 0.347348 0.0 0.0 0.0 0.0
0.66 0.0 0.380737 0.0 0.0 0.0 0.0
0.68 0.0 0.41634 0.0 0.0 0.0 0.0
0.7 0.0 0.454241 0.0 0.0 0.0 0.0
0.72 0.0 0.49452 0.0 0.0 0.0 0.0
0.74 0.0 0.53726 0.0 0.0 0.0 0.0
0.76 0.0 0.582539 0.0 0.0 0.0 0.0
0.78 0.0 0.630437 0.0 0.0 0.0 0.0
0.8 0.0 0.681029 0.0 0.0 0.0 0.0
0.82 0.0 0.734392 0.0 0.0 0.0 0.0
0.84 0.0 0.790598 0.0 0.0 0.0 0.0
0.86 0.0 0.849717 0.0 0.0 0.0 0.0
0.88 0.0 0.911819 0.0 0.0 0.0 0.0
0.9 0.0 0.976972 0.0 0.0 0.0 0.0
0.92 0.0 1.045236 0.0 0.0 0.0 0.0
0.94 0.0 1.116675 0.0 0.0 0.0 0.0
0.96 0.0 1.191349 0.0 0.0 0.0 0.0
0.98 0.0 1.269312 0.0 0.0 0.0 0.0
1.0 0.0 1.350621 0.0 0.0 0.0 0.0
1.02 0.0 1.435323 0.0 0.0 0.0 0.0
1.04 0.0 1.523471 0.0 0.0 0.0 0.0
1.06 0.0 1.61511 0.0 0.0 0.0 0.0
1.08 0.0 1.710283 0.0 0.0 0.0 0.0
1.1 0.0 1.809034 0.0 0.0 0.0 0.0
1.12 0.0 1.911398 0.0 0.0 0.0 0.0
1.14 0.0 2.017415 0.0 0.0 0.0 0.0
1.16 0.0 2.127118 0.0 0.0 0.0 0.0
1.18 0.0 2.24054 0.0 0.0 0.0 0.0
1.2 0.0 2.357712 0.0 0.0 0.0 0.0
1.22 0.0 2.478665 0.0 0.0 0.0 0.0
1.24 0.0 2.603428 0.0 0.0 0.0 0.0
1.26 0.0 2.732031 0.0 0.0 0.0 0.0
1.28 0.0 2.864501 0.0 0.0 0.0 0.0
1.3 0.0 3.000867 0.0 0.0 0.0 0.0
1.32 0.0 3.141158 0.0 0.0 0.0 0.0
1.34 0.0 3.285403 0.0 0.0 0.0 0.0
1.36 0.0 3.433688 0.0 0.0 0.0 0.0
1.38 0.0 3.586186 0.0 0.0 0.0 0.0
1.4 0.0 3.743075 0.0 0.0 0.0 0.0
1.42 0.0 3.904454 0.0 0.0 0.0 0.0
1.44 0.0 4.070311 0.0 0.0 0.0 0.0
1.46 0.0 4.240546 0.0 0.0 0.0 0.0
1.48 0.0 4.414957 0.0 0.0 0.0 0.0
1.5 0.0 4.593236 0.0 0.0 0.0 0.0
1.52 0.0 4.77498 0.0 0.0 0.0 0.0
1.54 0.0 4.959708 0.0 0.0 0.0 0.0
1.56 0.0 5.146867 0.0 0.0 0.0 0.0
1.58 0.0 5.335844 0.0 0.0 0.0 0.0
1.6 0.0 5.525983 0.0 0.0 0.0 0.0
1.62 0.0 5.716587 0.0 0.0 0.0 0.0
1.64 0.0 5.906931 0.0 0.0 0.0 0.0
1.66 0.0 6.096266 0.0 0.0 0.0 0.0
1.68 0.0 6.283826 0.0 0.0 0.0 0.0
1.7 0.0 6.468825 0.0 0.0 0.0 0.0
1.72 0.0 6.650467 0.0 0.0 0.0 0.0
1.74 0.0 6.827944 0.0 0.0 0.0 0.0
1.76 0.0 7.00044 0.0 0.0 0.0 0.0
1.78 0.0 7.167135 0.0 0.0 0.0 0.0
1.8 0.0 7.327212 0.0 0.0 0.0 0.0
1.82 0.0 7.479864 0.0 0.0 0.0 0.0
1.84 0.0 7.624317 0.0 0.0 0.0 0.0
1.86 0.0 7.759848 0.0 0.0 0.0 0.0
1.88 0.0 7.885811 0.0 0.0 0.0 0.0
1.9 0.0 8.001647 0.0 0.0 0.0 0.0
1.92 0.0 8.106897 0.0 0.0 0.0 0.0
1.94 0.0 8.201206 0.0 0.0 0.0 0.0
1.96 0.0 8.284316 0.0 0.0 0.0 0.0
1.98 0.0 8.356064 0.0 0.0 0.0 0.0
2.0 0.0 8.416372 0.0 0.0 0.0 0.0
2.02 0.0 8.465232 0.0 0.0 0.0 0.0
2.04 0.0 8.502709 0.0 0.0 0.0 0.0
2.06 0.0 8.528931 0.0 0.0 0.0 0.0
2.08 0.0 8.544083 0.0 0.0 0.0 0.0
2.1 0.0 8.548406 0.0 0.0 0.0 0.0
2.12 0.0 8.542187 0.0 0.0 0.0 0.0
2.14 0.0 8.525761 0.0 0.0 0.0 0.0
2.16 0.0 8.499508 0.0 0.0 0.0 0.0
2.18 0.0 8.463859 0.0 0.0 0.0 0.0
2.2 0.0 8.419297 0.0 0.0 0.0 0.0
2.22 0.0 8.366352 0.0 0.0 0.0 0.0
2.24 0.0 8.30559 0.0 0.0 0.0 0.0
2.26 0.0 8.237606 0.0 0.0 0.0 0.0
2.28 0.0 8.163008 0.0 0.0 0.0 0.0
2.3 0.0 8.082403 0.0 0.0 0.0 0.0
2.32 0.0 7.996389 0.0 0.0 0.0 0.0
2.34 0.0 7.905542 0.0 0.0 0.0 0.0
2.36 0.0 7.810405 0.0 0.0 0.0 0.0
2.38 0.0 7.71149 0.0 0.0 0.0 0.0
2.4 0.0 7.60928 0.0 0.0 0.0 0.0
2.42 0.0 7.50423 0.0 0.0 0.0 0.0
2.44 0.0 7.396765 0.0 0.0 0.0 0.0
2.46 0.0 7.287288 0.0 0.0 0.0 0.0
2.48 0.0 7.176171 0.0 0.0 0.0 0.0
2.5 0.0 7.063761 0.0 0.0 0.0 0.0
2.52 0.0 6.95038 0.0 0.0 0.0 0.0
2.54 0.0 6.83633 0.0 0.0 0.0 0.0
2.56 0.0 6.721891 0.0 0.0 0.0 0.0
2.58 0.0 6.607323 0.0 0.0 0.0 0.0
2.6 0.0 6.492866 0.0 0.0 0.0 0.0
2.62 0.0 6.378741 0.0 0.0 0.0 0.0
2.64 0.0 6.265148 0.0 0.0 0.0 0.0
2.66 0.0 6.152268 0.0 0.0 0.0 0.0
2.68 0.0 6.04025 0.0 0.0 0.0 0.0
2.7 0.0 5.92921 0.0 0.0 0.0 0.0
2.72 0.0 5.819243 0.0 0.0 0.0 0.0
2.74 0.0 5.71042 0.0 0.0 0.0 0.0
2.76 0.0 5.602795 0.0 0.0 0.0 0.0
2.78 0.0 5.496415 0.0 0.0 0.0 0.0
2.8 0.0 5.391315 0.0 0.0 0.0 0.0
2.82 0.0 5.287515 0.0 0.0 0.0 0.0
2.84 0.0 5.185027 0.0 0.0 0.0 0.0
2.86 0.0 5.083846 0.0 0.0 0.0 0.0
2.88 0.0 4.983959 0.0 0.0 0.0 0.0
2.9 0.0 4.885347 0.0 0.0 0.0 0.0
2.92 0.0 4.787988 0.0 0.0 0.0 0.0
2.94 0.0 4.691858 0.0 0.0 0.0 0.0
2.96 0.0 4.596938 0.0 0.0 0.0 0.0
2.98 0.0 4.503206 0.0 0.0 0.0 0.0
3.0 0.0 4.41065 0.0 0.0 0.0 0.0
3.02 0.0 4.319266 0.0 0.0 0.0 0.0
3.04 0.0 4.229044 0.0 0.0 0.0 0.0
3.06 0.0 4.139935 0.0 0.0 0.0 0.0
3.08 0.0 4.051857 0.0 0.0 0.0 0.0
3.1 0.0 3.964749 0.0 0.0 0.0 0.0
3.12 0.0 3.878571 0.0 0.0 0.0 0.0
3.14 0.0 3.79326 0.0 0.0 0.0 0.0
3.16 0.0 3.708716 0.0 0.0 0.0 0.0
3.18 0.0 3.624858 0.0 0.0 0.0 0.0
3.2 0.0 3.541632 0.0 0.0 0.0 0.0
3.22 0.0 3.459024 0.0 0.0 0.0 0.0
3.24 0.0 3.377044 0.0 0.0 0.0 0.0
3.26 0.0 3.295739 0.0 0.0 0.0 0.0
3.28 0.0 3.215185 0.0 0.0 0.0 0.0
3.3 0.0 3.135483 0.0 0.0 0.0 0.0
3.32 0.0 3.056761 0.0 0.0 0.0 0.0
3.34 0.0 2.979163 0.0 0.0 0.0 0.0
3.36 0.0 2.902844 0.0 0.0 0.0 0.0
3.38 0.0 2.827971 0.0 0.0 0.0 0.0
3.4 0.0 2.754711 0.0 0.0 0.0 0.0
3.42 0.0 2.683233 0.0 0.0 0.0 0.0
3.44 0.0 2.613724 0.0 0.0 0.0 0.0
3.46 0.0 2.546424 0.0 0.0 0.0 0.0
3.48 0.0 2.481623 0.0 0.0 0.0 0.0
3.5 0.0 2.419617 0.0 0.0 0.0 0.0
3.52 0.0 2.360701 0.0 0.0 0.0 0.0
3.54 0.0 2.305212 0.0 0.0 0.0 0.0
3.56 0.0 2.253528 0.0 0.0 0.0 0.0
3.58 0.0 2.206029 0.0 0.0 0.0 0.0
3.6 0.0 2.1631 0.0 0.0 0.0 0.0
3.62 0.0 2.125139 0.0 0.0 0.0 0.0
3.64 0.0 2.092567 0.0 0.0 0.0 0.0
3.66 0.0 2.065826 0.0 0.0 0.0 0.0
3.68 0.0 2.045375 0.0 0.0 0.0 0.0
3.7 0.0 2.03167 0.0 0.0 0.0 0.0
3.72 0.0 2.025147 0.0 0.0 0.0 0.0
3.74 0.0 2.026186 0.0 0.0 0.0 0.0
3.76 0.0 2.035076 0.0 0.0 0.0 0.0
3.78 0.0 2.052006 0.0 0.0 0.0 0.0
3.8 0.0 2.077071 0.0 0.0 0.0 0.0
3.82 0.0 2.110296 0.0 0.0 0.0 0.0
3.84 0.0 2.151636 0.0 0.0 0.0 0.0
3.86 0.0 2.201009 0.0 0.0 0.0 0.0
3.88 0.0 2.258304 0.0 0.0 0.0 0.0
3.9 0.0 2.3234 0.0 0.0 0.0 0.0
3.92 0.0 2.396179 0.0 0.0 0.0 0.0
3.94 0.0 2.476527 0.0 0.0 0.0 0.0
3.96 0.0 2.564345 0.0 0.0 0.0 0.0
3.98 0.0 2.659543 0.0 0.0 0.0 0.0
4.0 0.0 2.762033 0.0 0.0 0.0 0.0
4.02 0.0 2.871706 0.0 0.0 0.0 0.0
4.04 0.0 2.988425 0.0 0.0 0.0 0.0
4.06 0.0 3.111996 0.0 0.0 0.0 0.0
4.08 0.0 3.242163 0.0 0.0 0.0 0.0
4.1 0.0 3.378587 0.0 0.0 0.0 0.0
4.12 0.0 3.520838 0.0 0.0 0.0 0.0
4.14 0.0 3.6684 0.0 0.0 0.0 0.0
4.16 0.0 3.820679 0.0 0.0 0.0 0.0
4.18 0.0 3.977015 0.0 0.0 0.0 0.0
4.2 0.0 4.136673 0.0 0.0 0.0 0.0
4.22 0.0 4.298844 0.0 0.0 0.0 0.0
4.24 0.0 4.462647 0.0 0.0 0.0 0.0
4.26 0.0 4.627138 0.0 0.0 0.0 0.0
4.28 0.0 4.791327 0.0 0.0 0.0 0.0
4.3 0.0 4.954199 0.0 0.0 0.0 0.0
4.32 0.0 5.11474 0.0 0.0 0.0 0.0
4.34 0.0 5.271956 0.0 0.0 0.0 0.0
4.36 0.0 5.424891 0.0 0.0 0.0 0.0
4.38 0.0 5.572643 0.0 0.0 0.0 0.0
4.4 0.0 5.714377 0.0 0.0 0.0 0.0
4.42 0.0 5.849348 0.0 0.0 0.0 0.0
4.44 0.0 5.976899 0.0 0.0 0.0 0.0
4.46 0.0 6.096471 0.0 0.0 0.0 0.0
4.48 0.0 6.207593 0.0 0.0 0.0 0.0
4.5 0.0 6.309878 0.0 0.0 0.0 0.0
4.52 0.0 6.403017 0.0 0.0 0.0 0.0
4.54 0.0 6.486777 0.0 0.0 0.0 0.0
4.56 0.0 6.56099 0.0 0.0 0.0 0.0
4.58 0.0 6.62557 0.0 0.0 0.0 0.0
4.6 0.0 6.680507 0.0 0.0 0.0 0.0
4.62 0.0 6.725879 0.0 0.0 0.0 0.0
4.64 0.0 6.761847 0.0 0.0 0.0 0.0
4.66 0.0 6.788649 0.0 0.0 0.0 0.0
4.68 0.0 6.806587 0.0 0.0 0.0 0.0
4.7 0.0 6.816011 0.0 0.0 0.0 0.0
4.72 0.0 6.817299 0.0 0.0 0.0 0.0
4.74 0.0 6.810847 0.0 0.0 0.0 0.0
4.76 0.0 6.797064 0.0 0.0 0.0 0.0
4.78 0.0 6.776361 0.0 0.0 0.0 0.0
4.8 0.0 6.749138 0.0 0.0 0.0 0.0
4.82 0.0 6.715795 0.0 0.0 0.0 0.0
4.84 0.0 6.676712 0.0 0.0 0.0 0.0
4.86 0.0 6.632266 0.0 0.0 0.0 0.0
4.88 0.0 6.582822 0.0 0.0 0.0 0.0
4.9 0.0 6.52874 0.0 0.0 0.0 0.0
4.92 0.0 6.470374 0.0 0.0 0.0 0.0
4.94 0.0 6.408068 0.0 0.0 0.0 0.0
4.96 0.0 6.342162 0.0 0.0 0.0 0.0
4.98 0.0 6.272979 0.0 0.0 0.0 0.0
5.0 0.0 6.200831 0.0 0.0 0.0 0.0
5.02 0.0 6.12601 0.0 0.0 0.0 0.0
5.04 0.0 6.048793 0.0 0.0 0.0 0.0
5.06 0.0 5.969441 0.0 0.0 0.0 0.0
5.08 0.0 5.8882 0.0 0.0 0.0 0.0
5.1 0.0 5.805303 0.0 0.0 0.0 0.0
5.12 0.0 5.72097 0.0 0.0 0.0 0.0
5.14 0.0 5.63541 0.0 0.0 0.0 0.0
5.16 0.0 5.548819 0.0 0.0 0.0 0.0
5.18 0.0 5.461374 0.0 0.0 0.0 0.0
5.2 0.0 5.373241 0.0 0.0 0.0 0.0
5.22 0.0 5.28457 0.0 0.0 0.0 0.0
5.24 0.0 5.195491 0.0 0.0 0.0 0.0
5.26 0.0 5.106122 0.0 0.0 0.0 0.0
5.28 0.0 5.016564 0.0 0.0 0.0 0.0
5.3 0.0 4.926911 0.0 0.0 0.0 0.0
5.32 0.0 4.83725 0.0 0.0 0.0 0.0
5.34 0.0 4.747661 0.0 0.0 0.0 0.0
5.36 0.0 4.658224 0.0 0.0 0.0 0.0
5.38 0.0 4.569014 0.0 0.0 0.0 0.0
5.4 0.0 4.480092 0.0 0.0 0.0 0.0
5.42 0.0 4.391502 0.0 0.0 0.0 0.0
5.44 0.0 4.303272 0.0 0.0 0.0 0.0
5.46 0.0 4.215416 0.0 0.0 0.0 0.0
5.48 0.0 4.127949 0.0 0.0 0.0 0.0
5.5 0.0 4.040876 0.0 0.0 0.0 0.0
5.52 0.0 3.954206 0.0 0.0 0.0 0.0
5.54 0.0 3.86794 0.0 0.0 0.0 0.0
5.56 0.0 3.782075 0.0 0.0 0.0 0.0
5.58 0.0 3.696603 0.0 0.0 0.0 0.0
5.6 0.0 3.611513 0.0 0.0 0.0 0.0
5.62 0.0 3.526798 0.0 0.0 0.0 0.0
5.64 0.0 3.442456 0.0 0.0 0.0 0.0
5.66 0.0 3.358489 0.0 0.0 0.0 0.0
5.68 0.0 3.274905 0.0 0.0 0.0 0.0
5.7 0.0 3.191712 0.0 0.0 0.0 0.0
5.72 0.0 3.108915 0.0 0.0 0.0 0.0
5.74 0.0 3.026517 0.0 0.0 0.0 0.0
5.76 0.0 2.944513 0.0 0.0 0.0 0.0
5.78 0.0 2.862903 0.0 0.0 0.0 0.0
5.8 0.0 2.781697 0.0 0.0 0.0 0.0
5.82 0.0 2.700926 0.0 0.0 0.0 0.0
5.84 0.0 2.620641 0.0 0.0 0.0 0.0
5.86 0.0 2.540906 0.0 0.0 0.0 0.0
5.88 0.0 2.461797 0.0 0.0 0.0 0.0
5.9 0.0 2.383393 0.0 0.0 0.0 0.0
5.92 0.0 2.305774 0.0 0.0 0.0 0.0
5.94 0.0 2.229004 0.0 0.0 0.0 0.0
5.96 0.0 2.15312 0.0 0.0 0.0 0.0
5.98 0.0 2.078134 0.0 0.0 0.0 0.0
6.0 0.0 2.004059 0.0 0.0 0.0 0.0
6.02 0.0 1.930915 0.0 0.0 0.0 0.0
6.04 0.0 1.858748 0.0 0.0 0.0 0.0
6.06 0.0 1.787636 0.0 0.0 0.0 0.0
6.08 0.0 1.717681 0.0 0.0 0.0 0.0
6.1 0.0 1.649013 0.0 0.0 0.0 0.0
6.12 0.0 1.581777 0.0 0.0 0.0 0.0
6.14 0.0 1.516086 0.0 0.0 0.0 0.0
6.16 0.0 1.452036 0.0 0.0 0.0 0.0
6.18 0.0 1.389731 0.0 0.0 0.0 0.0
6.2 0.0 1.329313 0.0 0.0 0.0 0.0
6.22 0.0 1.270962 0.0 0.0 0.0 0.0
6.24 0.0 1.214902 0.0 0.0 0.0 0.0
6.26 0.0 1.161388 0.0 0.0 0.0 0.0
6.28 0.0 1.110716 0.0 0.0 0.0 0.0
6.3 0.0 1.063198 0.0 0.0 0.0 0.0
6.32 0.0 1.019173 0.0 0.0 0.0 0.0
6.34 0.0 0.978995 0.0 0.0 0.0 0.0
6.36 0.0 0.943032 0.0 0.0 0.0 0.0
6.38 0.0 0.911626 0.0 0.0 0.0 0.0
6.4 0.0 0.885055 0.0 0.0 0.0 0.0
6.42 0.0 0.863495 0.0 0.0 0.0 0.0
6.44 0.0 0.84699 0.0 0.0 0.0 0.0
6.46 0.0 0.835462 0.0 0.0 0.0 0.0
6.48 0.0 0.828712 0.0 0.0 0.0 0.0
6.5 0.0 0.826449 0.0 0.0 0.0 0.0
6.52 0.0 0.82832 0.0 0.0 0.0 0.0
6.54 0.0 0.833942 0.0 0.0 0.0 0.0
6.56 0.0 0.842931 0.0 0.0 0.0 0.0
6.58 0.0 0.854909 0.0 0.0 0.0 0.0
6.6 0.0 0.869548 0.0 0.0 0.0 0.0
6.62 0.0 0.886587 0.0 0.0 0.0 0.0
6.64 0.0 0.905858 0.0 0.0 0.0 0.0
6.66 0.0 0.927291 0.0 0.0 0.0 0.0
6.68 0.0 0.95091 0.0 0.0 0.0 0.0
6.7 0.0 0.976819 0.0 0.0 0.0 0.0
6.72 0.0 1.005177 0.0 0.0 0.0 0.0
6.74 0.0 1.036177 0.0 0.0 0.0 0.0
6.76 0.0 1.070023 0.0 0.0 0.0 0.0
6.78 0.0 1.106921 0.0 0.0 0.0 0.0
6.8 0.0 1.147065 0.0 0.0 0.0 0.0
6.82 0.0 1.190634 0.0 0.0 0.0 0.0
6.84 0.0 1.237798 0.0 0.0 0.0 0.0
6.86 0.0 1.288725 0.0 0.0 0.0 0.0
6.88 0.0 1.343606 0.0 0.0 0.0 0.0
6.9 0.0 1.402652 0.0 0.0 0.0 0.0
6.92 0.0 1.466095 0.0 0.0 0.0 0.0
6.94 0.0 1.534184 0.0 0.0 0.0 0.0
6.96 0.0 1.60718 0.0 0.0 0.0 0.0
6.98 0.0 1.685347 0.0 0.0 0.0 0.0
7.0 0.0 1.768962 0.0 0.0 0.0 0.0
7.02 0.0 1.858308 0.0 0.0 0.0 0.0
7.04 0.0 1.95369 0.0 0.0 0.0 0.0
7.06 0.0 2.055417 0.0 0.0 0.0 0.0
7.08 0.0 2.163785 0.0 0.0 0.0 0.0
7.1 0.0 2.279075 0.0 0.0 0.0 0.0
7.12 0.0 2.401539 0.0 0.0 0.0 0.0
7.14 0.0 2.531384 0.0 0.0 0.0 0.0
7.16 0.0 2.668747 0.0 0.0 0.0 0.0
7.18 0.0 2.813686 0.0 0.0 0.0 0.0
7.2 0.0 2.966147 0.0 0.0 0.0 0.0
7.22 0.0 3.12595 0.0 0.0 0.0 0.0
7.24 0.0 3.292769 0.0 0.0 0.0 0.0
7.26 0.0 3.46614 0.0 0.0 0.0 0.0
7.28 0.0 3.645469 0.0 0.0 0.0 0.0
7.3 0.0 3.830062 0.0 0.0 0.0 0.0
7.32 0.0 4.019133 0.0 0.0 0.0 0.0
7.34 0.0 4.211821 0.0 0.0 0.0 0.0
7.36 0.0 4.407185 0.0 0.0 0.0 0.0
7.38 0.0 4.604208 0.0 0.0 0.0 0.0
7.4 0.0 4.801798 0.0 0.0 0.0 0.0
7.42 0.0 4.99878 0.0 0.0 0.0 0.0
7.44 0.0 5.193925 0.0 0.0 0.0 0.0
7.46 0.0 5.385983 0.0 0.0 0.0 0.0
7.48 0.0 5.573738 0.0 0.0 0.0 0.0
7.5 0.0 5.756031 0.0 0.0 0.0 0.0
7.52 0.0 5.931775 0.0 0.0 0.0 0.0
7.54 0.0 6.099975 0.0 0.0 0.0 0.0
7.56 0.0 6.259737 0.0 0.0 0.0 0.0
7.58 0.0 6.410266 0.0 0.0 0.0 0.0
7.6 0.0 6.550874 0.0 0.0 0.0 0.0
7.62 0.0 6.680984 0.0 0.0 0.0 0.0
7.64 0.0 6.800125 0.0 0.0 0.0 0.0
7.66 0.0 6.907932 0.0 0.0 0.0 0.0
7.68 0.0 7.00414 0.0 0.0 0.0 0.0
7.7 0.0 7.088572 0.0 0.0 0.0 0.0
7.72 0.0 7.161139 0.0 0.0 0.0 0.0
7.74 0.0 7.221843 0.0 0.0 0.0 0.0
7.76 0.0 7.270787 0.0 0.0 0.0 0.0
7.78 0.0 7.308179 0.0 0.0 0.0 0.0
7.8 0.0 7.334329 0.0 0.0 0.0 0.0
7.82 0.0 7.349633 0.0 0.0 0.0 0.0
7.84 0.0 7.354553 0.0 0.0 0.0 0.0
7.86 0.0 7.349597 0.0 0.0 0.0 0.0
7.88 0.0 7.335298 0.0 0.0 0.0 0.0
7.9 0.0 7.312198 0.0 0.0 0.0 0.0
7.92 0.0 7.280831 0.0 0.0 0.0 0.0
7.94 0.0 7.241721 0.0 0.0 0.0 0.0
7.96 0.0 7.195373 0.0 0.0 0.0 0.0
7.98 0.0 7.142272 0.0 0.0 0.0 0.0
8.0 0.0 7.082883 0.0 0.0 0.0 0.0
8.02 0.0 7.017653 0.0 0.0 0.0 0.0
8.04 0.0 6.947008 0.0 0.0 0.0 0.0
8.06 0.0 6.87136 0.0 0.0 0.0 0.0
8.08 0.0 6.791099 0.0 0.0 0.0 0.0
8.1 0.0 6.706615 0.0 0.0 0.0 0.0
8.12 0.0 6.618281 0.0 0.0 0.0 0.0
8.14 0.0 6.526462 0.0 0.0 0.0 0.0
8.16 0.0 6.431502 0.0 0.0 0.0 0.0
8.18 0.0 6.333734 0.0 0.0 0.0 0.0
8.2 0.0 6.23347 0.0 0.0 0.0 0.0
8.22 0.0 6.13101 0.0 0.0 0.0 0.0
8.24 0.0 6.026634 0.0 0.0 0.0 0.0
8.26 0.0 5.920615 0.0 0.0 0.0 0.0
8.28 0.0 5.813212 0.0 0.0 0.0 0.0
8.3 0.0 5.70467 0.0 0.0 0.0 0.0
8.32 0.0 5.595224 0.0 0.0 0.0 0.0
8.34 0.0 5.485098 0.0 0.0 0.0 0.0
8.36 0.0 5.374502 0.0 0.0 0.0 0.0
8.38 0.0 5.263635 0.0 0.0 0.0 0.0
8.4 0.0 5.152685 0.0 0.0 0.0 0.0
8.42 0.0 5.041835 0.0 0.0 0.0 0.0
8.44 0.0 4.93126 0.0 0.0 0.0 0.0
8.46 0.0 4.821128 0.0 0.0 0.0 0.0
8.48 0.0 4.711595 0.0 0.0 0.0 0.0
8.5 0.0 4.602803 0.0 0.0 0.0 0.0
8.52 0.0 4.494887 0.0 0.0 0.0 0.0
8.54 0.0 4.387972 0.0 0.0 0.0 0.0
8.56 0.0 4.282175 0.0 0.0 0.0 0.0
8.58 0.0 4.177609 0.0 0.0 0.0 0.0
8.6 0.0 4.074386 0.0 0.0 0.0 0.0
8.62 0.0 3.972614 0.0 0.0 0.0 0.0
8.64 0.0 3.872396 0.0 0.0 0.0 0.0
8.66 0.0 3.773823 0.0 0.0 0.0 0.0
8.68 0.0 3.676968 0.0 0.0 0.0 0.0
8.7 0.0 3.581886 0.0 0.0 0.0 0.0
8.72 0.0 3.488627 0.0 0.0 0.0 0.0
8.74 0.0 3.397235 0.0 0.0 0.0 0.0
8.76 0.0 3.307758 0.0 0.0 0.0 0.0
8.78 0.0 3.220234 0.0 0.0 0.0 0.0
8.8 0.0 3.134693 0.0 0.0 0.0 0.0
8.82 0.0 3.051154 0.0 0.0 0.0 0.0
8.84 0.0 2.969625 0.0 0.0 0.0 0.0
8.86 0.0 2.890105 0.0 0.0 0.0 0.0
8.88 0.0 2.812587 0.0 0.0 0.0 0.0
8.9 0.0 2.737059 0.0 0.0 0.0 0.0
8.92 0.0 2.663508 0.0 0.0 0.0 0.0
8.94 0.0 2.591922 0.0 0.0 0.0 0.0
8.96 0.0 2.522286 0.0 0.0 0.0 0.0
8.98 0.0 2.454586 0.0 0.0 0.0 0.0
9.0 0.0 2.388796 0.0 0.0 0.0 0.0
9.02 0.0 2.32489 0.0 0.0 0.0 0.0
9.04 0.0 2.262838 0.0 0.0 0.0 0.0
9.06 0.0 2.20262 0.0 0.0 0.0 0.0
9.08 0.0 2.144222 0.0 0.0 0.0 0.0
9.1 0.0 2.087596 0.0 0.0 0.0 0.0
9.12 0.0 2.032656 0.0 0.0 0.0 0.0
9.14 0.0 1.979291 0.0 0.0 0.0 0.0
9.16 0.0 1.927407 0.0 0.0 0.0 0.0
9.18 0.0 1.876933 0.0 0.0 0.0 0.0
9.2 0.0 1.827822 0.0 0.0 0.0 0.0
9.22 0.0 1.780054 0.0 0.0 0.0 0.0
9.24 0.0 1.73364 0.0 0.0 0.0 0.0
9.26 0.0 1.688616 0.0 0.0 0.0 0.0
9.28 0.0 1.64503 0.0 0.0 0.0 0.0
9.3 0.0 1.602905 0.0 0.0 0.0 0.0
9.32 0.0 1.562245 0.0 0.0 0.0 0.0
9.34 0.0 1.523067 0.0 0.0 0.0 0.0
9.36 0.0 1.485413 0.0 0.0 0.0 0.0
9.38 0.0 1.449361 0.0 0.0 0.0 0.0
9.4 0.0 1.415005 0.0 0.0 0.0 0.0
9.42 0.0 1.382464 0.0 0.0 0.0 0.0
9.44 0.0 1.351862 0.0 0.0 0.0 0.0
9.46 0.0 1.323321 0.0 0.0 0.0 0.0
9.48 0.0 1.296964 0.0 0.0 0.0 0.0
9.5 0.0 1.272918 0.0 0.0 0.0 0.0
9.52 0.0 1.251307 0.0 0.0 0.0 0.0
9.54 0.0 1.232223 0.0 0.0 0.0 0.0
9.56 0.0 1.215708 0.0 0.0 0.0 0.0
9.58 0.0 1.201748 0.0 0.0 0.0 0.0
9.6 0.0 1.190277 0.0 0.0 0.0 0.0
9.62 0.0 1.181179 0.0 0.0 0.0 0.0
9.64 0.0 1.174303 0.0 0.0 0.0 0.0
9.66 0.0 1.169465 0.0 0.0 0.0 0.0
9.68 0.0 1.166471 0.0 0.0 0.0 0.0
9.7 0.0 1.165121 0.0 0.0 0.0 0.0
9.72 0.0 1.165222 0.0 0.0 0.0 0.0
9.74 0.0 1.166589 0.0 0.0 0.0 0.0
9.76 0.0 1.169062 0.0 0.0 0.0 0.0
9.78 0.0 1.172532 0.0 0.0 0.0 0.0
9.8 0.0 1.176937 0.0 0.0 0.0 0.0
9.82 0.0 1.182285 0.0 0.0 0.0 0.0
9.84 0.0 1.188649 0.0 0.0 0.0 0.0
9.86 0.0 1.196177 0.0 0.0 0.0 0.0
9.88 0.0 1.205077 0.0 0.0 0.0 0.0
9.9 0.0 1.215625 0.0 0.0 0.0 0.0
9.92 0.0 1.228136 0.0 0.0 0.0 0.0
9.94 0.0 1.242959 0.0 0.0 0.0 0.0
9.96 0.0 1.260461 0.0 0.0 0.0 0.0
9.98 0.0 1.281018 0.0 0.0 0.0 0.0
10.0 0.0 1.305002 0.0 0.0 0.0 0.0
10.02 0.0 1.332785 0.0 0.0 0.0 0.0
10.04 0.0 1.364728 0.0 0.0 0.0 0.0
10.06 0.0 1.401202 0.0 0.0 0.0 0.0
10.08 0.0 1.442578 0.0 0.0 0.0 0.0
10.1 0.0 1.489236 0.0 0.0 0.0 0.0
10.12 0.0 1.541564 0.0 0.0 0.0 0.0
10.14 0.0 1.599934 0.0 0.0 0.0 0.0
10.16 0.0 1.664702 0.0 0.0 0.0 0.0
10.18 0.0 1.736189 0.0 0.0 0.0 0.0
10.2 0.0 1.814666 0.0 0.0 0.0 0.0
10.22 0.0 1.90035 0.0 0.0 0.0 0.0
10.24 0.0 1.993399 0.0 0.0 0.0 0.0
10.26 0.0 2.093902 0.0 0.0 0.0 0.0
10.28 0.0 2.201876 0.0 0.0 0.0 0.0
10.3 0.0 2.31726 0.0 0.0 0.0 0.0
10.32 0.0 2.439902 0.0 0.0 0.0 0.0
10.34 0.0 2.569539 0.0 0.0 0.0 0.0
10.36 0.0 2.705775 0.0 0.0 0.0 0.0
10.38 0.0 2.848059 0.0 0.0 0.0 0.0
10.4 0.0 2.995691 0.0 0.0 0.0 0.0
10.42 0.0 3.147834 0.0 0.0 0.0 0.0
10.44 0.0 3.303552 0.0 0.0 0.0 0.0
10.46 0.0 3.46183 0.0 0.0 0.0 0.0
10.48 0.0 3.621611 0.0 0.0 0.0 0.0
10.5 0.0 3.781834 0.0 0.0 0.0 0.0
10.52 0.0 3.941446 0.0 0.0 0.0 0.0
10.54 0.0 4.099429 0.0 0.0 0.0 0.0
10.56 0.0 4.2548 0.0 0.0 0.0 0.0
10.58 0.0 4.406622 0.0 0.0 0.0 0.0
10.6 0.0 4.554015 0.0 0.0 0.0 0.0
10.62 0.0 4.696157 0.0 0.0 0.0 0.0
10.64 0.0 4.8323 0.0 0.0 0.0 0.0
10.66 0.0 4.961762 0.0 0.0 0.0 0.0
10.68 0.0 5.083946 0.0 0.0 0.0 0.0
10.7 0.0 5.198333 0.0 0.0 0.0 0.0
10.72 0.0 5.304493 0.0 0.0 0.0 0.0
10.74 0.0 5.402088 0.0 0.0 0.0 0.0
10.76 0.0 5.490894 0.0 0.0 0.0 0.0
10.78 0.0 5.570811 0.0 0.0 0.0 0.0
10.8 0.0 5.641849 0.0 0.0 0.0 0.0
10.82 0.0 5.704091 0.0 0.0 0.0 0.0
10.84 0.0 5.757669 0.0 0.0 0.0 0.0
10.86 0.0 5.802752 0.0 0.0 0.0 0.0
10.88 0.0 5.839531 0.0 0.0 0.0 0.0
10.9 0.0 5.868213 0.0 0.0 0.0 0.0
10.92 0.0 5.889011 0.0 0.0 0.0 0.0
10.94 0.0 5.902141 0.0 0.0 0.0 0.0
10.96 0.0 5.907826 0.0 0.0 0.0 0.0
10.98 0.0 5.906284 0.0 0.0 0.0 0.0
11.0 0.0 5.897746 0.0 0.0 0.0 0.0
11.02 0.0 5.882447 0.0 0.0 0.0 0.0
11.04 0.0 5.860625 0.0 0.0 0.0 0.0
11.06 0.0 5.832526 0.0 0.0 0.0 0.0
11.08 0.0 5.798391 0.0 0.0 0.0 0.0
11.1 0.0 5.758466 0.0 0.0 0.0 0.0
11.12 0.0 5.712989 0.0 0.0 0.0 0.0
11.14 0.0 5.662207 0.0 0.0 0.0 0.0
11.16 0.0 5.606365 0.0 0.0 0.0 0.0
11.18 0.0 5.54572 0.0 0.0 0.0 0.0
11.2 0.0 5.480533 0.0 0.0 0.0 0.0
11.22 0.0 5.411076 0.0 0.0 0.0 0.0
11.24 0.0 5.33762 0.0 0.0 0.0 0.0
11.26 0.0 5.260439 0.0 0.0 0.0 0.0
11.28 0.0 5.179805 0.0 0.0 0.0 0.0
11.3 0.0 5.095983 0.0 0.0 0.0 0.0
11.32 0.0 5.009241 0.0 0.0 0.0 0.0
11.34 0.0 4.919845 0.0 0.0 0.0 0.0
11.36 0.0 4.828064 0.0 0.0 0.0 0.0
11.38 0.0 4.734166 0.0 0.0 0.0 0.0
11.4 0.0 4.638415 0.0 0.0 0.0 0.0
11.42 0.0 4.541073 0.0 0.0 0.0 0.0
11.44 0.0 4.442394 0.0 0.0 0.0 0.0
11.46 0.0 4.342622 0.0 0.0 0.0 0.0
11.48 0.0 4.241995 0.0 0.0 0.0 0.0
11.5 0.0 4.140751 0.0 0.0 0.0 0.0
11.52 0.0 4.039119 0.0 0.0 0.0 0.0
11.54 0.0 3.937326 0.0 0.0 0.0 0.0
11.56 0.0 3.835591 0.0 0.0 0.0 0.0
11.58 0.0 3.734117 0.0 0.0 0.0 0.0
11.6 0.0 3.633092 0.0 0.0 0.0 0.0
11.62 0.0 3.532688 0.0 0.0 0.0 0.0
11.64 0.0 3.433073 0.0 0.0 0.0 0.0
11.66 0.0 3.334405 0.0 0.0 0.0 0.0
11.68 0.0 3.236835 0.0 0.0 0.0 0.0
11.7 0.0 3.140509 0.0 0.0 0.0 0.0
11.72 0.0 3.045568 0.0 0.0 0.0 0.0
11.74 0.0 2.952144 0.0 0.0 0.0 0.0
11.76 0.0 2.860358 0.0 0.0 0.0 0.0
11.78 0.0 2.770313 0.0 0.0 0.0 0.0
11.8 0.0 2.682094 0.0 0.0 0.0 0.0
11.82 0.0 2.595764 0.0 0.0 0.0 0.0
11.84 0.0 2.511379 0.0 0.0 0.0 0.0
11.86 0.0 2.428986 0.0 0.0 0.0 0.0
11.88 0.0 2.348639 0.0 0.0 0.0 0.0
11.9 0.0 2.270381 0.0 0.0 0.0 0.0
11.92 0.0 2.194254 0.0 0.0 0.0 0.0
11.94 0.0 2.120286 0.0 0.0 0.0 0.0
11.96 0.0 2.0485 0.0 0.0 0.0 0.0
11.98 0.0 1.978918 0.0 0.0 0.0 0.0
12.0 0.0 1.911565 0.0 0.0 0.0 0.0
