0.00000 0.000000
0.20000 0.058230
0.40000 0.315891
0.60000 0.731856
0.80000 1.173177
1.00000 1.561354
1.20000 1.898060
1.40000 2.208513
1.60000 2.442266
1.80000 2.459530
2.00000 2.132378
2.20000 1.333942
2.40000 0.047743
2.60000 -1.563316
2.80000 -3.025968
3.00000 -3.529246
3.20000 -3.029263
3.40000 -1.975265
3.60000 -0.769157
3.80000 0.312097
4.00000 1.143211
4.20000 1.736260
4.40000 2.159734
4.60000 2.465692
4.80000 2.644979
5.00000 2.582117
5.20000 2.064968
5.40000 0.906633
5.60000 -0.815205
5.80000 -2.681057
6.00000 -3.754741
6.20000 -3.584966
6.40000 -2.651237
6.60000 -1.458388
6.80000 -0.300648
7.00000 0.660068
7.20000 1.376241
7.40000 1.888868
7.60000 2.279005
7.80000 2.593153
8.00000 2.788050
8.20000 2.738023
8.40000 2.309010
8.60000 1.363117
8.80000 -0.079065
9.00000 -1.771970
9.20000 -3.113183
9.40000 -3.306247
9.60000 -2.581225
9.80000 -1.501622
10.00000 -0.399345
10.20000 0.543890
10.40000 1.256929
10.60000 1.760809
10.80000 2.158595
11.00000 2.512692
11.20000 2.790693
11.40000 2.894401
11.60000 2.706774
11.80000 2.089804
12.00000 1.028564
12.20000 -0.332766
12.40000 -1.549849
12.60000 -1.909444
12.80000 -1.466251
13.00000 -0.660469
13.20000 0.226470
13.40000 1.052052
13.60000 1.731970
13.80000 2.238970
14.00000 2.625743
14.20000 2.956719
14.40000 3.222675
14.60000 3.315237
14.80000 3.148218
15.00000 2.616703
15.20000 1.663238
15.40000 0.425011
15.60000 -0.877306
15.80000 -1.678278
16.00000 -1.652893
16.20000 -1.108328
16.40000 -0.328328
16.60000 0.512311
16.80000 1.274350
17.00000 1.849738
17.20000 2.172678
17.40000 2.152984
17.60000 1.971611
17.80000 1.985883
18.00000 2.237891
18.20000 2.484295
18.40000 2.482194
18.60000 2.077288
18.80000 1.216679
19.00000 0.029815
19.20000 -0.972527
19.40000 -1.175945
19.60000 -0.742146
19.80000 -0.009929
20.00000 0.790582
20.20000 1.501650
20.40000 2.058682
20.60000 2.485787
20.80000 2.844533
21.00000 3.132387
21.20000 3.250161
21.40000 3.077930
21.60000 2.538224
21.80000 1.599392
22.00000 0.341933
22.20000 -0.885896
22.40000 -1.388501
22.60000 -1.088691
22.80000 -0.365116
23.00000 0.451343
23.20000 1.218454
23.40000 1.870083
23.60000 2.358053
23.80000 2.685235
24.00000 2.912728
24.20000 3.093336
24.40000 3.243400
24.60000 3.268667
24.80000 3.040573
25.00000 2.448533
25.20000 1.485151
25.40000 0.305126
25.60000 -0.618038
25.80000 -0.785218
26.00000 -0.329102
26.20000 0.392196
26.40000 1.118504
26.60000 1.765900
26.80000 2.320354
27.00000 2.762500
27.20000 3.087464
27.40000 3.323290
27.60000 3.474305
27.80000 3.481779
28.00000 3.252270
28.20000 2.660496
28.40000 1.674681
28.60000 0.514016
28.80000 -0.257406
29.00000 -0.318305
29.20000 0.151560
29.40000 0.856787
29.60000 1.558760
29.80000 2.126277
30.00000 2.515422
30.20000 2.770011
30.40000 2.993141
30.60000 3.149897
30.80000 3.069587
31.00000 2.592401
31.20000 1.667736
31.40000 0.454399
31.60000 -0.690760
31.80000 -1.156008
32.00000 -0.830063
32.20000 -0.112266
32.40000 0.648313
32.60000 1.306804
32.80000 1.823476
33.00000 2.197699
33.20000 2.452483
33.40000 2.678715
33.60000 2.915123
33.80000 3.081232
34.00000 3.065774
34.20000 2.781364
34.40000 2.255614
34.60000 1.628785
34.80000 1.263854
35.00000 1.309113
35.20000 1.666788
35.40000 2.156218
35.60000 2.614155
35.80000 2.977503
36.00000 3.267511
36.20000 3.507779
36.40000 3.674537
36.60000 3.671627
36.80000 3.461149
37.00000 2.912097
37.20000 1.820678
37.40000 0.172721
37.60000 -1.611940
37.80000 -2.502217
38.00000 -2.328353
38.20000 -1.573489
38.40000 -0.604793
38.60000 0.351996
38.80000 1.161542
39.00000 1.784125
39.20000 2.265816
39.40000 2.673246
39.60000 3.023462
39.80000 3.309243
40.00000 3.470573
40.20000 3.388500
40.40000 2.988811
40.60000 2.194838
40.80000 0.915004
41.00000 -0.794845
41.20000 -2.627484
41.40000 -3.805263
41.60000 -3.871198
41.80000 -3.039781
42.00000 -1.760396
42.20000 -0.444494
42.40000 0.657839
42.60000 1.501246
42.80000 1.976410
43.00000 1.798400
43.20000 0.775620
43.40000 -0.990418
43.60000 -3.107322
43.80000 -4.789336
44.00000 -5.315824
44.20000 -4.780976
44.40000 -3.574944
44.60000 -2.099571
44.80000 -0.691269
45.00000 0.478634
45.20000 1.238844
45.40000 1.324214
45.60000 0.547215
45.80000 -1.009814
46.00000 -2.968568
46.20000 -4.506256
46.40000 -4.988644
46.60000 -4.535189
46.80000 -3.444983
47.00000 -2.081375
47.20000 -0.780456
47.40000 0.310337
47.60000 1.093194
47.80000 1.333183
48.00000 0.829325
48.20000 -0.461292
48.40000 -2.271343
48.60000 -3.874262
48.80000 -4.553160
49.00000 -4.298986
49.20000 -3.311813
49.40000 -1.984616
49.60000 -0.678637
49.80000 0.420565
50.00000 1.299391
50.20000 1.979768
50.40000 2.409329
50.60000 2.464053
50.80000 2.063389
51.00000 1.085329
51.20000 -0.454359
51.40000 -1.967916
51.60000 -2.592435
51.80000 -2.329862
52.00000 -1.555470
52.20000 -0.600938
52.40000 0.355748
52.60000 1.201045
52.80000 1.871286
53.00000 2.345904
53.20000 2.603275
53.40000 2.589680
53.60000 2.227052
53.80000 1.408056
54.00000 0.104961
54.20000 -1.305452
54.40000 -2.042645
54.60000 -1.925477
54.80000 -1.204638
55.00000 -0.227114
55.20000 0.731644
55.40000 1.521674
55.60000 2.151805
55.80000 2.631976
56.00000 2.861792
56.20000 2.703393
56.40000 2.057551
56.60000 0.876494
56.80000 -0.725791
57.00000 -2.055046
57.20000 -2.342347
57.40000 -1.783004
57.60000 -0.848261
57.80000 0.122021
58.00000 0.996787
58.20000 1.733834
58.40000 2.315063
58.60000 2.736648
58.80000 3.050192
59.00000 3.309752
59.20000 3.444786
59.40000 3.343379
59.60000 2.933112
59.80000 2.169049
60.00000 0.979286
60.20000 -0.557253
60.40000 -1.756118
60.60000 -1.966261
60.80000 -1.430990
61.00000 -0.582502
61.20000 0.312780
61.40000 1.106003
61.60000 1.584867
61.80000 1.594528
62.00000 1.076888
62.20000 0.120603
62.40000 -0.725483
62.60000 -0.909166
62.80000 -0.464014
63.00000 0.342180
63.20000 1.236369
63.40000 2.016384
63.60000 2.473758
63.80000 2.433380
64.00000 1.802289
64.20000 0.577974
64.40000 -1.006280
64.60000 -2.202376
64.80000 -2.396064
65.00000 -1.768933
65.20000 -0.774270
65.40000 0.296319
65.60000 1.269248
65.80000 2.054826
66.00000 2.629184
66.20000 3.010847
66.40000 3.141377
66.60000 2.923535
66.80000 2.263349
67.00000 1.205132
67.20000 0.030815
67.40000 -0.647558
67.60000 -0.576541
67.80000 0.021168
68.00000 0.858466
68.20000 1.696092
68.40000 2.392358
68.60000 2.915337
68.80000 3.252554
69.00000 3.320688
69.20000 3.055666
69.40000 2.443964
69.60000 1.496974
69.80000 0.416216
70.00000 -0.215218
70.20000 -0.148883
70.40000 0.417730
70.60000 1.191794
70.80000 1.940555
71.00000 2.550737
71.20000 3.030937
71.40000 3.400158
71.60000 3.667064
71.80000 3.761913
72.00000 3.616387
72.20000 3.178606
72.40000 2.383870
72.60000 1.138811
72.80000 -0.298211
73.00000 -1.133015
73.20000 -1.075501
73.40000 -0.472371
73.60000 0.369114
73.80000 1.252011
74.00000 2.040668
74.20000 2.659643
74.40000 3.109625
74.60000 3.366309
74.80000 3.320791
75.00000 2.889481
75.20000 1.987511
75.40000 0.636986
75.60000 -0.858288
75.80000 -1.976089
76.00000 -2.484009
76.20000 -2.395736
76.40000 -1.759744
76.60000 -0.781581
76.80000 0.258668
77.00000 1.222968
77.20000 2.044738
77.40000 2.669908
77.60000 2.961973
77.80000 2.815583
78.00000 2.181362
78.20000 1.029956
78.40000 -0.573436
78.60000 -2.178575
78.80000 -2.911831
79.00000 -2.702492
79.20000 -1.912950
79.40000 -0.861052
79.60000 0.204619
79.80000 1.113822
80.00000 1.785809
80.20000 2.263498
80.40000 2.632958
80.60000 2.841215
80.80000 2.791086
81.00000 2.427707
81.20000 1.691839
81.40000 0.544681
81.60000 -0.914724
81.80000 -2.042422
82.00000 -2.219120
82.20000 -1.619125
82.40000 -0.685237
82.60000 0.259995
82.80000 1.034316
83.00000 1.580815
83.20000 1.976594
83.40000 2.304400
83.60000 2.630211
83.80000 2.963695
84.00000 3.268201
84.20000 3.441920
84.40000 3.391963
84.60000 3.058600
84.80000 2.371002
85.00000 1.263997
85.20000 -0.008793
85.40000 -0.762908
85.60000 -0.715321
85.80000 -0.188473
86.00000 0.538066
86.20000 1.289705
86.40000 1.977430
86.60000 2.536026
86.80000 2.977045
87.00000 3.340737
87.20000 3.625153
87.40000 3.822444
87.60000 3.926622
87.80000 3.879177
88.00000 3.602401
88.20000 3.070561
88.40000 2.284551
88.60000 1.222441
88.80000 -0.003620
89.00000 -0.965893
89.20000 -1.108351
89.40000 -0.529020
89.60000 0.351201
89.80000 1.204116
90.00000 1.894242
90.20000 2.431687
90.40000 2.840394
90.60000 3.133791
90.80000 3.346154
91.00000 3.546864
91.20000 3.722107
91.40000 3.760088
91.60000 3.556725
91.80000 3.097315
92.00000 2.308753
92.20000 1.212862
92.40000 0.203539
92.60000 -0.126381
92.80000 0.162022
93.00000 0.709580
93.20000 1.287043
93.40000 1.816780
93.60000 2.283729
93.80000 2.664781
94.00000 2.934359
94.20000 3.068810
94.40000 3.011552
94.60000 2.631900
94.80000 1.867274
95.00000 0.876668
95.20000 0.007614
95.40000 -0.312742
95.60000 -0.067919
95.80000 0.516639
96.00000 1.224864
96.20000 1.872430
96.40000 2.335613
96.60000 2.568223
96.80000 2.670980
97.00000 2.649996
97.20000 2.363156
97.40000 1.605660
97.60000 0.294605
97.80000 -1.382969
98.00000 -2.820844
98.20000 -3.288330
98.40000 -2.754988
98.60000 -1.671832
98.80000 -0.495489
99.00000 0.495623
99.20000 1.261240
99.40000 1.843320
99.60000 2.259036
99.80000 2.507405
100.00000 2.565427
100.20000 2.344285
100.40000 1.687777
100.60000 0.486152
100.80000 -1.055238
101.00000 -2.382205
101.20000 -2.779613
101.40000 -2.282466
101.60000 -1.308782
101.80000 -0.218193
102.00000 0.760922
102.20000 1.496622
102.40000 2.010661
102.60000 2.342336
102.80000 2.389439
103.00000 1.953931
103.20000 0.879894
103.40000 -0.796517
103.60000 -2.721552
103.80000 -4.009197
104.00000 -4.084330
104.20000 -3.200101
104.40000 -1.890794
104.60000 -0.594704
104.80000 0.470010
105.00000 1.284042
105.20000 1.877242
105.40000 2.279488
105.60000 2.502666
105.80000 2.563320
106.00000 2.340486
106.20000 1.553290
106.40000 0.064868
106.60000 -1.888361
106.80000 -3.402146
107.00000 -3.694437
107.20000 -3.010961
107.40000 -1.839670
107.60000 -0.584895
107.80000 0.492324
108.00000 1.267542
108.20000 1.769159
108.40000 2.006117
108.60000 2.086472
108.80000 2.121283
109.00000 2.048750
109.20000 1.600865
109.40000 0.559626
109.60000 -1.032551
109.80000 -2.775302
110.00000 -3.767924
110.20000 -3.604970
110.40000 -2.681324
110.60000 -1.437275
110.80000 -0.211470
111.00000 0.800596
111.20000 1.536272
111.40000 2.055149
111.60000 2.431952
111.80000 2.654122
112.00000 2.627457
112.20000 2.279512
112.40000 1.545493
112.60000 0.378357
112.80000 -1.158531
113.00000 -2.591595
113.20000 -3.094087
113.40000 -2.604253
113.60000 -1.606398
113.80000 -0.492864
114.00000 0.538266
114.20000 1.374759
114.40000 1.978214
114.60000 2.402605
114.80000 2.740255
115.00000 2.955654
115.20000 2.898774
115.40000 2.396458
115.60000 1.351217
115.80000 -0.096078
116.00000 -1.385988
116.20000 -1.800350
116.40000 -1.385697
116.60000 -0.561781
116.80000 0.343111
117.00000 1.152216
117.20000 1.849415
117.40000 2.433206
117.60000 2.894997
117.80000 3.234333
118.00000 3.425104
118.20000 3.348954
118.40000 2.913791
118.60000 2.033980
118.80000 0.669682
119.00000 -0.990322
119.20000 -2.329521
119.40000 -2.753299
119.60000 -2.264450
119.80000 -1.223716
120.00000 -0.039639
