0.00000 0.000000
0.20000 -0.083724
0.40000 -0.592377
0.60000 -1.672483
0.80000 -3.255750
1.00000 -5.223270
1.20000 -7.326482
1.40000 -9.115692
1.60000 -10.025168
1.80000 -9.775949
2.00000 -8.447258
2.20000 -6.454911
2.40000 -4.323039
2.60000 -2.472166
2.80000 -1.125887
3.00000 -0.167844
3.20000 0.542449
3.40000 0.938100
3.60000 0.841395
3.80000 0.164100
4.00000 -1.155705
4.20000 -3.039162
4.40000 -5.320558
4.60000 -7.580094
4.80000 -8.986141
5.00000 -9.043053
5.20000 -7.911638
5.40000 -6.092728
5.60000 -4.114806
5.80000 -2.277956
6.00000 -0.804478
6.20000 0.157239
6.40000 0.774244
6.60000 1.216734
6.80000 1.469211
7.00000 1.507804
7.20000 1.514595
7.40000 1.571770
7.60000 1.598914
7.80000 1.709765
8.00000 1.882355
8.20000 1.828072
8.40000 1.315956
8.60000 0.261791
8.80000 -1.300845
9.00000 -3.242322
9.20000 -5.414119
9.40000 -7.590736
9.60000 -9.212037
9.80000 -9.668005
10.00000 -8.899938
10.20000 -7.319553
10.40000 -5.438545
10.60000 -3.587924
10.80000 -2.030544
11.00000 -0.908440
11.20000 -0.066621
11.40000 0.580427
11.60000 1.022970
11.80000 1.265706
12.00000 1.280767
12.20000 0.891699
12.40000 -0.054843
12.60000 -1.532563
12.80000 -3.461233
13.00000 -5.681112
13.20000 -7.739129
13.40000 -8.882521
13.60000 -8.631156
13.80000 -7.295137
14.00000 -5.387358
14.20000 -3.430432
14.40000 -1.804164
14.60000 -0.558285
14.80000 0.423016
15.00000 1.146292
15.20000 1.585824
15.40000 1.928110
15.60000 2.040535
15.80000 1.581011
16.00000 0.414579
16.20000 -1.361143
16.40000 -3.551253
16.60000 -5.894411
16.80000 -8.091173
17.00000 -9.551528
17.20000 -9.673376
17.40000 -8.509090
17.60000 -6.570800
17.80000 -4.496371
18.00000 -2.696904
18.20000 -1.193281
18.40000 -0.023118
18.60000 0.741724
18.80000 1.265824
19.00000 1.700368
19.20000 2.033924
19.40000 2.062744
19.60000 1.649091
19.80000 0.709836
20.00000 -0.775491
20.20000 -2.754984
20.40000 -5.008613
20.60000 -7.080786
20.80000 -8.190230
21.00000 -7.972010
21.20000 -6.636683
21.40000 -4.814214
21.60000 -2.903864
21.80000 -1.208412
22.00000 0.080055
22.20000 0.954912
22.40000 1.612946
22.60000 2.115720
22.80000 2.380315
23.00000 2.268584
23.20000 1.639572
23.40000 0.429512
23.60000 -1.293324
23.80000 -3.437987
24.00000 -5.790728
24.20000 -7.999813
24.40000 -9.548136
24.60000 -9.869187
24.80000 -8.831773
25.00000 -6.853116
25.20000 -4.573424
25.40000 -2.524271
25.60000 -0.972538
25.80000 0.203266
26.00000 1.066563
26.20000 1.590327
26.40000 1.891040
26.60000 2.121510
26.80000 2.062483
27.00000 1.427696
27.20000 0.119640
27.40000 -1.816560
27.60000 -4.155383
27.80000 -6.559371
28.00000 -8.448080
28.20000 -9.069324
28.40000 -8.217981
28.60000 -6.367307
28.80000 -4.210260
29.00000 -2.304145
29.20000 -0.770428
29.40000 0.421753
29.60000 1.239299
29.80000 1.695352
30.00000 2.026116
30.20000 2.318347
30.40000 2.351569
30.60000 1.900733
30.80000 0.832718
31.00000 -0.814533
31.20000 -2.887574
31.40000 -5.251251
31.60000 -7.694460
31.80000 -9.937699
32.00000 -11.716584
32.20000 -12.620619
32.40000 -12.179104
32.60000 -10.430857
32.80000 -7.964125
33.00000 -5.452817
33.20000 -3.368154
33.40000 -1.715727
33.60000 -0.465688
33.80000 0.377014
34.00000 0.907406
34.20000 1.350007
34.40000 1.707669
34.60000 1.606060
34.80000 0.837062
35.00000 -0.570329
35.20000 -2.481730
35.40000 -4.707393
35.60000 -7.123239
35.80000 -9.484762
36.00000 -11.304960
36.20000 -11.898494
36.40000 -10.966568
36.60000 -9.015263
36.80000 -6.676079
37.00000 -4.412639
37.20000 -2.536274
37.40000 -1.166032
37.60000 -0.119693
37.80000 0.687563
38.00000 1.210925
38.20000 1.566497
38.40000 1.901365
38.60000 2.207094
38.80000 2.311533
39.00000 2.050396
39.20000 1.264774
39.40000 -0.120457
39.60000 -2.050562
39.80000 -4.391580
40.00000 -6.893404
40.20000 -9.196923
40.40000 -10.766493
40.60000 -10.947819
40.80000 -9.714721
41.00000 -7.598930
41.20000 -5.245770
41.40000 -3.152064
41.60000 -1.552330
41.80000 -0.334591
42.00000 0.560289
42.20000 1.128366
42.40000 1.508334
42.60000 1.848538
42.80000 2.144413
43.00000 2.220489
43.20000 1.875410
43.40000 0.966379
43.60000 -0.560404
43.80000 -2.558200
44.00000 -4.811731
44.20000 -7.122646
44.40000 -9.280065
44.60000 -11.169512
44.80000 -12.637597
45.00000 -13.160733
45.20000 -12.333599
45.40000 -10.463523
45.60000 -8.075521
45.80000 -5.746567
46.00000 -3.687894
46.20000 -2.008363
46.40000 -0.777798
46.60000 0.062729
46.80000 0.739489
47.00000 1.297030
47.20000 1.664769
47.40000 1.935567
47.60000 2.229754
47.80000 2.432990
48.00000 2.199294
48.20000 1.387479
48.40000 -0.014260
48.60000 -1.861169
48.80000 -3.976826
49.00000 -6.231807
49.20000 -8.426473
49.40000 -10.373931
49.60000 -12.005603
49.80000 -13.304625
50.00000 -14.020830
50.20000 -13.827021
50.40000 -12.687404
50.60000 -10.798016
50.80000 -8.539228
51.00000 -6.235963
51.20000 -4.208800
51.40000 -2.643986
51.60000 -1.494034
51.80000 -0.557977
52.00000 0.207737
52.20000 0.717934
52.40000 1.122114
52.60000 1.523970
52.80000 1.858750
53.00000 1.857401
53.20000 1.316175
53.40000 0.117312
53.60000 -1.675817
53.80000 -3.840286
54.00000 -6.145079
54.20000 -8.377080
54.40000 -10.316106
54.60000 -11.825434
54.80000 -12.609480
55.00000 -12.254141
55.20000 -10.833589
55.40000 -8.803738
55.60000 -6.608303
55.80000 -4.608506
56.00000 -2.868677
56.20000 -1.470330
56.40000 -0.474014
56.60000 0.241372
56.80000 0.836208
57.00000 1.303925
57.20000 1.581846
57.40000 1.703855
57.60000 1.436538
57.80000 0.624630
58.00000 -0.737377
58.20000 -2.570683
58.40000 -4.698247
58.60000 -6.934258
58.80000 -9.116892
59.00000 -11.071585
59.20000 -12.549309
59.40000 -13.151101
59.60000 -12.743481
59.80000 -11.423829
60.00000 -9.486703
60.20000 -7.244801
60.40000 -5.059698
60.60000 -3.122860
60.80000 -1.579790
61.00000 -0.398441
61.20000 0.390960
61.40000 0.998501
61.60000 1.429724
61.80000 1.703913
62.00000 1.980106
62.20000 2.015915
62.40000 1.587566
62.60000 0.605440
62.80000 -0.961601
63.00000 -2.977048
63.20000 -5.218844
63.40000 -7.418865
63.60000 -9.018537
63.80000 -9.508062
64.00000 -8.779109
64.20000 -7.118213
64.40000 -5.086512
64.60000 -3.140758
64.80000 -1.417918
65.00000 -0.036988
65.20000 0.929767
65.40000 1.556215
65.60000 2.016898
65.80000 2.369102
66.00000 2.552624
66.20000 2.648584
66.40000 2.583454
66.60000 2.088366
66.80000 1.004705
67.00000 -0.645212
67.20000 -2.721721
67.40000 -4.976208
67.60000 -7.207487
67.80000 -9.302604
68.00000 -11.094986
68.20000 -12.364461
68.40000 -12.765556
68.60000 -12.044642
68.80000 -10.355602
69.00000 -8.135363
69.20000 -5.814720
69.40000 -3.757066
69.60000 -2.111560
69.80000 -0.821077
70.00000 0.169647
70.20000 0.916267
70.40000 1.397080
70.60000 1.788824
70.80000 2.161442
71.00000 2.477015
71.20000 2.461292
71.40000 1.825893
71.60000 0.451897
71.80000 -1.528599
72.00000 -3.871948
72.20000 -6.353784
72.40000 -8.779876
72.60000 -10.961537
72.80000 -12.807339
73.00000 -14.347287
73.20000 -15.417830
73.40000 -15.628741
73.60000 -14.832345
73.80000 -13.159238
74.00000 -10.944281
74.20000 -8.519237
74.40000 -6.190797
74.60000 -4.186146
74.80000 -2.644176
75.00000 -1.425413
75.20000 -0.477830
75.40000 0.182504
75.60000 0.595010
75.80000 0.961029
76.00000 1.256382
76.20000 1.102836
76.40000 0.299419
76.60000 -1.186971
76.80000 -3.191992
77.00000 -5.425506
77.20000 -7.707985
77.40000 -9.897780
77.60000 -11.845027
77.80000 -13.516034
78.00000 -15.042789
78.20000 -16.313892
78.40000 -16.751572
78.60000 -16.086391
78.80000 -14.554490
79.00000 -12.516028
79.20000 -10.255573
79.40000 -8.064841
79.60000 -6.095998
79.80000 -4.468950
80.00000 -3.101059
80.20000 -1.964478
80.40000 -1.096841
80.60000 -0.480832
80.80000 0.075861
81.00000 0.604767
81.20000 1.005917
81.40000 1.218740
81.60000 0.983334
81.80000 0.120873
82.00000 -1.320936
82.20000 -3.169769
82.40000 -5.233037
82.60000 -7.327630
82.80000 -9.323018
83.00000 -11.155950
83.20000 -12.742384
83.40000 -13.934629
83.60000 -14.533200
83.80000 -14.278861
84.00000 -13.049301
84.20000 -11.099822
84.40000 -8.857697
84.60000 -6.672161
84.80000 -4.802402
85.00000 -3.236860
85.20000 -1.970936
85.40000 -1.028690
85.60000 -0.380658
85.80000 0.162608
86.00000 0.658037
86.20000 0.885046
86.40000 0.406590
86.60000 -1.035880
86.80000 -3.286897
87.00000 -5.982394
87.20000 -8.801139
87.40000 -11.498245
87.60000 -13.869279
87.80000 -15.524153
88.00000 -16.304741
88.20000 -16.335744
88.40000 -15.856277
88.60000 -15.186285
88.80000 -14.529758
89.00000 -13.995749
89.20000 -13.280994
89.40000 -12.210634
89.60000 -10.831257
89.80000 -9.263450
90.00000 -7.624974
90.20000 -6.007019
90.40000 -4.508396
90.60000 -3.143781
90.80000 -1.913758
91.00000 -0.934981
91.20000 -0.264304
91.40000 0.294784
91.60000 0.791237
91.80000 1.143346
92.00000 1.251857
92.20000 0.907499
92.40000 -0.046544
92.60000 -1.546559
92.80000 -3.354925
93.00000 -5.278498
93.20000 -7.176024
93.40000 -8.943419
93.60000 -10.539677
93.80000 -11.959691
94.00000 -13.188512
94.20000 -14.277971
94.40000 -15.304573
94.60000 -16.169083
94.80000 -16.552478
95.00000 -16.198156
95.20000 -15.082452
95.40000 -13.379936
95.60000 -11.360782
95.80000 -9.296935
96.00000 -7.348790
96.20000 -5.631634
96.40000 -4.141154
96.60000 -2.919929
96.80000 -2.032764
97.00000 -1.354452
97.20000 -0.738977
97.40000 -0.172246
97.60000 0.226921
97.80000 0.249781
98.00000 -0.339360
98.20000 -1.593842
98.40000 -3.322935
98.60000 -5.295364
98.80000 -7.339696
99.00000 -9.320812
99.20000 -11.121010
99.40000 -12.605658
99.60000 -13.243998
99.80000 -12.677205
100.00000 -11.142065
100.20000 -9.093602
100.40000 -6.974566
100.60000 -5.028420
100.80000 -3.355793
101.00000 -2.039559
101.20000 -1.108816
101.40000 -0.353859
101.60000 0.321053
101.80000 0.779254
102.00000 0.633469
102.20000 -0.264930
102.40000 -1.819619
102.60000 -3.763244
102.80000 -5.858066
103.00000 -7.967547
103.20000 -9.949100
103.40000 -11.703498
103.60000 -13.210908
103.80000 -14.420269
104.00000 -14.851594
104.20000 -14.205519
104.40000 -12.691412
104.60000 -10.615310
104.80000 -8.341059
105.00000 -6.148989
105.20000 -4.256753
105.40000 -2.812364
105.60000 -1.748595
105.80000 -0.889752
106.00000 -0.232589
106.20000 0.267531
106.40000 0.695261
106.60000 0.714478
106.80000 0.054631
107.00000 -1.368316
107.20000 -3.323286
107.40000 -5.558617
107.60000 -7.853587
107.80000 -10.012450
108.00000 -11.973548
108.20000 -13.650488
108.40000 -14.851219
108.60000 -15.070846
108.80000 -14.281029
109.00000 -12.767347
109.20000 -10.880915
109.40000 -8.890630
109.60000 -6.963509
109.80000 -5.142160
110.00000 -3.527878
110.20000 -2.190917
110.40000 -1.185206
110.60000 -0.355956
110.80000 0.387751
111.00000 1.021625
111.20000 1.456246
111.40000 1.817486
111.60000 2.098610
111.80000 2.075952
112.00000 1.546225
112.20000 0.440247
112.40000 -1.251672
112.60000 -3.357061
112.80000 -5.613471
113.00000 -7.875305
113.20000 -10.000795
113.40000 -11.861122
113.60000 -13.220933
113.80000 -13.675888
114.00000 -13.029429
114.20000 -11.467967
114.40000 -9.403050
114.60000 -7.214902
114.80000 -5.212613
115.00000 -3.487972
115.20000 -2.094171
115.40000 -1.062948
115.60000 -0.295579
115.80000 0.370624
116.00000 0.939104
116.20000 1.320931
116.40000 1.637855
116.60000 1.866442
116.80000 1.777392
117.00000 1.192988
117.20000 0.099757
117.40000 -1.498201
117.60000 -3.432395
117.80000 -5.471313
118.00000 -7.514907
118.20000 -9.449648
118.40000 -11.192076
118.60000 -12.735135
118.80000 -14.096993
119.00000 -15.259839
119.20000 -16.017705
119.40000 -15.989661
119.60000 -14.940972
119.80000 -13.075964
120.00000 -10.790942
