0.0 0.0 0.0 0.0 0.0 0.0 0.0
0.2 0.0 5e-06 0.0 0.0 0.0 0.0
0.4 0.0 -1.4e-05 0.0 0.0 0.0 0.0
0.6 0.0 -0.000239 0.0 0.0 0.0 0.0
0.8 0.0 0.000178 0.0 0.0 0.0 0.0
1.0 0.0 0.002251 0.0 0.0 0.0 0.0
1.2 0.0 0.005705 0.0 0.0 0.0 0.0
1.4 0.0 0.008607 0.0 0.0 0.0 0.0
1.6 0.0 0.008046 0.0 0.0 0.0 0.0
1.8 0.0 0.001223 0.0 0.0 0.0 0.0
2.0 0.0 -0.008728 0.0 0.0 0.0 0.0
2.2 0.0 -0.010946 0.0 0.0 0.0 0.0
2.4 0.0 0.010699 0.0 0.0 0.0 0.0
2.6 0.0 0.070692 0.0 0.0 0.0 0.0
2.8 0.0 0.17453 0.0 0.0 0.0 0.0
3.0 0.0 0.3107 0.0 0.0 0.0 0.0
3.2 0.0 0.45124 0.0 0.0 0.0 0.0
3.4 0.0 0.56165 0.0 0.0 0.0 0.0
3.6 0.0 0.61658 0.0 0.0 0.0 0.0
3.8 0.0 0.61281 0.0 0.0 0.0 0.0
4.0 0.0 0.56973 0.0 0.0 0.0 0.0
4.2 0.0 0.51893 0.0 0.0 0.0 0.0
4.4 0.0 0.48512 0.0 0.0 0.0 0.0
4.6 0.0 0.473 0.0 0.0 0.0 0.0
4.8 0.0 0.46925 0.0 0.0 0.0 0.0
5.0 0.0 0.45617 0.0 0.0 0.0 0.0
5.2 0.0 0.42567 0.0 0.0 0.0 0.0
5.4 0.0 0.38779 0.0 0.0 0.0 0.0
5.6 0.0 0.36387 0.0 0.0 0.0 0.0
5.8 0.0 0.37113 0.0 0.0 0.0 0.0
6.0 0.0 0.41345 0.0 0.0 0.0 0.0
6.2 0.0 0.47959 0.0 0.0 0.0 0.0
6.4 0.0 0.54807 0.0 0.0 0.0 0.0
6.6 0.0 0.59542 0.0 0.0 0.0 0.0
6.8 0.0 0.60685 0.0 0.0 0.0 0.0
7.0 0.0 0.58005 0.0 0.0 0.0 0.0
7.2 0.0 0.52639 0.0 0.0 0.0 0.0
7.4 0.0 0.46693 0.0 0.0 0.0 0.0
7.6 0.0 0.42217 0.0 0.0 0.0 0.0
7.8 0.0 0.40274 0.0 0.0 0.0 0.0
8.0 0.0 0.40372 0.0 0.0 0.0 0.0
8.2 0.0 0.41125 0.0 0.0 0.0 0.0
8.4 0.0 0.41233 0.0 0.0 0.0 0.0
8.6 0.0 0.40273 0.0 0.0 0.0 0.0
8.8 0.0 0.38556 0.0 0.0 0.0 0.0
9.0 0.0 0.36636 0.0 0.0 0.0 0.0
9.2 0.0 0.34413 0.0 0.0 0.0 0.0
9.4 0.0 0.31369 0.0 0.0 0.0 0.0
9.6 0.0 0.27066 0.0 0.0 0.0 0.0
9.8 0.0 0.21674 0.0 0.0 0.0 0.0
10.0 0.0 0.16126 0.0 0.0 0.0 0.0
10.2 0.0 0.11843 0.0 0.0 0.0 0.0
10.4 0.0 0.097904 0.0 0.0 0.0 0.0
10.6 0.0 0.10553 0.0 0.0 0.0 0.0
10.8 0.0 0.14766 0.0 0.0 0.0 0.0
11.0 0.0 0.233 0.0 0.0 0.0 0.0
11.2 0.0 0.36773 0.0 0.0 0.0 0.0
11.4 0.0 0.54727 0.0 0.0 0.0 0.0
11.6 0.0 0.74616 0.0 0.0 0.0 0.0
11.8 0.0 0.92171 0.0 0.0 0.0 0.0
12.0 0.0 1.0291 0.0 0.0 0.0 0.0
12.2 0.0 1.043 0.0 0.0 0.0 0.0
12.4 0.0 0.97068 0.0 0.0 0.0 0.0
12.6 0.0 0.84982 0.0 0.0 0.0 0.0
12.8 0.0 0.72786 0.0 0.0 0.0 0.0
13.0 0.0 0.64113 0.0 0.0 0.0 0.0
13.2 0.0 0.60096 0.0 0.0 0.0 0.0
13.4 0.0 0.59675 0.0 0.0 0.0 0.0
13.6 0.0 0.6087 0.0 0.0 0.0 0.0
13.8 0.0 0.62015 0.0 0.0 0.0 0.0
14.0 0.0 0.62394 0.0 0.0 0.0 0.0
14.2 0.0 0.62225 0.0 0.0 0.0 0.0
14.4 0.0 0.61854 0.0 0.0 0.0 0.0
14.6 0.0 0.61579 0.0 0.0 0.0 0.0
14.8 0.0 0.61529 0.0 0.0 0.0 0.0
15.0 0.0 0.61657 0.0 0.0 0.0 0.0
15.2 0.0 0.61797 0.0 0.0 0.0 0.0
15.4 0.0 0.61937 0.0 0.0 0.0 0.0
15.6 0.0 0.62059 0.0 0.0 0.0 0.0
15.8 0.0 0.62148 0.0 0.0 0.0 0.0
16.0 0.0 0.62217 0.0 0.0 0.0 0.0
16.2 0.0 0.62358 0.0 0.0 0.0 0.0
16.4 0.0 0.62636 0.0 0.0 0.0 0.0
16.6 0.0 0.63035 0.0 0.0 0.0 0.0
16.8 0.0 0.63361 0.0 0.0 0.0 0.0
17.0 0.0 0.63246 0.0 0.0 0.0 0.0
17.2 0.0 0.62338 0.0 0.0 0.0 0.0
17.4 0.0 0.60574 0.0 0.0 0.0 0.0
17.6 0.0 0.58258 0.0 0.0 0.0 0.0
17.8 0.0 0.56083 0.0 0.0 0.0 0.0
18.0 0.0 0.54887 0.0 0.0 0.0 0.0
18.2 0.0 0.55316 0.0 0.0 0.0 0.0
18.4 0.0 0.57493 0.0 0.0 0.0 0.0
18.6 0.0 0.60901 0.0 0.0 0.0 0.0
18.8 0.0 0.6452 0.0 0.0 0.0 0.0
19.0 0.0 0.67225 0.0 0.0 0.0 0.0
19.2 0.0 0.68265 0.0 0.0 0.0 0.0
19.4 0.0 0.67588 0.0 0.0 0.0 0.0
19.6 0.0 0.65817 0.0 0.0 0.0 0.0
19.8 0.0 0.6388 0.0 0.0 0.0 0.0
20.0 0.0 0.62522 0.0 0.0 0.0 0.0
20.2 0.0 0.62033 0.0 0.0 0.0 0.0
20.4 0.0 0.62203 0.0 0.0 0.0 0.0
20.6 0.0 0.62632 0.0 0.0 0.0 0.0
20.8 0.0 0.63015 0.0 0.0 0.0 0.0
21.0 0.0 0.63244 0.0 0.0 0.0 0.0
21.2 0.0 0.63319 0.0 0.0 0.0 0.0
21.4 0.0 0.63402 0.0 0.0 0.0 0.0
21.6 0.0 0.63561 0.0 0.0 0.0 0.0
21.8 0.0 0.6382 0.0 0.0 0.0 0.0
22.0 0.0 0.64374 0.0 0.0 0.0 0.0
22.2 0.0 0.65023 0.0 0.0 0.0 0.0
22.4 0.0 0.6517 0.0 0.0 0.0 0.0
22.6 0.0 0.6438 0.0 0.0 0.0 0.0
22.8 0.0 0.62969 0.0 0.0 0.0 0.0
23.0 0.0 0.62841 0.0 0.0 0.0 0.0
23.2 0.0 0.67845 0.0 0.0 0.0 0.0
23.4 0.0 0.82495 0.0 0.0 0.0 0.0
23.6 0.0 1.0974 0.0 0.0 0.0 0.0
23.8 0.0 1.4863 0.0 0.0 0.0 0.0
24.0 0.0 1.9373 0.0 0.0 0.0 0.0
24.2 0.0 2.3693 0.0 0.0 0.0 0.0
24.4 0.0 2.7079 0.0 0.0 0.0 0.0
24.6 0.0 2.9164 0.0 0.0 0.0 0.0
24.8 0.0 3.0026 0.0 0.0 0.0 0.0
25.0 0.0 3.0053 0.0 0.0 0.0 0.0
25.2 0.0 2.9678 0.0 0.0 0.0 0.0
25.4 0.0 2.9185 0.0 0.0 0.0 0.0
25.6 0.0 2.8628 0.0 0.0 0.0 0.0
25.8 0.0 2.7894 0.0 0.0 0.0 0.0
26.0 0.0 2.6833 0.0 0.0 0.0 0.0
26.2 0.0 2.5328 0.0 0.0 0.0 0.0
26.4 0.0 2.3365 0.0 0.0 0.0 0.0
26.6 0.0 2.1082 0.0 0.0 0.0 0.0
26.8 0.0 1.8718 0.0 0.0 0.0 0.0
27.0 0.0 1.6522 0.0 0.0 0.0 0.0
27.2 0.0 1.4681 0.0 0.0 0.0 0.0
27.4 0.0 1.3237 0.0 0.0 0.0 0.0
27.6 0.0 1.2101 0.0 0.0 0.0 0.0
27.8 0.0 1.1133 0.0 0.0 0.0 0.0
28.0 0.0 1.0229 0.0 0.0 0.0 0.0
28.2 0.0 0.93653 0.0 0.0 0.0 0.0
28.4 0.0 0.85639 0.0 0.0 0.0 0.0
28.6 0.0 0.78482 0.0 0.0 0.0 0.0
28.8 0.0 0.72092 0.0 0.0 0.0 0.0
29.0 0.0 0.66398 0.0 0.0 0.0 0.0
29.2 0.0 0.61624 0.0 0.0 0.0 0.0
29.4 0.0 0.58106 0.0 0.0 0.0 0.0
29.6 0.0 0.55806 0.0 0.0 0.0 0.0
29.8 0.0 0.54056 0.0 0.0 0.0 0.0
30.0 0.0 0.51712 0.0 0.0 0.0 0.0
30.2 0.0 0.47773 0.0 0.0 0.0 0.0
30.4 0.0 0.41932 0.0 0.0 0.0 0.0
30.6 0.0 0.34634 0.0 0.0 0.0 0.0
30.8 0.0 0.26935 0.0 0.0 0.0 0.0
31.0 0.0 0.20078 0.0 0.0 0.0 0.0
31.2 0.0 0.15157 0.0 0.0 0.0 0.0
31.4 0.0 0.12782 0.0 0.0 0.0 0.0
31.6 0.0 0.12856 0.0 0.0 0.0 0.0
31.8 0.0 0.14621 0.0 0.0 0.0 0.0
32.0 0.0 0.17134 0.0 0.0 0.0 0.0
32.2 0.0 0.19527 0.0 0.0 0.0 0.0
32.4 0.0 0.21291 0.0 0.0 0.0 0.0
32.6 0.0 0.22065 0.0 0.0 0.0 0.0
32.8 0.0 0.21512 0.0 0.0 0.0 0.0
33.0 0.0 0.1943 0.0 0.0 0.0 0.0
33.2 0.0 0.15919 0.0 0.0 0.0 0.0
33.4 0.0 0.11454 0.0 0.0 0.0 0.0
33.6 0.0 0.069472 0.0 0.0 0.0 0.0
33.8 0.0 0.034192 0.0 0.0 0.0 0.0
34.0 0.0 0.016845 0.0 0.0 0.0 0.0
34.2 0.0 0.020138 0.0 0.0 0.0 0.0
34.4 0.0 0.040067 0.0 0.0 0.0 0.0
34.6 0.0 0.067965 0.0 0.0 0.0 0.0
34.8 0.0 0.094824 0.0 0.0 0.0 0.0
35.0 0.0 0.11498 0.0 0.0 0.0 0.0
35.2 0.0 0.1282 0.0 0.0 0.0 0.0
35.4 0.0 0.13945 0.0 0.0 0.0 0.0
35.6 0.0 0.15554 0.0 0.0 0.0 0.0
35.8 0.0 0.17933 0.0 0.0 0.0 0.0
36.0 0.0 0.20971 0.0 0.0 0.0 0.0
36.2 0.0 0.24266 0.0 0.0 0.0 0.0
36.4 0.0 0.2771 0.0 0.0 0.0 0.0
36.6 0.0 0.31643 0.0 0.0 0.0 0.0
36.8 0.0 0.36349 0.0 0.0 0.0 0.0
37.0 0.0 0.4156 0.0 0.0 0.0 0.0
37.2 0.0 0.46356 0.0 0.0 0.0 0.0
37.4 0.0 0.49703 0.0 0.0 0.0 0.0
37.6 0.0 0.51272 0.0 0.0 0.0 0.0
37.8 0.0 0.51578 0.0 0.0 0.0 0.0
38.0 0.0 0.51488 0.0 0.0 0.0 0.0
38.2 0.0 0.51565 0.0 0.0 0.0 0.0
38.4 0.0 0.51817 0.0 0.0 0.0 0.0
38.6 0.0 0.52038 0.0 0.0 0.0 0.0
38.8 0.0 0.5213 0.0 0.0 0.0 0.0
39.0 0.0 0.52171 0.0 0.0 0.0 0.0
39.2 0.0 0.52297 0.0 0.0 0.0 0.0
39.4 0.0 0.52523 0.0 0.0 0.0 0.0
39.6 0.0 0.52693 0.0 0.0 0.0 0.0
39.8 0.0 0.52551 0.0 0.0 0.0 0.0
40.0 0.0 0.5202 0.0 0.0 0.0 0.0
40.2 0.0 0.51328 0.0 0.0 0.0 0.0
40.4 0.0 0.50848 0.0 0.0 0.0 0.0
40.6 0.0 0.50816 0.0 0.0 0.0 0.0
40.8 0.0 0.51073 0.0 0.0 0.0 0.0
41.0 0.0 0.51108 0.0 0.0 0.0 0.0
41.2 0.0 0.50378 0.0 0.0 0.0 0.0
41.4 0.0 0.48687 0.0 0.0 0.0 0.0
41.6 0.0 0.46356 0.0 0.0 0.0 0.0
41.8 0.0 0.44038 0.0 0.0 0.0 0.0
42.0 0.0 0.42481 0.0 0.0 0.0 0.0
42.2 0.0 0.42002 0.0 0.0 0.0 0.0
42.4 0.0 0.42471 0.0 0.0 0.0 0.0
42.6 0.0 0.43613 0.0 0.0 0.0 0.0
42.8 0.0 0.44784 0.0 0.0 0.0 0.0
43.0 0.0 0.45018 0.0 0.0 0.0 0.0
43.2 0.0 0.43802 0.0 0.0 0.0 0.0
43.4 0.0 0.41947 0.0 0.0 0.0 0.0
43.6 0.0 0.42276 0.0 0.0 0.0 0.0
43.8 0.0 0.49126 0.0 0.0 0.0 0.0
44.0 0.0 0.65685 0.0 0.0 0.0 0.0
44.2 0.0 0.93056 0.0 0.0 0.0 0.0
44.4 0.0 1.296 0.0 0.0 0.0 0.0
44.6 0.0 1.7189 0.0 0.0 0.0 0.0
44.8 0.0 2.159 0.0 0.0 0.0 0.0
45.0 0.0 2.5724 0.0 0.0 0.0 0.0
45.2 0.0 2.9079 0.0 0.0 0.0 0.0
45.4 0.0 3.1123 0.0 0.0 0.0 0.0
45.6 0.0 3.1475 0.0 0.0 0.0 0.0
45.8 0.0 3.0131 0.0 0.0 0.0 0.0
46.0 0.0 2.7561 0.0 0.0 0.0 0.0
46.2 0.0 2.4505 0.0 0.0 0.0 0.0
46.4 0.0 2.1635 0.0 0.0 0.0 0.0
46.6 0.0 1.931 0.0 0.0 0.0 0.0
46.8 0.0 1.7528 0.0 0.0 0.0 0.0
47.0 0.0 1.6098 0.0 0.0 0.0 0.0
47.2 0.0 1.4862 0.0 0.0 0.0 0.0
47.4 0.0 1.3757 0.0 0.0 0.0 0.0
47.6 0.0 1.2753 0.0 0.0 0.0 0.0
47.8 0.0 1.1818 0.0 0.0 0.0 0.0
48.0 0.0 1.085 0.0 0.0 0.0 0.0
48.2 0.0 0.98218 0.0 0.0 0.0 0.0
48.4 0.0 0.87826 0.0 0.0 0.0 0.0
48.6 0.0 0.78245 0.0 0.0 0.0 0.0
48.8 0.0 0.703 0.0 0.0 0.0 0.0
49.0 0.0 0.64474 0.0 0.0 0.0 0.0
49.2 0.0 0.60746 0.0 0.0 0.0 0.0
49.4 0.0 0.58726 0.0 0.0 0.0 0.0
49.6 0.0 0.57707 0.0 0.0 0.0 0.0
49.8 0.0 0.56864 0.0 0.0 0.0 0.0
50.0 0.0 0.55289 0.0 0.0 0.0 0.0
50.2 0.0 0.52131 0.0 0.0 0.0 0.0
50.4 0.0 0.47023 0.0 0.0 0.0 0.0
50.6 0.0 0.4037 0.0 0.0 0.0 0.0
50.8 0.0 0.33522 0.0 0.0 0.0 0.0
51.0 0.0 0.28383 0.0 0.0 0.0 0.0
51.2 0.0 0.26677 0.0 0.0 0.0 0.0
51.4 0.0 0.29006 0.0 0.0 0.0 0.0
51.6 0.0 0.34309 0.0 0.0 0.0 0.0
51.8 0.0 0.40347 0.0 0.0 0.0 0.0
52.0 0.0 0.44843 0.0 0.0 0.0 0.0
52.2 0.0 0.46673 0.0 0.0 0.0 0.0
52.4 0.0 0.46208 0.0 0.0 0.0 0.0
52.6 0.0 0.45371 0.0 0.0 0.0 0.0
52.8 0.0 0.45656 0.0 0.0 0.0 0.0
53.0 0.0 0.47154 0.0 0.0 0.0 0.0
53.2 0.0 0.48608 0.0 0.0 0.0 0.0
53.4 0.0 0.48725 0.0 0.0 0.0 0.0
53.6 0.0 0.4793 0.0 0.0 0.0 0.0
53.8 0.0 0.49667 0.0 0.0 0.0 0.0
54.0 0.0 0.58507 0.0 0.0 0.0 0.0
54.2 0.0 0.78376 0.0 0.0 0.0 0.0
54.4 0.0 1.104 0.0 0.0 0.0 0.0
54.6 0.0 1.5206 0.0 0.0 0.0 0.0
54.8 0.0 1.9788 0.0 0.0 0.0 0.0
55.0 0.0 2.4114 0.0 0.0 0.0 0.0
55.2 0.0 2.7522 0.0 0.0 0.0 0.0
55.4 0.0 2.9497 0.0 0.0 0.0 0.0
55.6 0.0 2.9796 0.0 0.0 0.0 0.0
55.8 0.0 2.8546 0.0 0.0 0.0 0.0
56.0 0.0 2.625 0.0 0.0 0.0 0.0
56.2 0.0 2.361 0.0 0.0 0.0 0.0
56.4 0.0 2.1227 0.0 0.0 0.0 0.0
56.6 0.0 1.9428 0.0 0.0 0.0 0.0
56.8 0.0 1.8179 0.0 0.0 0.0 0.0
57.0 0.0 1.7253 0.0 0.0 0.0 0.0
57.2 0.0 1.6453 0.0 0.0 0.0 0.0
57.4 0.0 1.5726 0.0 0.0 0.0 0.0
57.6 0.0 1.5109 0.0 0.0 0.0 0.0
57.8 0.0 1.4679 0.0 0.0 0.0 0.0
58.0 0.0 1.4414 0.0 0.0 0.0 0.0
58.2 0.0 1.4251 0.0 0.0 0.0 0.0
58.4 0.0 1.4122 0.0 0.0 0.0 0.0
58.6 0.0 1.3965 0.0 0.0 0.0 0.0
58.8 0.0 1.3722 0.0 0.0 0.0 0.0
59.0 0.0 1.3357 0.0 0.0 0.0 0.0
59.2 0.0 1.2858 0.0 0.0 0.0 0.0
59.4 0.0 1.2271 0.0 0.0 0.0 0.0
59.6 0.0 1.169 0.0 0.0 0.0 0.0
59.8 0.0 1.1225 0.0 0.0 0.0 0.0
60.0 0.0 1.0947 0.0 0.0 0.0 0.0
60.2 0.0 1.0849 0.0 0.0 0.0 0.0
60.4 0.0 1.0863 0.0 0.0 0.0 0.0
60.6 0.0 1.091 0.0 0.0 0.0 0.0
60.8 0.0 1.0941 0.0 0.0 0.0 0.0
61.0 0.0 1.0944 0.0 0.0 0.0 0.0
61.2 0.0 1.0933 0.0 0.0 0.0 0.0
61.4 0.0 1.0921 0.0 0.0 0.0 0.0
61.6 0.0 1.0918 0.0 0.0 0.0 0.0
61.8 0.0 1.0921 0.0 0.0 0.0 0.0
62.0 0.0 1.092 0.0 0.0 0.0 0.0
62.2 0.0 1.09 0.0 0.0 0.0 0.0
62.4 0.0 1.086 0.0 0.0 0.0 0.0
62.6 0.0 1.0826 0.0 0.0 0.0 0.0
62.8 0.0 1.0833 0.0 0.0 0.0 0.0
63.0 0.0 1.0892 0.0 0.0 0.0 0.0
63.2 0.0 1.0964 0.0 0.0 0.0 0.0
63.4 0.0 1.0938 0.0 0.0 0.0 0.0
63.6 0.0 1.0812 0.0 0.0 0.0 0.0
63.8 0.0 1.0601 0.0 0.0 0.0 0.0
64.0 0.0 1.0264 0.0 0.0 0.0 0.0
64.2 0.0 0.96952 0.0 0.0 0.0 0.0
64.4 0.0 0.88708 0.0 0.0 0.0 0.0
64.6 0.0 0.80439 0.0 0.0 0.0 0.0
64.8 0.0 0.78384 0.0 0.0 0.0 0.0
65.0 0.0 0.90052 0.0 0.0 0.0 0.0
65.2 0.0 1.1924 0.0 0.0 0.0 0.0
65.4 0.0 1.62 0.0 0.0 0.0 0.0
65.6 0.0 2.0726 0.0 0.0 0.0 0.0
65.8 0.0 2.4228 0.0 0.0 0.0 0.0
66.0 0.0 2.5953 0.0 0.0 0.0 0.0
66.2 0.0 2.5997 0.0 0.0 0.0 0.0
66.4 0.0 2.5105 0.0 0.0 0.0 0.0
66.6 0.0 2.4118 0.0 0.0 0.0 0.0
66.8 0.0 2.3496 0.0 0.0 0.0 0.0
67.0 0.0 2.3223 0.0 0.0 0.0 0.0
67.2 0.0 2.3046 0.0 0.0 0.0 0.0
67.4 0.0 2.2713 0.0 0.0 0.0 0.0
67.6 0.0 2.2213 0.0 0.0 0.0 0.0
67.8 0.0 2.1651 0.0 0.0 0.0 0.0
68.0 0.0 2.1135 0.0 0.0 0.0 0.0
68.2 0.0 2.0733 0.0 0.0 0.0 0.0
68.4 0.0 2.0469 0.0 0.0 0.0 0.0
68.6 0.0 2.0289 0.0 0.0 0.0 0.0
68.8 0.0 2.0091 0.0 0.0 0.0 0.0
69.0 0.0 1.9788 0.0 0.0 0.0 0.0
69.2 0.0 1.9387 0.0 0.0 0.0 0.0
69.4 0.0 1.8995 0.0 0.0 0.0 0.0
69.6 0.0 1.8759 0.0 0.0 0.0 0.0
69.8 0.0 1.8764 0.0 0.0 0.0 0.0
70.0 0.0 1.8958 0.0 0.0 0.0 0.0
70.2 0.0 1.9168 0.0 0.0 0.0 0.0
70.4 0.0 1.9206 0.0 0.0 0.0 0.0
70.6 0.0 1.8982 0.0 0.0 0.0 0.0
70.8 0.0 1.8562 0.0 0.0 0.0 0.0
71.0 0.0 1.8113 0.0 0.0 0.0 0.0
71.2 0.0 1.7799 0.0 0.0 0.0 0.0
71.4 0.0 1.7685 0.0 0.0 0.0 0.0
71.6 0.0 1.7721 0.0 0.0 0.0 0.0
71.8 0.0 1.78 0.0 0.0 0.0 0.0
72.0 0.0 1.7842 0.0 0.0 0.0 0.0
72.2 0.0 1.7837 0.0 0.0 0.0 0.0
72.4 0.0 1.7824 0.0 0.0 0.0 0.0
72.6 0.0 1.784 0.0 0.0 0.0 0.0
72.8 0.0 1.7868 0.0 0.0 0.0 0.0
73.0 0.0 1.7849 0.0 0.0 0.0 0.0
73.2 0.0 1.7726 0.0 0.0 0.0 0.0
73.4 0.0 1.7493 0.0 0.0 0.0 0.0
73.6 0.0 1.7199 0.0 0.0 0.0 0.0
73.8 0.0 1.6929 0.0 0.0 0.0 0.0
74.0 0.0 1.676 0.0 0.0 0.0 0.0
74.2 0.0 1.6726 0.0 0.0 0.0 0.0
74.4 0.0 1.6795 0.0 0.0 0.0 0.0
74.6 0.0 1.6897 0.0 0.0 0.0 0.0
74.8 0.0 1.6954 0.0 0.0 0.0 0.0
75.0 0.0 1.691 0.0 0.0 0.0 0.0
75.2 0.0 1.675 0.0 0.0 0.0 0.0
75.4 0.0 1.6504 0.0 0.0 0.0 0.0
75.6 0.0 1.624 0.0 0.0 0.0 0.0
75.8 0.0 1.6028 0.0 0.0 0.0 0.0
76.0 0.0 1.5904 0.0 0.0 0.0 0.0
76.2 0.0 1.586 0.0 0.0 0.0 0.0
76.4 0.0 1.5856 0.0 0.0 0.0 0.0
76.6 0.0 1.5859 0.0 0.0 0.0 0.0
76.8 0.0 1.5871 0.0 0.0 0.0 0.0
77.0 0.0 1.5971 0.0 0.0 0.0 0.0
77.2 0.0 1.6227 0.0 0.0 0.0 0.0
77.4 0.0 1.6496 0.0 0.0 0.0 0.0
77.6 0.0 1.6492 0.0 0.0 0.0 0.0
77.8 0.0 1.6113 0.0 0.0 0.0 0.0
78.0 0.0 1.5805 0.0 0.0 0.0 0.0
78.2 0.0 1.6243 0.0 0.0 0.0 0.0
78.4 0.0 1.7764 0.0 0.0 0.0 0.0
78.6 0.0 1.9712 0.0 0.0 0.0 0.0
78.8 0.0 2.0457 0.0 0.0 0.0 0.0
79.0 0.0 1.8295 0.0 0.0 0.0 0.0
79.2 0.0 1.27 0.0 0.0 0.0 0.0
79.4 0.0 0.49439 0.0 0.0 0.0 0.0
79.6 0.0 -0.25115 0.0 0.0 0.0 0.0
79.8 0.0 -0.74532 0.0 0.0 0.0 0.0
80.0 0.0 -0.91484 0.0 0.0 0.0 0.0
80.2 0.0 -0.84987 0.0 0.0 0.0 0.0
80.4 0.0 -0.71471 0.0 0.0 0.0 0.0
80.6 0.0 -0.63314 0.0 0.0 0.0 0.0
80.8 0.0 -0.63298 0.0 0.0 0.0 0.0
81.0 0.0 -0.67095 0.0 0.0 0.0 0.0
81.2 0.0 -0.69506 0.0 0.0 0.0 0.0
81.4 0.0 -0.69398 0.0 0.0 0.0 0.0
81.6 0.0 -0.6893 0.0 0.0 0.0 0.0
81.8 0.0 -0.71049 0.0 0.0 0.0 0.0
82.0 0.0 -0.75508 0.0 0.0 0.0 0.0
82.2 0.0 -0.80178 0.0 0.0 0.0 0.0
82.4 0.0 -0.81096 0.0 0.0 0.0 0.0
82.6 0.0 -0.74364 0.0 0.0 0.0 0.0
82.8 0.0 -0.58637 0.0 0.0 0.0 0.0
83.0 0.0 -0.36752 0.0 0.0 0.0 0.0
83.2 0.0 -0.14924 0.0 0.0 0.0 0.0
83.4 0.0 0.000585 0.0 0.0 0.0 0.0
83.6 0.0 0.040434 0.0 0.0 0.0 0.0
83.8 0.0 -0.026584 0.0 0.0 0.0 0.0
84.0 0.0 -0.15918 0.0 0.0 0.0 0.0
84.2 0.0 -0.30336 0.0 0.0 0.0 0.0
84.4 0.0 -0.41892 0.0 0.0 0.0 0.0
84.6 0.0 -0.49189 0.0 0.0 0.0 0.0
84.8 0.0 -0.52848 0.0 0.0 0.0 0.0
85.0 0.0 -0.54506 0.0 0.0 0.0 0.0
85.2 0.0 -0.55768 0.0 0.0 0.0 0.0
85.4 0.0 -0.57669 0.0 0.0 0.0 0.0
85.6 0.0 -0.60386 0.0 0.0 0.0 0.0
85.8 0.0 -0.63857 0.0 0.0 0.0 0.0
86.0 0.0 -0.6733 0.0 0.0 0.0 0.0
86.2 0.0 -0.70086 0.0 0.0 0.0 0.0
86.4 0.0 -0.71947 0.0 0.0 0.0 0.0
86.6 0.0 -0.73352 0.0 0.0 0.0 0.0
86.8 0.0 -0.74836 0.0 0.0 0.0 0.0
87.0 0.0 -0.76549 0.0 0.0 0.0 0.0
87.2 0.0 -0.78106 0.0 0.0 0.0 0.0
87.4 0.0 -0.78961 0.0 0.0 0.0 0.0
87.6 0.0 -0.78768 0.0 0.0 0.0 0.0
87.8 0.0 -0.7807 0.0 0.0 0.0 0.0
88.0 0.0 -0.77973 0.0 0.0 0.0 0.0
88.2 0.0 -0.79471 0.0 0.0 0.0 0.0
88.4 0.0 -0.82761 0.0 0.0 0.0 0.0
88.6 0.0 -0.86443 0.0 0.0 0.0 0.0
88.8 0.0 -0.87206 0.0 0.0 0.0 0.0
89.0 0.0 -0.8115 0.0 0.0 0.0 0.0
89.2 0.0 -0.65045 0.0 0.0 0.0 0.0
89.4 0.0 -0.38116 0.0 0.0 0.0 0.0
89.6 0.0 -0.031144 0.0 0.0 0.0 0.0
89.8 0.0 0.33955 0.0 0.0 0.0 0.0
90.0 0.0 0.65606 0.0 0.0 0.0 0.0
90.2 0.0 0.85293 0.0 0.0 0.0 0.0
90.4 0.0 0.89747 0.0 0.0 0.0 0.0
90.6 0.0 0.79811 0.0 0.0 0.0 0.0
90.8 0.0 0.59765 0.0 0.0 0.0 0.0
91.0 0.0 0.35446 0.0 0.0 0.0 0.0
91.2 0.0 0.11984 0.0 0.0 0.0 0.0
91.4 0.0 -0.076393 0.0 0.0 0.0 0.0
91.6 0.0 -0.22584 0.0 0.0 0.0 0.0
91.8 0.0 -0.33786 0.0 0.0 0.0 0.0
92.0 0.0 -0.42696 0.0 0.0 0.0 0.0
92.2 0.0 -0.50392 0.0 0.0 0.0 0.0
92.4 0.0 -0.57494 0.0 0.0 0.0 0.0
92.6 0.0 -0.64368 0.0 0.0 0.0 0.0
92.8 0.0 -0.71143 0.0 0.0 0.0 0.0
93.0 0.0 -0.78314 0.0 0.0 0.0 0.0
93.2 0.0 -0.86242 0.0 0.0 0.0 0.0
93.4 0.0 -0.94978 0.0 0.0 0.0 0.0
93.6 0.0 -1.0429 0.0 0.0 0.0 0.0
93.8 0.0 -1.1379 0.0 0.0 0.0 0.0
94.0 0.0 -1.2303 0.0 0.0 0.0 0.0
94.2 0.0 -1.3171 0.0 0.0 0.0 0.0
94.4 0.0 -1.3955 0.0 0.0 0.0 0.0
94.6 0.0 -1.462 0.0 0.0 0.0 0.0
94.8 0.0 -1.5126 0.0 0.0 0.0 0.0
95.0 0.0 -1.5465 0.0 0.0 0.0 0.0
95.2 0.0 -1.5686 0.0 0.0 0.0 0.0
95.4 0.0 -1.588 0.0 0.0 0.0 0.0
95.6 0.0 -1.613 0.0 0.0 0.0 0.0
95.8 0.0 -1.6451 0.0 0.0 0.0 0.0
96.0 0.0 -1.6774 0.0 0.0 0.0 0.0
96.2 0.0 -1.6982 0.0 0.0 0.0 0.0
96.4 0.0 -1.6997 0.0 0.0 0.0 0.0
96.6 0.0 -1.6848 0.0 0.0 0.0 0.0
96.8 0.0 -1.6652 0.0 0.0 0.0 0.0
97.0 0.0 -1.6544 0.0 0.0 0.0 0.0
97.2 0.0 -1.6585 0.0 0.0 0.0 0.0
97.4 0.0 -1.6736 0.0 0.0 0.0 0.0
97.6 0.0 -1.6896 0.0 0.0 0.0 0.0
97.8 0.0 -1.6977 0.0 0.0 0.0 0.0
98.0 0.0 -1.6943 0.0 0.0 0.0 0.0
98.2 0.0 -1.6817 0.0 0.0 0.0 0.0
98.4 0.0 -1.6643 0.0 0.0 0.0 0.0
98.6 0.0 -1.6448 0.0 0.0 0.0 0.0
98.8 0.0 -1.6237 0.0 0.0 0.0 0.0
99.0 0.0 -1.6018 0.0 0.0 0.0 0.0
99.2 0.0 -1.5821 0.0 0.0 0.0 0.0
99.4 0.0 -1.5676 0.0 0.0 0.0 0.0
99.6 0.0 -1.56 0.0 0.0 0.0 0.0
99.8 0.0 -1.558 0.0 0.0 0.0 0.0
100.0 0.0 -1.5595 0.0 0.0 0.0 0.0
100.2 0.0 -1.5621 0.0 0.0 0.0 0.0
100.4 0.0 -1.5648 0.0 0.0 0.0 0.0
100.6 0.0 -1.5666 0.0 0.0 0.0 0.0
100.8 0.0 -1.5645 0.0 0.0 0.0 0.0
101.0 0.0 -1.5536 0.0 0.0 0.0 0.0
101.2 0.0 -1.5323 0.0 0.0 0.0 0.0
101.4 0.0 -1.5051 0.0 0.0 0.0 0.0
101.6 0.0 -1.4822 0.0 0.0 0.0 0.0
101.8 0.0 -1.4735 0.0 0.0 0.0 0.0
102.0 0.0 -1.4819 0.0 0.0 0.0 0.0
102.2 0.0 -1.501 0.0 0.0 0.0 0.0
102.4 0.0 -1.5184 0.0 0.0 0.0 0.0
102.6 0.0 -1.5236 0.0 0.0 0.0 0.0
102.8 0.0 -1.5139 0.0 0.0 0.0 0.0
103.0 0.0 -1.4947 0.0 0.0 0.0 0.0
103.2 0.0 -1.4761 0.0 0.0 0.0 0.0
103.4 0.0 -1.466 0.0 0.0 0.0 0.0
103.6 0.0 -1.4661 0.0 0.0 0.0 0.0
103.8 0.0 -1.4726 0.0 0.0 0.0 0.0
104.0 0.0 -1.4787 0.0 0.0 0.0 0.0
104.2 0.0 -1.4775 0.0 0.0 0.0 0.0
104.4 0.0 -1.4652 0.0 0.0 0.0 0.0
104.6 0.0 -1.4429 0.0 0.0 0.0 0.0
104.8 0.0 -1.4161 0.0 0.0 0.0 0.0
105.0 0.0 -1.3929 0.0 0.0 0.0 0.0
105.2 0.0 -1.3828 0.0 0.0 0.0 0.0
105.4 0.0 -1.3921 0.0 0.0 0.0 0.0
105.6 0.0 -1.4202 0.0 0.0 0.0 0.0
105.8 0.0 -1.4588 0.0 0.0 0.0 0.0
106.0 0.0 -1.4963 0.0 0.0 0.0 0.0
106.2 0.0 -1.5248 0.0 0.0 0.0 0.0
106.4 0.0 -1.5443 0.0 0.0 0.0 0.0
106.6 0.0 -1.5624 0.0 0.0 0.0 0.0
106.8 0.0 -1.5876 0.0 0.0 0.0 0.0
107.0 0.0 -1.6237 0.0 0.0 0.0 0.0
107.2 0.0 -1.667 0.0 0.0 0.0 0.0
107.4 0.0 -1.7097 0.0 0.0 0.0 0.0
107.6 0.0 -1.7443 0.0 0.0 0.0 0.0
107.8 0.0 -1.7687 0.0 0.0 0.0 0.0
108.0 0.0 -1.7846 0.0 0.0 0.0 0.0
108.2 0.0 -1.795 0.0 0.0 0.0 0.0
108.4 0.0 -1.8029 0.0 0.0 0.0 0.0
108.6 0.0 -1.8143 0.0 0.0 0.0 0.0
108.8 0.0 -1.835 0.0 0.0 0.0 0.0
109.0 0.0 -1.8668 0.0 0.0 0.0 0.0
109.2 0.0 -1.904 0.0 0.0 0.0 0.0
109.4 0.0 -1.9348 0.0 0.0 0.0 0.0
109.6 0.0 -1.95 0.0 0.0 0.0 0.0
109.8 0.0 -1.9499 0.0 0.0 0.0 0.0
110.0 0.0 -1.9457 0.0 0.0 0.0 0.0
110.2 0.0 -1.9503 0.0 0.0 0.0 0.0
110.4 0.0 -1.9686 0.0 0.0 0.0 0.0
110.6 0.0 -1.9943 0.0 0.0 0.0 0.0
110.8 0.0 -2.0167 0.0 0.0 0.0 0.0
111.0 0.0 -2.0282 0.0 0.0 0.0 0.0
111.2 0.0 -2.0296 0.0 0.0 0.0 0.0
111.4 0.0 -2.026 0.0 0.0 0.0 0.0
111.6 0.0 -2.0214 0.0 0.0 0.0 0.0
111.8 0.0 -2.0166 0.0 0.0 0.0 0.0
112.0 0.0 -2.0105 0.0 0.0 0.0 0.0
112.2 0.0 -2.002 0.0 0.0 0.0 0.0
112.4 0.0 -1.9898 0.0 0.0 0.0 0.0
112.6 0.0 -1.973 0.0 0.0 0.0 0.0
112.8 0.0 -1.9492 0.0 0.0 0.0 0.0
113.0 0.0 -1.917 0.0 0.0 0.0 0.0
113.2 0.0 -1.8798 0.0 0.0 0.0 0.0
113.4 0.0 -1.8448 0.0 0.0 0.0 0.0
113.6 0.0 -1.8198 0.0 0.0 0.0 0.0
113.8 0.0 -1.8072 0.0 0.0 0.0 0.0
114.0 0.0 -1.8033 0.0 0.0 0.0 0.0
114.2 0.0 -1.803 0.0 0.0 0.0 0.0
114.4 0.0 -1.8041 0.0 0.0 0.0 0.0
114.6 0.0 -1.8081 0.0 0.0 0.0 0.0
114.8 0.0 -1.8186 0.0 0.0 0.0 0.0
115.0 0.0 -1.8358 0.0 0.0 0.0 0.0
115.2 0.0 -1.8554 0.0 0.0 0.0 0.0
115.4 0.0 -1.8699 0.0 0.0 0.0 0.0
115.6 0.0 -1.8714 0.0 0.0 0.0 0.0
115.8 0.0 -1.855 0.0 0.0 0.0 0.0
116.0 0.0 -1.8219 0.0 0.0 0.0 0.0
116.2 0.0 -1.7776 0.0 0.0 0.0 0.0
116.4 0.0 -1.7313 0.0 0.0 0.0 0.0
116.6 0.0 -1.6936 0.0 0.0 0.0 0.0
116.8 0.0 -1.6736 0.0 0.0 0.0 0.0
117.0 0.0 -1.6748 0.0 0.0 0.0 0.0
117.2 0.0 -1.6932 0.0 0.0 0.0 0.0
117.4 0.0 -1.7175 0.0 0.0 0.0 0.0
117.6 0.0 -1.734 0.0 0.0 0.0 0.0
117.8 0.0 -1.7328 0.0 0.0 0.0 0.0
118.0 0.0 -1.713 0.0 0.0 0.0 0.0
118.2 0.0 -1.6831 0.0 0.0 0.0 0.0
118.4 0.0 -1.6558 0.0 0.0 0.0 0.0
118.6 0.0 -1.6415 0.0 0.0 0.0 0.0
118.8 0.0 -1.6447 0.0 0.0 0.0 0.0
119.0 0.0 -1.6648 0.0 0.0 0.0 0.0
119.2 0.0 -1.6997 0.0 0.0 0.0 0.0
119.4 0.0 -1.7456 0.0 0.0 0.0 0.0
119.6 0.0 -1.8006 0.0 0.0 0.0 0.0
119.8 0.0 -1.8558 0.0 0.0 0.0 0.0
120.0 0.0 -1.8926 0.0 0.0 0.0 0.0
120.2 0.0 -1.8865 0.0 0.0 0.0 0.0
120.4 0.0 -1.8223 0.0 0.0 0.0 0.0
120.6 0.0 -1.7106 0.0 0.0 0.0 0.0
120.8 0.0 -1.5899 0.0 0.0 0.0 0.0
121.0 0.0 -1.5097 0.0 0.0 0.0 0.0
121.2 0.0 -1.5032 0.0 0.0 0.0 0.0
121.4 0.0 -1.5673 0.0 0.0 0.0 0.0
121.6 0.0 -1.6667 0.0 0.0 0.0 0.0
121.8 0.0 -1.7564 0.0 0.0 0.0 0.0
122.0 0.0 -1.8042 0.0 0.0 0.0 0.0
122.2 0.0 -1.807 0.0 0.0 0.0 0.0
122.4 0.0 -1.7863 0.0 0.0 0.0 0.0
122.6 0.0 -1.7722 0.0 0.0 0.0 0.0
122.8 0.0 -1.7891 0.0 0.0 0.0 0.0
123.0 0.0 -1.8463 0.0 0.0 0.0 0.0
123.2 0.0 -1.9338 0.0 0.0 0.0 0.0
123.4 0.0 -2.0237 0.0 0.0 0.0 0.0
123.6 0.0 -2.0854 0.0 0.0 0.0 0.0
123.8 0.0 -2.098 0.0 0.0 0.0 0.0
124.0 0.0 -2.0626 0.0 0.0 0.0 0.0
124.2 0.0 -2.0032 0.0 0.0 0.0 0.0
124.4 0.0 -1.9516 0.0 0.0 0.0 0.0
124.6 0.0 -1.9301 0.0 0.0 0.0 0.0
124.8 0.0 -1.9407 0.0 0.0 0.0 0.0
125.0 0.0 -1.9705 0.0 0.0 0.0 0.0
125.2 0.0 -2.0022 0.0 0.0 0.0 0.0
125.4 0.0 -2.0232 0.0 0.0 0.0 0.0
125.6 0.0 -2.027 0.0 0.0 0.0 0.0
125.8 0.0 -2.0115 0.0 0.0 0.0 0.0
126.0 0.0 -1.9764 0.0 0.0 0.0 0.0
126.2 0.0 -1.9284 0.0 0.0 0.0 0.0
126.4 0.0 -1.8804 0.0 0.0 0.0 0.0
126.6 0.0 -1.8454 0.0 0.0 0.0 0.0
126.8 0.0 -1.8296 0.0 0.0 0.0 0.0
127.0 0.0 -1.8302 0.0 0.0 0.0 0.0
127.2 0.0 -1.8373 0.0 0.0 0.0 0.0
127.4 0.0 -1.8408 0.0 0.0 0.0 0.0
127.6 0.0 -1.8372 0.0 0.0 0.0 0.0
127.8 0.0 -1.8303 0.0 0.0 0.0 0.0
128.0 0.0 -1.8262 0.0 0.0 0.0 0.0
128.2 0.0 -1.8291 0.0 0.0 0.0 0.0
128.4 0.0 -1.8368 0.0 0.0 0.0 0.0
128.6 0.0 -1.8418 0.0 0.0 0.0 0.0
128.8 0.0 -1.8347 0.0 0.0 0.0 0.0
129.0 0.0 -1.8101 0.0 0.0 0.0 0.0
129.2 0.0 -1.7716 0.0 0.0 0.0 0.0
129.4 0.0 -1.7307 0.0 0.0 0.0 0.0
129.6 0.0 -1.7004 0.0 0.0 0.0 0.0
129.8 0.0 -1.687 0.0 0.0 0.0 0.0
130.0 0.0 -1.688 0.0 0.0 0.0 0.0
130.2 0.0 -1.6967 0.0 0.0 0.0 0.0
130.4 0.0 -1.7067 0.0 0.0 0.0 0.0
130.6 0.0 -1.7157 0.0 0.0 0.0 0.0
130.8 0.0 -1.7214 0.0 0.0 0.0 0.0
131.0 0.0 -1.7179 0.0 0.0 0.0 0.0
131.2 0.0 -1.6969 0.0 0.0 0.0 0.0
131.4 0.0 -1.6543 0.0 0.0 0.0 0.0
131.6 0.0 -1.5961 0.0 0.0 0.0 0.0
131.8 0.0 -1.5379 0.0 0.0 0.0 0.0
132.0 0.0 -1.4971 0.0 0.0 0.0 0.0
132.2 0.0 -1.4829 0.0 0.0 0.0 0.0
132.4 0.0 -1.4907 0.0 0.0 0.0 0.0
132.6 0.0 -1.5059 0.0 0.0 0.0 0.0
132.8 0.0 -1.5129 0.0 0.0 0.0 0.0
133.0 0.0 -1.5039 0.0 0.0 0.0 0.0
133.2 0.0 -1.4822 0.0 0.0 0.0 0.0
133.4 0.0 -1.4587 0.0 0.0 0.0 0.0
133.6 0.0 -1.4446 0.0 0.0 0.0 0.0
133.8 0.0 -1.4462 0.0 0.0 0.0 0.0
134.0 0.0 -1.4617 0.0 0.0 0.0 0.0
134.2 0.0 -1.4835 0.0 0.0 0.0 0.0
134.4 0.0 -1.5021 0.0 0.0 0.0 0.0
134.6 0.0 -1.5118 0.0 0.0 0.0 0.0
134.8 0.0 -1.5132 0.0 0.0 0.0 0.0
135.0 0.0 -1.5108 0.0 0.0 0.0 0.0
135.2 0.0 -1.5085 0.0 0.0 0.0 0.0
135.4 0.0 -1.509 0.0 0.0 0.0 0.0
135.6 0.0 -1.512 0.0 0.0 0.0 0.0
135.8 0.0 -1.5146 0.0 0.0 0.0 0.0
136.0 0.0 -1.5132 0.0 0.0 0.0 0.0
136.2 0.0 -1.5061 0.0 0.0 0.0 0.0
136.4 0.0 -1.4962 0.0 0.0 0.0 0.0
136.6 0.0 -1.4931 0.0 0.0 0.0 0.0
136.8 0.0 -1.5093 0.0 0.0 0.0 0.0
137.0 0.0 -1.5527 0.0 0.0 0.0 0.0
137.2 0.0 -1.6195 0.0 0.0 0.0 0.0
137.4 0.0 -1.6931 0.0 0.0 0.0 0.0
137.6 0.0 -1.7526 0.0 0.0 0.0 0.0
137.8 0.0 -1.7838 0.0 0.0 0.0 0.0
138.0 0.0 -1.7834 0.0 0.0 0.0 0.0
138.2 0.0 -1.7565 0.0 0.0 0.0 0.0
138.4 0.0 -1.7091 0.0 0.0 0.0 0.0
138.6 0.0 -1.6433 0.0 0.0 0.0 0.0
138.8 0.0 -1.5594 0.0 0.0 0.0 0.0
139.0 0.0 -1.4632 0.0 0.0 0.0 0.0
139.2 0.0 -1.3683 0.0 0.0 0.0 0.0
139.4 0.0 -1.294 0.0 0.0 0.0 0.0
139.6 0.0 -1.2548 0.0 0.0 0.0 0.0
139.8 0.0 -1.2529 0.0 0.0 0.0 0.0
140.0 0.0 -1.2775 0.0 0.0 0.0 0.0
140.2 0.0 -1.3104 0.0 0.0 0.0 0.0
140.4 0.0 -1.3353 0.0 0.0 0.0 0.0
140.6 0.0 -1.3459 0.0 0.0 0.0 0.0
140.8 0.0 -1.3466 0.0 0.0 0.0 0.0
141.0 0.0 -1.3477 0.0 0.0 0.0 0.0
141.2 0.0 -1.3576 0.0 0.0 0.0 0.0
141.4 0.0 -1.3764 0.0 0.0 0.0 0.0
141.6 0.0 -1.3948 0.0 0.0 0.0 0.0
141.8 0.0 -1.4028 0.0 0.0 0.0 0.0
142.0 0.0 -1.3949 0.0 0.0 0.0 0.0
142.2 0.0 -1.3762 0.0 0.0 0.0 0.0
142.4 0.0 -1.3587 0.0 0.0 0.0 0.0
142.6 0.0 -1.3543 0.0 0.0 0.0 0.0
142.8 0.0 -1.3664 0.0 0.0 0.0 0.0
143.0 0.0 -1.3885 0.0 0.0 0.0 0.0
143.2 0.0 -1.4092 0.0 0.0 0.0 0.0
143.4 0.0 -1.4223 0.0 0.0 0.0 0.0
143.6 0.0 -1.4323 0.0 0.0 0.0 0.0
143.8 0.0 -1.4513 0.0 0.0 0.0 0.0
144.0 0.0 -1.4898 0.0 0.0 0.0 0.0
144.2 0.0 -1.5455 0.0 0.0 0.0 0.0
144.4 0.0 -1.6018 0.0 0.0 0.0 0.0
144.6 0.0 -1.6358 0.0 0.0 0.0 0.0
144.8 0.0 -1.6318 0.0 0.0 0.0 0.0
145.0 0.0 -1.5912 0.0 0.0 0.0 0.0
145.2 0.0 -1.5327 0.0 0.0 0.0 0.0
145.4 0.0 -1.4814 0.0 0.0 0.0 0.0
145.6 0.0 -1.4555 0.0 0.0 0.0 0.0
145.8 0.0 -1.4598 0.0 0.0 0.0 0.0
146.0 0.0 -1.4876 0.0 0.0 0.0 0.0
146.2 0.0 -1.5281 0.0 0.0 0.0 0.0
146.4 0.0 -1.5713 0.0 0.0 0.0 0.0
146.6 0.0 -1.6112 0.0 0.0 0.0 0.0
146.8 0.0 -1.645 0.0 0.0 0.0 0.0
147.0 0.0 -1.6715 0.0 0.0 0.0 0.0
147.2 0.0 -1.6913 0.0 0.0 0.0 0.0
147.4 0.0 -1.706 0.0 0.0 0.0 0.0
147.6 0.0 -1.7179 0.0 0.0 0.0 0.0
147.8 0.0 -1.7298 0.0 0.0 0.0 0.0
148.0 0.0 -1.7449 0.0 0.0 0.0 0.0
148.2 0.0 -1.7646 0.0 0.0 0.0 0.0
148.4 0.0 -1.7864 0.0 0.0 0.0 0.0
148.6 0.0 -1.8046 0.0 0.0 0.0 0.0
148.8 0.0 -1.8145 0.0 0.0 0.0 0.0
149.0 0.0 -1.8162 0.0 0.0 0.0 0.0
149.2 0.0 -1.816 0.0 0.0 0.0 0.0
149.4 0.0 -1.822 0.0 0.0 0.0 0.0
149.6 0.0 -1.8382 0.0 0.0 0.0 0.0
149.8 0.0 -1.8608 0.0 0.0 0.0 0.0
150.0 0.0 -1.8817 0.0 0.0 0.0 0.0
150.2 0.0 -1.8955 0.0 0.0 0.0 0.0
150.4 0.0 -1.9023 0.0 0.0 0.0 0.0
150.6 0.0 -1.9059 0.0 0.0 0.0 0.0
150.8 0.0 -1.9075 0.0 0.0 0.0 0.0
151.0 0.0 -1.9029 0.0 0.0 0.0 0.0
151.2 0.0 -1.8862 0.0 0.0 0.0 0.0
151.4 0.0 -1.8559 0.0 0.0 0.0 0.0
151.6 0.0 -1.8196 0.0 0.0 0.0 0.0
151.8 0.0 -1.7905 0.0 0.0 0.0 0.0
152.0 0.0 -1.7773 0.0 0.0 0.0 0.0
152.2 0.0 -1.7779 0.0 0.0 0.0 0.0
152.4 0.0 -1.7816 0.0 0.0 0.0 0.0
152.6 0.0 -1.7771 0.0 0.0 0.0 0.0
152.8 0.0 -1.7616 0.0 0.0 0.0 0.0
153.0 0.0 -1.7416 0.0 0.0 0.0 0.0
153.2 0.0 -1.7281 0.0 0.0 0.0 0.0
153.4 0.0 -1.7291 0.0 0.0 0.0 0.0
153.6 0.0 -1.7444 0.0 0.0 0.0 0.0
153.8 0.0 -1.7663 0.0 0.0 0.0 0.0
154.0 0.0 -1.7832 0.0 0.0 0.0 0.0
154.2 0.0 -1.7876 0.0 0.0 0.0 0.0
154.4 0.0 -1.7805 0.0 0.0 0.0 0.0
154.6 0.0 -1.7712 0.0 0.0 0.0 0.0
154.8 0.0 -1.77 0.0 0.0 0.0 0.0
155.0 0.0 -1.7827 0.0 0.0 0.0 0.0
155.2 0.0 -1.8017 0.0 0.0 0.0 0.0
155.4 0.0 -1.8056 0.0 0.0 0.0 0.0
155.6 0.0 -1.7674 0.0 0.0 0.0 0.0
155.8 0.0 -1.6697 0.0 0.0 0.0 0.0
156.0 0.0 -1.5185 0.0 0.0 0.0 0.0
156.2 0.0 -1.3453 0.0 0.0 0.0 0.0
156.4 0.0 -1.1955 0.0 0.0 0.0 0.0
156.6 0.0 -1.1067 0.0 0.0 0.0 0.0
156.8 0.0 -1.0909 0.0 0.0 0.0 0.0
157.0 0.0 -1.1315 0.0 0.0 0.0 0.0
157.2 0.0 -1.1966 0.0 0.0 0.0 0.0
157.4 0.0 -1.2573 0.0 0.0 0.0 0.0
157.6 0.0 -1.3005 0.0 0.0 0.0 0.0
157.8 0.0 -1.3294 0.0 0.0 0.0 0.0
158.0 0.0 -1.3545 0.0 0.0 0.0 0.0
158.2 0.0 -1.384 0.0 0.0 0.0 0.0
158.4 0.0 -1.4198 0.0 0.0 0.0 0.0
158.6 0.0 -1.4592 0.0 0.0 0.0 0.0
158.8 0.0 -1.4977 0.0 0.0 0.0 0.0
159.0 0.0 -1.5346 0.0 0.0 0.0 0.0
159.2 0.0 -1.5711 0.0 0.0 0.0 0.0
159.4 0.0 -1.6092 0.0 0.0 0.0 0.0
159.6 0.0 -1.649 0.0 0.0 0.0 0.0
159.8 0.0 -1.6883 0.0 0.0 0.0 0.0
160.0 0.0 -1.7238 0.0 0.0 0.0 0.0
160.2 0.0 -1.7543 0.0 0.0 0.0 0.0
160.4 0.0 -1.7831 0.0 0.0 0.0 0.0
160.6 0.0 -1.8165 0.0 0.0 0.0 0.0
160.8 0.0 -1.8603 0.0 0.0 0.0 0.0
161.0 0.0 -1.9146 0.0 0.0 0.0 0.0
161.2 0.0 -1.9722 0.0 0.0 0.0 0.0
161.4 0.0 -2.022 0.0 0.0 0.0 0.0
161.6 0.0 -2.0548 0.0 0.0 0.0 0.0
161.8 0.0 -2.0682 0.0 0.0 0.0 0.0
162.0 0.0 -2.0675 0.0 0.0 0.0 0.0
162.2 0.0 -2.0637 0.0 0.0 0.0 0.0
162.4 0.0 -2.0657 0.0 0.0 0.0 0.0
162.6 0.0 -2.0752 0.0 0.0 0.0 0.0
162.8 0.0 -2.0851 0.0 0.0 0.0 0.0
163.0 0.0 -2.0841 0.0 0.0 0.0 0.0
163.2 0.0 -2.0645 0.0 0.0 0.0 0.0
163.4 0.0 -2.0282 0.0 0.0 0.0 0.0
163.6 0.0 -1.9868 0.0 0.0 0.0 0.0
163.8 0.0 -1.9547 0.0 0.0 0.0 0.0
164.0 0.0 -1.9422 0.0 0.0 0.0 0.0
164.2 0.0 -1.9515 0.0 0.0 0.0 0.0
164.4 0.0 -1.9763 0.0 0.0 0.0 0.0
164.6 0.0 -2.0062 0.0 0.0 0.0 0.0
164.8 0.0 -2.0315 0.0 0.0 0.0 0.0
165.0 0.0 -2.0457 0.0 0.0 0.0 0.0
165.2 0.0 -2.0468 0.0 0.0 0.0 0.0
165.4 0.0 -2.0382 0.0 0.0 0.0 0.0
165.6 0.0 -2.0282 0.0 0.0 0.0 0.0
165.8 0.0 -2.0264 0.0 0.0 0.0 0.0
166.0 0.0 -2.0389 0.0 0.0 0.0 0.0
166.2 0.0 -2.0652 0.0 0.0 0.0 0.0
166.4 0.0 -2.0973 0.0 0.0 0.0 0.0
166.6 0.0 -2.1247 0.0 0.0 0.0 0.0
166.8 0.0 -2.141 0.0 0.0 0.0 0.0
167.0 0.0 -2.1458 0.0 0.0 0.0 0.0
167.2 0.0 -2.1435 0.0 0.0 0.0 0.0
167.4 0.0 -2.1399 0.0 0.0 0.0 0.0
167.6 0.0 -2.1391 0.0 0.0 0.0 0.0
167.8 0.0 -2.1416 0.0 0.0 0.0 0.0
168.0 0.0 -2.1449 0.0 0.0 0.0 0.0
168.2 0.0 -2.1452 0.0 0.0 0.0 0.0
168.4 0.0 -2.1389 0.0 0.0 0.0 0.0
168.6 0.0 -2.126 0.0 0.0 0.0 0.0
168.8 0.0 -2.1117 0.0 0.0 0.0 0.0
169.0 0.0 -2.1038 0.0 0.0 0.0 0.0
169.2 0.0 -2.1067 0.0 0.0 0.0 0.0
169.4 0.0 -2.1178 0.0 0.0 0.0 0.0
169.6 0.0 -2.126 0.0 0.0 0.0 0.0
169.8 0.0 -2.1171 0.0 0.0 0.0 0.0
170.0 0.0 -2.0818 0.0 0.0 0.0 0.0
170.2 0.0 -2.0216 0.0 0.0 0.0 0.0
170.4 0.0 -1.9491 0.0 0.0 0.0 0.0
170.6 0.0 -1.8826 0.0 0.0 0.0 0.0
170.8 0.0 -1.8374 0.0 0.0 0.0 0.0
171.0 0.0 -1.8203 0.0 0.0 0.0 0.0
171.2 0.0 -1.8298 0.0 0.0 0.0 0.0
171.4 0.0 -1.8604 0.0 0.0 0.0 0.0
171.6 0.0 -1.9043 0.0 0.0 0.0 0.0
171.8 0.0 -1.9517 0.0 0.0 0.0 0.0
172.0 0.0 -1.9915 0.0 0.0 0.0 0.0
172.2 0.0 -2.0152 0.0 0.0 0.0 0.0
172.4 0.0 -2.0211 0.0 0.0 0.0 0.0
172.6 0.0 -2.0171 0.0 0.0 0.0 0.0
172.8 0.0 -2.0184 0.0 0.0 0.0 0.0
173.0 0.0 -2.0376 0.0 0.0 0.0 0.0
173.2 0.0 -2.0747 0.0 0.0 0.0 0.0
173.4 0.0 -2.1183 0.0 0.0 0.0 0.0
173.6 0.0 -2.1522 0.0 0.0 0.0 0.0
173.8 0.0 -2.1678 0.0 0.0 0.0 0.0
174.0 0.0 -2.1692 0.0 0.0 0.0 0.0
174.2 0.0 -2.169 0.0 0.0 0.0 0.0
174.4 0.0 -2.1778 0.0 0.0 0.0 0.0
174.6 0.0 -2.1974 0.0 0.0 0.0 0.0
174.8 0.0 -2.2203 0.0 0.0 0.0 0.0
175.0 0.0 -2.2378 0.0 0.0 0.0 0.0
175.2 0.0 -2.2461 0.0 0.0 0.0 0.0
175.4 0.0 -2.2479 0.0 0.0 0.0 0.0
175.6 0.0 -2.2479 0.0 0.0 0.0 0.0
175.8 0.0 -2.2469 0.0 0.0 0.0 0.0
176.0 0.0 -2.2429 0.0 0.0 0.0 0.0
176.2 0.0 -2.2326 0.0 0.0 0.0 0.0
176.4 0.0 -2.215 0.0 0.0 0.0 0.0
176.6 0.0 -2.1936 0.0 0.0 0.0 0.0
176.8 0.0 -2.1743 0.0 0.0 0.0 0.0
177.0 0.0 -2.1623 0.0 0.0 0.0 0.0
177.2 0.0 -2.1583 0.0 0.0 0.0 0.0
177.4 0.0 -2.1597 0.0 0.0 0.0 0.0
177.6 0.0 -2.1622 0.0 0.0 0.0 0.0
177.8 0.0 -2.1629 0.0 0.0 0.0 0.0
178.0 0.0 -2.1621 0.0 0.0 0.0 0.0
178.2 0.0 -2.1619 0.0 0.0 0.0 0.0
178.4 0.0 -2.1636 0.0 0.0 0.0 0.0
178.6 0.0 -2.1653 0.0 0.0 0.0 0.0
178.8 0.0 -2.1633 0.0 0.0 0.0 0.0
179.0 0.0 -2.1549 0.0 0.0 0.0 0.0
179.2 0.0 -2.1405 0.0 0.0 0.0 0.0
179.4 0.0 -2.1232 0.0 0.0 0.0 0.0
179.6 0.0 -2.106 0.0 0.0 0.0 0.0
179.8 0.0 -2.0889 0.0 0.0 0.0 0.0
180.0 0.0 -2.0684 0.0 0.0 0.0 0.0
180.2 0.0 -2.0419 0.0 0.0 0.0 0.0
180.4 0.0 -2.0113 0.0 0.0 0.0 0.0
180.6 0.0 -1.9849 0.0 0.0 0.0 0.0
180.8 0.0 -1.9732 0.0 0.0 0.0 0.0
181.0 0.0 -1.9824 0.0 0.0 0.0 0.0
181.2 0.0 -2.0109 0.0 0.0 0.0 0.0
181.4 0.0 -2.0398 0.0 0.0 0.0 0.0
181.6 0.0 -2.0512 0.0 0.0 0.0 0.0
181.8 0.0 -2.047 0.0 0.0 0.0 0.0
182.0 0.0 -2.0462 0.0 0.0 0.0 0.0
182.2 0.0 -2.064 0.0 0.0 0.0 0.0
182.4 0.0 -2.0832 0.0 0.0 0.0 0.0
182.6 0.0 -2.0461 0.0 0.0 0.0 0.0
182.8 0.0 -1.8832 0.0 0.0 0.0 0.0
183.0 0.0 -1.5679 0.0 0.0 0.0 0.0
183.2 0.0 -1.1514 0.0 0.0 0.0 0.0
183.4 0.0 -0.74909 0.0 0.0 0.0 0.0
183.6 0.0 -0.47834 0.0 0.0 0.0 0.0
183.8 0.0 -0.39229 0.0 0.0 0.0 0.0
184.0 0.0 -0.45585 0.0 0.0 0.0 0.0
184.2 0.0 -0.57925 0.0 0.0 0.0 0.0
184.4 0.0 -0.6778 0.0 0.0 0.0 0.0
184.6 0.0 -0.71549 0.0 0.0 0.0 0.0
184.8 0.0 -0.70619 0.0 0.0 0.0 0.0
185.0 0.0 -0.68311 0.0 0.0 0.0 0.0
185.2 0.0 -0.66982 0.0 0.0 0.0 0.0
185.4 0.0 -0.66487 0.0 0.0 0.0 0.0
185.6 0.0 -0.6597 0.0 0.0 0.0 0.0
185.8 0.0 -0.65562 0.0 0.0 0.0 0.0
186.0 0.0 -0.65976 0.0 0.0 0.0 0.0
186.2 0.0 -0.67736 0.0 0.0 0.0 0.0
186.4 0.0 -0.70339 0.0 0.0 0.0 0.0
186.6 0.0 -0.72154 0.0 0.0 0.0 0.0
186.8 0.0 -0.7116 0.0 0.0 0.0 0.0
187.0 0.0 -0.66396 0.0 0.0 0.0 0.0
187.2 0.0 -0.58823 0.0 0.0 0.0 0.0
187.4 0.0 -0.50987 0.0 0.0 0.0 0.0
187.6 0.0 -0.45514 0.0 0.0 0.0 0.0
187.8 0.0 -0.43744 0.0 0.0 0.0 0.0
188.0 0.0 -0.45326 0.0 0.0 0.0 0.0
188.2 0.0 -0.48773 0.0 0.0 0.0 0.0
188.4 0.0 -0.52344 0.0 0.0 0.0 0.0
188.6 0.0 -0.5462 0.0 0.0 0.0 0.0
188.8 0.0 -0.54801 0.0 0.0 0.0 0.0
189.0 0.0 -0.52785 0.0 0.0 0.0 0.0
189.2 0.0 -0.49149 0.0 0.0 0.0 0.0
189.4 0.0 -0.45335 0.0 0.0 0.0 0.0
189.6 0.0 -0.43109 0.0 0.0 0.0 0.0
189.8 0.0 -0.43584 0.0 0.0 0.0 0.0
190.0 0.0 -0.46468 0.0 0.0 0.0 0.0
190.2 0.0 -0.50296 0.0 0.0 0.0 0.0
190.4 0.0 -0.53293 0.0 0.0 0.0 0.0
190.6 0.0 -0.54422 0.0 0.0 0.0 0.0
190.8 0.0 -0.53838 0.0 0.0 0.0 0.0
191.0 0.0 -0.5244 0.0 0.0 0.0 0.0
191.2 0.0 -0.51135 0.0 0.0 0.0 0.0
191.4 0.0 -0.50369 0.0 0.0 0.0 0.0
191.6 0.0 -0.50174 0.0 0.0 0.0 0.0
191.8 0.0 -0.5057 0.0 0.0 0.0 0.0
192.0 0.0 -0.51756 0.0 0.0 0.0 0.0
192.2 0.0 -0.53804 0.0 0.0 0.0 0.0
192.4 0.0 -0.56278 0.0 0.0 0.0 0.0
192.6 0.0 -0.58288 0.0 0.0 0.0 0.0
192.8 0.0 -0.59057 0.0 0.0 0.0 0.0
193.0 0.0 -0.58357 0.0 0.0 0.0 0.0
193.2 0.0 -0.56619 0.0 0.0 0.0 0.0
193.4 0.0 -0.54596 0.0 0.0 0.0 0.0
193.6 0.0 -0.52831 0.0 0.0 0.0 0.0
193.8 0.0 -0.51346 0.0 0.0 0.0 0.0
194.0 0.0 -0.49824 0.0 0.0 0.0 0.0
194.2 0.0 -0.48019 0.0 0.0 0.0 0.0
194.4 0.0 -0.46081 0.0 0.0 0.0 0.0
194.6 0.0 -0.44478 0.0 0.0 0.0 0.0
194.8 0.0 -0.4365 0.0 0.0 0.0 0.0
195.0 0.0 -0.43665 0.0 0.0 0.0 0.0
195.2 0.0 -0.4424 0.0 0.0 0.0 0.0
195.4 0.0 -0.44913 0.0 0.0 0.0 0.0
195.6 0.0 -0.45336 0.0 0.0 0.0 0.0
195.8 0.0 -0.45412 0.0 0.0 0.0 0.0
196.0 0.0 -0.45226 0.0 0.0 0.0 0.0
196.2 0.0 -0.45089 0.0 0.0 0.0 0.0
196.4 0.0 -0.45214 0.0 0.0 0.0 0.0
196.6 0.0 -0.45563 0.0 0.0 0.0 0.0
196.8 0.0 -0.45779 0.0 0.0 0.0 0.0
197.0 0.0 -0.45505 0.0 0.0 0.0 0.0
197.2 0.0 -0.44823 0.0 0.0 0.0 0.0
197.4 0.0 -0.44555 0.0 0.0 0.0 0.0
197.6 0.0 -0.45952 0.0 0.0 0.0 0.0
197.8 0.0 -0.49871 0.0 0.0 0.0 0.0
198.0 0.0 -0.56017 0.0 0.0 0.0 0.0
198.2 0.0 -0.62898 0.0 0.0 0.0 0.0
198.4 0.0 -0.68595 0.0 0.0 0.0 0.0
198.6 0.0 -0.7189 0.0 0.0 0.0 0.0
198.8 0.0 -0.72814 0.0 0.0 0.0 0.0
199.0 0.0 -0.72301 0.0 0.0 0.0 0.0
199.2 0.0 -0.71402 0.0 0.0 0.0 0.0
199.4 0.0 -0.70737 0.0 0.0 0.0 0.0
199.6 0.0 -0.70513 0.0 0.0 0.0 0.0
199.8 0.0 -0.70805 0.0 0.0 0.0 0.0
200.0 0.0 -0.71806 0.0 0.0 0.0 0.0
200.2 0.0 -0.73639 0.0 0.0 0.0 0.0
200.4 0.0 -0.75789 0.0 0.0 0.0 0.0
200.6 0.0 -0.77011 0.0 0.0 0.0 0.0
200.8 0.0 -0.76267 0.0 0.0 0.0 0.0
201.0 0.0 -0.73771 0.0 0.0 0.0 0.0
201.2 0.0 -0.71201 0.0 0.0 0.0 0.0
201.4 0.0 -0.70809 0.0 0.0 0.0 0.0
201.6 0.0 -0.73851 0.0 0.0 0.0 0.0
201.8 0.0 -0.79506 0.0 0.0 0.0 0.0
202.0 0.0 -0.85215 0.0 0.0 0.0 0.0
202.2 0.0 -0.88173 0.0 0.0 0.0 0.0
202.4 0.0 -0.87024 0.0 0.0 0.0 0.0
202.6 0.0 -0.82484 0.0 0.0 0.0 0.0
202.8 0.0 -0.76531 0.0 0.0 0.0 0.0
203.0 0.0 -0.70993 0.0 0.0 0.0 0.0
203.2 0.0 -0.66752 0.0 0.0 0.0 0.0
203.4 0.0 -0.63961 0.0 0.0 0.0 0.0
203.6 0.0 -0.62549 0.0 0.0 0.0 0.0
203.8 0.0 -0.62431 0.0 0.0 0.0 0.0
204.0 0.0 -0.63416 0.0 0.0 0.0 0.0
204.2 0.0 -0.649 0.0 0.0 0.0 0.0
204.4 0.0 -0.66058 0.0 0.0 0.0 0.0
204.6 0.0 -0.66282 0.0 0.0 0.0 0.0
204.8 0.0 -0.65715 0.0 0.0 0.0 0.0
205.0 0.0 -0.65075 0.0 0.0 0.0 0.0
205.2 0.0 -0.65071 0.0 0.0 0.0 0.0
205.4 0.0 -0.6601 0.0 0.0 0.0 0.0
205.6 0.0 -0.67706 0.0 0.0 0.0 0.0
205.8 0.0 -0.69505 0.0 0.0 0.0 0.0
206.0 0.0 -0.70916 0.0 0.0 0.0 0.0
206.2 0.0 -0.71852 0.0 0.0 0.0 0.0
206.4 0.0 -0.72813 0.0 0.0 0.0 0.0
206.6 0.0 -0.74632 0.0 0.0 0.0 0.0
206.8 0.0 -0.77982 0.0 0.0 0.0 0.0
207.0 0.0 -0.82656 0.0 0.0 0.0 0.0
207.2 0.0 -0.87287 0.0 0.0 0.0 0.0
207.4 0.0 -0.90155 0.0 0.0 0.0 0.0
207.6 0.0 -0.90009 0.0 0.0 0.0 0.0
207.8 0.0 -0.86964 0.0 0.0 0.0 0.0
208.0 0.0 -0.8306 0.0 0.0 0.0 0.0
208.2 0.0 -0.81598 0.0 0.0 0.0 0.0
208.4 0.0 -0.84801 0.0 0.0 0.0 0.0
208.6 0.0 -0.92405 0.0 0.0 0.0 0.0
208.8 0.0 -1.0057 0.0 0.0 0.0 0.0
209.0 0.0 -1.0269 0.0 0.0 0.0 0.0
209.2 0.0 -0.92258 0.0 0.0 0.0 0.0
209.4 0.0 -0.66487 0.0 0.0 0.0 0.0
209.6 0.0 -0.28643 0.0 0.0 0.0 0.0
209.8 0.0 0.12391 0.0 0.0 0.0 0.0
210.0 0.0 0.45409 0.0 0.0 0.0 0.0
210.2 0.0 0.61818 0.0 0.0 0.0 0.0
210.4 0.0 0.59263 0.0 0.0 0.0 0.0
210.6 0.0 0.41867 0.0 0.0 0.0 0.0
210.8 0.0 0.17463 0.0 0.0 0.0 0.0
211.0 0.0 -0.061876 0.0 0.0 0.0 0.0
211.2 0.0 -0.24272 0.0 0.0 0.0 0.0
211.4 0.0 -0.36026 0.0 0.0 0.0 0.0
211.6 0.0 -0.43642 0.0 0.0 0.0 0.0
211.8 0.0 -0.50196 0.0 0.0 0.0 0.0
212.0 0.0 -0.58015 0.0 0.0 0.0 0.0
212.2 0.0 -0.67861 0.0 0.0 0.0 0.0
212.4 0.0 -0.78367 0.0 0.0 0.0 0.0
212.6 0.0 -0.87547 0.0 0.0 0.0 0.0
212.8 0.0 -0.93985 0.0 0.0 0.0 0.0
213.0 0.0 -0.97496 0.0 0.0 0.0 0.0
213.2 0.0 -0.99155 0.0 0.0 0.0 0.0
213.4 0.0 -1.0056 0.0 0.0 0.0 0.0
213.6 0.0 -1.0273 0.0 0.0 0.0 0.0
213.8 0.0 -1.0577 0.0 0.0 0.0 0.0
214.0 0.0 -1.0919 0.0 0.0 0.0 0.0
214.2 0.0 -1.1239 0.0 0.0 0.0 0.0
214.4 0.0 -1.1507 0.0 0.0 0.0 0.0
214.6 0.0 -1.1721 0.0 0.0 0.0 0.0
214.8 0.0 -1.1879 0.0 0.0 0.0 0.0
215.0 0.0 -1.1962 0.0 0.0 0.0 0.0
215.2 0.0 -1.1967 0.0 0.0 0.0 0.0
215.4 0.0 -1.1922 0.0 0.0 0.0 0.0
215.6 0.0 -1.1891 0.0 0.0 0.0 0.0
215.8 0.0 -1.1935 0.0 0.0 0.0 0.0
216.0 0.0 -1.2084 0.0 0.0 0.0 0.0
216.2 0.0 -1.2315 0.0 0.0 0.0 0.0
216.4 0.0 -1.256 0.0 0.0 0.0 0.0
216.6 0.0 -1.275 0.0 0.0 0.0 0.0
216.8 0.0 -1.2866 0.0 0.0 0.0 0.0
217.0 0.0 -1.2933 0.0 0.0 0.0 0.0
217.2 0.0 -1.2982 0.0 0.0 0.0 0.0
217.4 0.0 -1.3007 0.0 0.0 0.0 0.0
217.6 0.0 -1.2963 0.0 0.0 0.0 0.0
217.8 0.0 -1.2811 0.0 0.0 0.0 0.0
218.0 0.0 -1.2576 0.0 0.0 0.0 0.0
218.2 0.0 -1.2352 0.0 0.0 0.0 0.0
218.4 0.0 -1.2244 0.0 0.0 0.0 0.0
218.6 0.0 -1.2279 0.0 0.0 0.0 0.0
218.8 0.0 -1.2383 0.0 0.0 0.0 0.0
219.0 0.0 -1.2418 0.0 0.0 0.0 0.0
219.2 0.0 -1.2284 0.0 0.0 0.0 0.0
219.4 0.0 -1.1977 0.0 0.0 0.0 0.0
219.6 0.0 -1.1586 0.0 0.0 0.0 0.0
219.8 0.0 -1.1237 0.0 0.0 0.0 0.0
220.0 0.0 -1.1011 0.0 0.0 0.0 0.0
220.2 0.0 -1.0903 0.0 0.0 0.0 0.0
220.4 0.0 -1.0861 0.0 0.0 0.0 0.0
220.6 0.0 -1.0836 0.0 0.0 0.0 0.0
220.8 0.0 -1.0845 0.0 0.0 0.0 0.0
221.0 0.0 -1.094 0.0 0.0 0.0 0.0
221.2 0.0 -1.1155 0.0 0.0 0.0 0.0
221.4 0.0 -1.1468 0.0 0.0 0.0 0.0
221.6 0.0 -1.1815 0.0 0.0 0.0 0.0
221.8 0.0 -1.2107 0.0 0.0 0.0 0.0
222.0 0.0 -1.2277 0.0 0.0 0.0 0.0
222.2 0.0 -1.2296 0.0 0.0 0.0 0.0
222.4 0.0 -1.2155 0.0 0.0 0.0 0.0
222.6 0.0 -1.1856 0.0 0.0 0.0 0.0
222.8 0.0 -1.1432 0.0 0.0 0.0 0.0
223.0 0.0 -1.0974 0.0 0.0 0.0 0.0
223.2 0.0 -1.062 0.0 0.0 0.0 0.0
223.4 0.0 -1.0496 0.0 0.0 0.0 0.0
223.6 0.0 -1.064 0.0 0.0 0.0 0.0
223.8 0.0 -1.097 0.0 0.0 0.0 0.0
224.0 0.0 -1.135 0.0 0.0 0.0 0.0
224.2 0.0 -1.1649 0.0 0.0 0.0 0.0
224.4 0.0 -1.1807 0.0 0.0 0.0 0.0
224.6 0.0 -1.1829 0.0 0.0 0.0 0.0
224.8 0.0 -1.1755 0.0 0.0 0.0 0.0
225.0 0.0 -1.1653 0.0 0.0 0.0 0.0
225.2 0.0 -1.1611 0.0 0.0 0.0 0.0
225.4 0.0 -1.1727 0.0 0.0 0.0 0.0
225.6 0.0 -1.2062 0.0 0.0 0.0 0.0
225.8 0.0 -1.2572 0.0 0.0 0.0 0.0
226.0 0.0 -1.3113 0.0 0.0 0.0 0.0
226.2 0.0 -1.3516 0.0 0.0 0.0 0.0
226.4 0.0 -1.3679 0.0 0.0 0.0 0.0
226.6 0.0 -1.3623 0.0 0.0 0.0 0.0
226.8 0.0 -1.3466 0.0 0.0 0.0 0.0
227.0 0.0 -1.3342 0.0 0.0 0.0 0.0
227.2 0.0 -1.3332 0.0 0.0 0.0 0.0
227.4 0.0 -1.3434 0.0 0.0 0.0 0.0
227.6 0.0 -1.3615 0.0 0.0 0.0 0.0
227.8 0.0 -1.3876 0.0 0.0 0.0 0.0
228.0 0.0 -1.4228 0.0 0.0 0.0 0.0
228.2 0.0 -1.4619 0.0 0.0 0.0 0.0
228.4 0.0 -1.488 0.0 0.0 0.0 0.0
228.6 0.0 -1.4774 0.0 0.0 0.0 0.0
228.8 0.0 -1.4135 0.0 0.0 0.0 0.0
229.0 0.0 -1.3003 0.0 0.0 0.0 0.0
229.2 0.0 -1.1643 0.0 0.0 0.0 0.0
229.4 0.0 -1.0444 0.0 0.0 0.0 0.0
229.6 0.0 -0.9722 0.0 0.0 0.0 0.0
229.8 0.0 -0.95857 0.0 0.0 0.0 0.0
230.0 0.0 -0.99296 0.0 0.0 0.0 0.0
230.2 0.0 -1.0529 0.0 0.0 0.0 0.0
230.4 0.0 -1.1172 0.0 0.0 0.0 0.0
230.6 0.0 -1.1739 0.0 0.0 0.0 0.0
230.8 0.0 -1.2192 0.0 0.0 0.0 0.0
231.0 0.0 -1.2534 0.0 0.0 0.0 0.0
231.2 0.0 -1.2765 0.0 0.0 0.0 0.0
231.4 0.0 -1.2875 0.0 0.0 0.0 0.0
231.6 0.0 -1.2872 0.0 0.0 0.0 0.0
231.8 0.0 -1.2823 0.0 0.0 0.0 0.0
232.0 0.0 -1.2819 0.0 0.0 0.0 0.0
232.2 0.0 -1.294 0.0 0.0 0.0 0.0
232.4 0.0 -1.3205 0.0 0.0 0.0 0.0
232.6 0.0 -1.3528 0.0 0.0 0.0 0.0
232.8 0.0 -1.3762 0.0 0.0 0.0 0.0
233.0 0.0 -1.3785 0.0 0.0 0.0 0.0
233.2 0.0 -1.358 0.0 0.0 0.0 0.0
233.4 0.0 -1.3248 0.0 0.0 0.0 0.0
233.6 0.0 -1.2922 0.0 0.0 0.0 0.0
233.8 0.0 -1.2674 0.0 0.0 0.0 0.0
234.0 0.0 -1.2492 0.0 0.0 0.0 0.0
234.2 0.0 -1.2319 0.0 0.0 0.0 0.0
234.4 0.0 -1.2114 0.0 0.0 0.0 0.0
234.6 0.0 -1.1877 0.0 0.0 0.0 0.0
234.8 0.0 -1.1623 0.0 0.0 0.0 0.0
235.0 0.0 -1.1359 0.0 0.0 0.0 0.0
235.2 0.0 -1.1082 0.0 0.0 0.0 0.0
235.4 0.0 -1.0817 0.0 0.0 0.0 0.0
235.6 0.0 -1.0616 0.0 0.0 0.0 0.0
235.8 0.0 -1.0508 0.0 0.0 0.0 0.0
236.0 0.0 -1.0469 0.0 0.0 0.0 0.0
236.2 0.0 -1.0429 0.0 0.0 0.0 0.0
236.4 0.0 -1.0342 0.0 0.0 0.0 0.0
236.6 0.0 -1.022 0.0 0.0 0.0 0.0
236.8 0.0 -1.0138 0.0 0.0 0.0 0.0
237.0 0.0 -1.0159 0.0 0.0 0.0 0.0
237.2 0.0 -1.0273 0.0 0.0 0.0 0.0
237.4 0.0 -1.0414 0.0 0.0 0.0 0.0
237.6 0.0 -1.0492 0.0 0.0 0.0 0.0
237.8 0.0 -1.0464 0.0 0.0 0.0 0.0
238.0 0.0 -1.0343 0.0 0.0 0.0 0.0
238.2 0.0 -1.0176 0.0 0.0 0.0 0.0
238.4 0.0 -1.0016 0.0 0.0 0.0 0.0
238.6 0.0 -0.9924 0.0 0.0 0.0 0.0
238.8 0.0 -0.9987 0.0 0.0 0.0 0.0
239.0 0.0 -1.028 0.0 0.0 0.0 0.0
239.2 0.0 -1.0795 0.0 0.0 0.0 0.0
239.4 0.0 -1.1409 0.0 0.0 0.0 0.0
239.6 0.0 -1.1943 0.0 0.0 0.0 0.0
239.8 0.0 -1.2273 0.0 0.0 0.0 0.0
240.0 0.0 -1.2425 0.0 0.0 0.0 0.0
240.2 0.0 -1.2557 0.0 0.0 0.0 0.0
240.4 0.0 -1.2847 0.0 0.0 0.0 0.0
240.6 0.0 -1.3353 0.0 0.0 0.0 0.0
240.8 0.0 -1.3976 0.0 0.0 0.0 0.0
241.0 0.0 -1.4533 0.0 0.0 0.0 0.0
241.2 0.0 -1.4885 0.0 0.0 0.0 0.0
241.4 0.0 -1.5026 0.0 0.0 0.0 0.0
241.6 0.0 -1.504 0.0 0.0 0.0 0.0
241.8 0.0 -1.5026 0.0 0.0 0.0 0.0
242.0 0.0 -1.5031 0.0 0.0 0.0 0.0
242.2 0.0 -1.5051 0.0 0.0 0.0 0.0
242.4 0.0 -1.5059 0.0 0.0 0.0 0.0
242.6 0.0 -1.5038 0.0 0.0 0.0 0.0
242.8 0.0 -1.5002 0.0 0.0 0.0 0.0
243.0 0.0 -1.4969 0.0 0.0 0.0 0.0
243.2 0.0 -1.495 0.0 0.0 0.0 0.0
243.4 0.0 -1.4944 0.0 0.0 0.0 0.0
243.6 0.0 -1.495 0.0 0.0 0.0 0.0
243.8 0.0 -1.4955 0.0 0.0 0.0 0.0
244.0 0.0 -1.4926 0.0 0.0 0.0 0.0
244.2 0.0 -1.482 0.0 0.0 0.0 0.0
244.4 0.0 -1.461 0.0 0.0 0.0 0.0
244.6 0.0 -1.4315 0.0 0.0 0.0 0.0
244.8 0.0 -1.3994 0.0 0.0 0.0 0.0
245.0 0.0 -1.3717 0.0 0.0 0.0 0.0
245.2 0.0 -1.3522 0.0 0.0 0.0 0.0
245.4 0.0 -1.3393 0.0 0.0 0.0 0.0
245.6 0.0 -1.3281 0.0 0.0 0.0 0.0
245.8 0.0 -1.3144 0.0 0.0 0.0 0.0
246.0 0.0 -1.2967 0.0 0.0 0.0 0.0
246.2 0.0 -1.2774 0.0 0.0 0.0 0.0
246.4 0.0 -1.2617 0.0 0.0 0.0 0.0
246.6 0.0 -1.2547 0.0 0.0 0.0 0.0
246.8 0.0 -1.2594 0.0 0.0 0.0 0.0
247.0 0.0 -1.2749 0.0 0.0 0.0 0.0
247.2 0.0 -1.2955 0.0 0.0 0.0 0.0
247.4 0.0 -1.3119 0.0 0.0 0.0 0.0
247.6 0.0 -1.3164 0.0 0.0 0.0 0.0
247.8 0.0 -1.3063 0.0 0.0 0.0 0.0
248.0 0.0 -1.2863 0.0 0.0 0.0 0.0
248.2 0.0 -1.2656 0.0 0.0 0.0 0.0
248.4 0.0 -1.252 0.0 0.0 0.0 0.0
248.6 0.0 -1.2484 0.0 0.0 0.0 0.0
248.8 0.0 -1.2528 0.0 0.0 0.0 0.0
249.0 0.0 -1.2616 0.0 0.0 0.0 0.0
249.2 0.0 -1.2722 0.0 0.0 0.0 0.0
249.4 0.0 -1.2822 0.0 0.0 0.0 0.0
249.6 0.0 -1.2874 0.0 0.0 0.0 0.0
249.8 0.0 -1.2823 0.0 0.0 0.0 0.0
250.0 0.0 -1.2627 0.0 0.0 0.0 0.0
250.2 0.0 -1.2298 0.0 0.0 0.0 0.0
250.4 0.0 -1.1907 0.0 0.0 0.0 0.0
250.6 0.0 -1.1558 0.0 0.0 0.0 0.0
250.8 0.0 -1.1357 0.0 0.0 0.0 0.0
251.0 0.0 -1.1349 0.0 0.0 0.0 0.0
251.2 0.0 -1.1487 0.0 0.0 0.0 0.0
251.4 0.0 -1.1633 0.0 0.0 0.0 0.0
251.6 0.0 -1.1621 0.0 0.0 0.0 0.0
251.8 0.0 -1.1338 0.0 0.0 0.0 0.0
252.0 0.0 -1.0806 0.0 0.0 0.0 0.0
252.2 0.0 -1.0192 0.0 0.0 0.0 0.0
252.4 0.0 -0.97185 0.0 0.0 0.0 0.0
252.6 0.0 -0.95332 0.0 0.0 0.0 0.0
252.8 0.0 -0.96304 0.0 0.0 0.0 0.0
253.0 0.0 -0.98683 0.0 0.0 0.0 0.0
253.2 0.0 -1.0071 0.0 0.0 0.0 0.0
253.4 0.0 -1.0149 0.0 0.0 0.0 0.0
253.6 0.0 -1.0138 0.0 0.0 0.0 0.0
253.8 0.0 -1.0144 0.0 0.0 0.0 0.0
254.0 0.0 -1.0259 0.0 0.0 0.0 0.0
254.2 0.0 -1.0497 0.0 0.0 0.0 0.0
254.4 0.0 -1.0802 0.0 0.0 0.0 0.0
254.6 0.0 -1.1091 0.0 0.0 0.0 0.0
254.8 0.0 -1.1311 0.0 0.0 0.0 0.0
255.0 0.0 -1.1438 0.0 0.0 0.0 0.0
255.2 0.0 -1.1474 0.0 0.0 0.0 0.0
255.4 0.0 -1.1446 0.0 0.0 0.0 0.0
255.6 0.0 -1.1398 0.0 0.0 0.0 0.0
255.8 0.0 -1.1386 0.0 0.0 0.0 0.0
256.0 0.0 -1.1462 0.0 0.0 0.0 0.0
256.2 0.0 -1.1657 0.0 0.0 0.0 0.0
256.4 0.0 -1.1954 0.0 0.0 0.0 0.0
256.6 0.0 -1.2287 0.0 0.0 0.0 0.0
256.8 0.0 -1.2566 0.0 0.0 0.0 0.0
257.0 0.0 -1.2716 0.0 0.0 0.0 0.0
257.2 0.0 -1.2715 0.0 0.0 0.0 0.0
257.4 0.0 -1.2616 0.0 0.0 0.0 0.0
257.6 0.0 -1.2517 0.0 0.0 0.0 0.0
257.8 0.0 -1.2495 0.0 0.0 0.0 0.0
258.0 0.0 -1.2569 0.0 0.0 0.0 0.0
258.2 0.0 -1.2678 0.0 0.0 0.0 0.0
258.4 0.0 -1.2718 0.0 0.0 0.0 0.0
258.6 0.0 -1.2614 0.0 0.0 0.0 0.0
258.8 0.0 -1.2363 0.0 0.0 0.0 0.0
259.0 0.0 -1.2042 0.0 0.0 0.0 0.0
259.2 0.0 -1.1761 0.0 0.0 0.0 0.0
259.4 0.0 -1.1598 0.0 0.0 0.0 0.0
259.6 0.0 -1.1562 0.0 0.0 0.0 0.0
259.8 0.0 -1.1602 0.0 0.0 0.0 0.0
260.0 0.0 -1.1652 0.0 0.0 0.0 0.0
260.2 0.0 -1.1679 0.0 0.0 0.0 0.0
260.4 0.0 -1.1678 0.0 0.0 0.0 0.0
260.6 0.0 -1.1671 0.0 0.0 0.0 0.0
260.8 0.0 -1.167 0.0 0.0 0.0 0.0
261.0 0.0 -1.1676 0.0 0.0 0.0 0.0
261.2 0.0 -1.1683 0.0 0.0 0.0 0.0
261.4 0.0 -1.1696 0.0 0.0 0.0 0.0
261.6 0.0 -1.1714 0.0 0.0 0.0 0.0
261.8 0.0 -1.171 0.0 0.0 0.0 0.0
262.0 0.0 -1.1642 0.0 0.0 0.0 0.0
262.2 0.0 -1.1466 0.0 0.0 0.0 0.0
262.4 0.0 -1.1179 0.0 0.0 0.0 0.0
262.6 0.0 -1.0831 0.0 0.0 0.0 0.0
262.8 0.0 -1.0506 0.0 0.0 0.0 0.0
263.0 0.0 -1.0282 0.0 0.0 0.0 0.0
263.2 0.0 -1.0187 0.0 0.0 0.0 0.0
263.4 0.0 -1.0195 0.0 0.0 0.0 0.0
263.6 0.0 -1.0254 0.0 0.0 0.0 0.0
263.8 0.0 -1.0323 0.0 0.0 0.0 0.0
264.0 0.0 -1.0379 0.0 0.0 0.0 0.0
264.2 0.0 -1.0413 0.0 0.0 0.0 0.0
264.4 0.0 -1.0402 0.0 0.0 0.0 0.0
264.6 0.0 -1.0313 0.0 0.0 0.0 0.0
264.8 0.0 -1.0124 0.0 0.0 0.0 0.0
265.0 0.0 -0.98551 0.0 0.0 0.0 0.0
265.2 0.0 -0.95746 0.0 0.0 0.0 0.0
265.4 0.0 -0.93758 0.0 0.0 0.0 0.0
265.6 0.0 -0.93116 0.0 0.0 0.0 0.0
265.8 0.0 -0.93678 0.0 0.0 0.0 0.0
266.0 0.0 -0.948 0.0 0.0 0.0 0.0
266.2 0.0 -0.95818 0.0 0.0 0.0 0.0
266.4 0.0 -0.96357 0.0 0.0 0.0 0.0
266.6 0.0 -0.96326 0.0 0.0 0.0 0.0
266.8 0.0 -0.95626 0.0 0.0 0.0 0.0
267.0 0.0 -0.94025 0.0 0.0 0.0 0.0
267.2 0.0 -0.91308 0.0 0.0 0.0 0.0
267.4 0.0 -0.87643 0.0 0.0 0.0 0.0
267.6 0.0 -0.83712 0.0 0.0 0.0 0.0
267.8 0.0 -0.80499 0.0 0.0 0.0 0.0
268.0 0.0 -0.7869 0.0 0.0 0.0 0.0
268.2 0.0 -0.784 0.0 0.0 0.0 0.0
268.4 0.0 -0.79284 0.0 0.0 0.0 0.0
268.6 0.0 -0.80882 0.0 0.0 0.0 0.0
268.8 0.0 -0.8277 0.0 0.0 0.0 0.0
269.0 0.0 -0.84647 0.0 0.0 0.0 0.0
269.2 0.0 -0.86087 0.0 0.0 0.0 0.0
269.4 0.0 -0.86474 0.0 0.0 0.0 0.0
269.6 0.0 5e-06 0.0 0.0 0.0 0.0
269.8 0.0 -1.4e-05 0.0 0.0 0.0 0.0
270.0 0.0 -0.000239 0.0 0.0 0.0 0.0
270.2 0.0 0.000178 0.0 0.0 0.0 0.0
270.4 0.0 0.002251 0.0 0.0 0.0 0.0
270.6 0.0 0.005705 0.0 0.0 0.0 0.0
270.8 0.0 0.008607 0.0 0.0 0.0 0.0
271.0 0.0 0.008046 0.0 0.0 0.0 0.0
271.2 0.0 0.001223 0.0 0.0 0.0 0.0
271.4 0.0 -0.008728 0.0 0.0 0.0 0.0
271.6 0.0 -0.010946 0.0 0.0 0.0 0.0
271.8 0.0 0.010699 0.0 0.0 0.0 0.0
272.0 0.0 0.070692 0.0 0.0 0.0 0.0
272.2 0.0 0.17453 0.0 0.0 0.0 0.0
272.4 0.0 0.3107 0.0 0.0 0.0 0.0
272.6 0.0 0.45124 0.0 0.0 0.0 0.0
272.8 0.0 0.56165 0.0 0.0 0.0 0.0
273.0 0.0 0.61658 0.0 0.0 0.0 0.0
273.2 0.0 0.61281 0.0 0.0 0.0 0.0
273.4 0.0 0.56973 0.0 0.0 0.0 0.0
273.6 0.0 0.51893 0.0 0.0 0.0 0.0
273.8 0.0 0.48512 0.0 0.0 0.0 0.0
274.0 0.0 0.473 0.0 0.0 0.0 0.0
274.2 0.0 0.46925 0.0 0.0 0.0 0.0
274.4 0.0 0.45617 0.0 0.0 0.0 0.0
274.6 0.0 0.42567 0.0 0.0 0.0 0.0
274.8 0.0 0.38779 0.0 0.0 0.0 0.0
275.0 0.0 0.36387 0.0 0.0 0.0 0.0
275.2 0.0 0.37113 0.0 0.0 0.0 0.0
275.4 0.0 0.41345 0.0 0.0 0.0 0.0
275.6 0.0 0.47959 0.0 0.0 0.0 0.0
275.8 0.0 0.54807 0.0 0.0 0.0 0.0
276.0 0.0 0.59542 0.0 0.0 0.0 0.0
276.2 0.0 0.60685 0.0 0.0 0.0 0.0
276.4 0.0 0.58005 0.0 0.0 0.0 0.0
276.6 0.0 0.52639 0.0 0.0 0.0 0.0
276.8 0.0 0.46693 0.0 0.0 0.0 0.0
277.0 0.0 0.42217 0.0 0.0 0.0 0.0
277.2 0.0 0.40274 0.0 0.0 0.0 0.0
277.4 0.0 0.40372 0.0 0.0 0.0 0.0
277.6 0.0 0.41125 0.0 0.0 0.0 0.0
277.8 0.0 0.41233 0.0 0.0 0.0 0.0
278.0 0.0 0.40273 0.0 0.0 0.0 0.0
278.2 0.0 0.38556 0.0 0.0 0.0 0.0
278.4 0.0 0.36636 0.0 0.0 0.0 0.0
278.6 0.0 0.34413 0.0 0.0 0.0 0.0
278.8 0.0 0.31369 0.0 0.0 0.0 0.0
279.0 0.0 0.27066 0.0 0.0 0.0 0.0
279.2 0.0 0.21674 0.0 0.0 0.0 0.0
279.4 0.0 0.16126 0.0 0.0 0.0 0.0
279.6 0.0 0.11843 0.0 0.0 0.0 0.0
279.8 0.0 0.097904 0.0 0.0 0.0 0.0
280.0 0.0 0.10553 0.0 0.0 0.0 0.0
280.2 0.0 0.14766 0.0 0.0 0.0 0.0
280.4 0.0 0.233 0.0 0.0 0.0 0.0
280.6 0.0 0.36773 0.0 0.0 0.0 0.0
280.8 0.0 0.54727 0.0 0.0 0.0 0.0
281.0 0.0 0.74616 0.0 0.0 0.0 0.0
281.2 0.0 0.92171 0.0 0.0 0.0 0.0
281.4 0.0 1.0291 0.0 0.0 0.0 0.0
281.6 0.0 1.043 0.0 0.0 0.0 0.0
281.8 0.0 0.97068 0.0 0.0 0.0 0.0
282.0 0.0 0.84982 0.0 0.0 0.0 0.0
282.2 0.0 0.72786 0.0 0.0 0.0 0.0
282.4 0.0 0.64113 0.0 0.0 0.0 0.0
282.6 0.0 0.60096 0.0 0.0 0.0 0.0
282.8 0.0 0.59675 0.0 0.0 0.0 0.0
283.0 0.0 0.6087 0.0 0.0 0.0 0.0
283.2 0.0 0.62015 0.0 0.0 0.0 0.0
283.4 0.0 0.62394 0.0 0.0 0.0 0.0
283.6 0.0 0.62225 0.0 0.0 0.0 0.0
283.8 0.0 0.61854 0.0 0.0 0.0 0.0
284.0 0.0 0.61579 0.0 0.0 0.0 0.0
284.2 0.0 0.61529 0.0 0.0 0.0 0.0
284.4 0.0 0.61657 0.0 0.0 0.0 0.0
284.6 0.0 0.61797 0.0 0.0 0.0 0.0
284.8 0.0 0.61937 0.0 0.0 0.0 0.0
285.0 0.0 0.62059 0.0 0.0 0.0 0.0
285.2 0.0 0.62148 0.0 0.0 0.0 0.0
285.4 0.0 0.62217 0.0 0.0 0.0 0.0
285.6 0.0 0.62358 0.0 0.0 0.0 0.0
285.8 0.0 0.62636 0.0 0.0 0.0 0.0
286.0 0.0 0.63035 0.0 0.0 0.0 0.0
286.2 0.0 0.63361 0.0 0.0 0.0 0.0
286.4 0.0 0.63246 0.0 0.0 0.0 0.0
286.6 0.0 0.62338 0.0 0.0 0.0 0.0
286.8 0.0 0.60574 0.0 0.0 0.0 0.0
287.0 0.0 0.58258 0.0 0.0 0.0 0.0
287.2 0.0 0.56083 0.0 0.0 0.0 0.0
287.4 0.0 0.54887 0.0 0.0 0.0 0.0
287.6 0.0 0.55316 0.0 0.0 0.0 0.0
287.8 0.0 0.57493 0.0 0.0 0.0 0.0
288.0 0.0 0.60901 0.0 0.0 0.0 0.0
288.2 0.0 0.6452 0.0 0.0 0.0 0.0
288.4 0.0 0.67225 0.0 0.0 0.0 0.0
288.6 0.0 0.68265 0.0 0.0 0.0 0.0
288.8 0.0 0.67588 0.0 0.0 0.0 0.0
289.0 0.0 0.65817 0.0 0.0 0.0 0.0
289.2 0.0 0.6388 0.0 0.0 0.0 0.0
289.4 0.0 0.62522 0.0 0.0 0.0 0.0
289.6 0.0 0.62033 0.0 0.0 0.0 0.0
289.8 0.0 0.62203 0.0 0.0 0.0 0.0
290.0 0.0 0.62632 0.0 0.0 0.0 0.0
290.2 0.0 0.63015 0.0 0.0 0.0 0.0
290.4 0.0 0.63244 0.0 0.0 0.0 0.0
290.6 0.0 0.63319 0.0 0.0 0.0 0.0
290.8 0.0 0.63402 0.0 0.0 0.0 0.0
291.0 0.0 0.63561 0.0 0.0 0.0 0.0
291.2 0.0 0.6382 0.0 0.0 0.0 0.0
291.4 0.0 0.64374 0.0 0.0 0.0 0.0
291.6 0.0 0.65023 0.0 0.0 0.0 0.0
291.8 0.0 0.6517 0.0 0.0 0.0 0.0
292.0 0.0 0.6438 0.0 0.0 0.0 0.0
292.2 0.0 0.62969 0.0 0.0 0.0 0.0
292.4 0.0 0.62841 0.0 0.0 0.0 0.0
292.6 0.0 0.67845 0.0 0.0 0.0 0.0
292.8 0.0 0.82495 0.0 0.0 0.0 0.0
293.0 0.0 1.0974 0.0 0.0 0.0 0.0
293.2 0.0 1.4863 0.0 0.0 0.0 0.0
293.4 0.0 1.9373 0.0 0.0 0.0 0.0
293.6 0.0 2.3693 0.0 0.0 0.0 0.0
293.8 0.0 2.7079 0.0 0.0 0.0 0.0
294.0 0.0 2.9164 0.0 0.0 0.0 0.0
294.2 0.0 3.0026 0.0 0.0 0.0 0.0
294.4 0.0 3.0053 0.0 0.0 0.0 0.0
294.6 0.0 2.9678 0.0 0.0 0.0 0.0
294.8 0.0 2.9185 0.0 0.0 0.0 0.0
295.0 0.0 2.8628 0.0 0.0 0.0 0.0
295.2 0.0 2.7894 0.0 0.0 0.0 0.0
295.4 0.0 2.6833 0.0 0.0 0.0 0.0
295.6 0.0 2.5328 0.0 0.0 0.0 0.0
295.8 0.0 2.3365 0.0 0.0 0.0 0.0
296.0 0.0 2.1082 0.0 0.0 0.0 0.0
296.2 0.0 1.8718 0.0 0.0 0.0 0.0
296.4 0.0 1.6522 0.0 0.0 0.0 0.0
296.6 0.0 1.4681 0.0 0.0 0.0 0.0
296.8 0.0 1.3237 0.0 0.0 0.0 0.0
297.0 0.0 1.2101 0.0 0.0 0.0 0.0
297.2 0.0 1.1133 0.0 0.0 0.0 0.0
297.4 0.0 1.0229 0.0 0.0 0.0 0.0
297.6 0.0 0.93653 0.0 0.0 0.0 0.0
297.8 0.0 0.85639 0.0 0.0 0.0 0.0
298.0 0.0 0.78482 0.0 0.0 0.0 0.0
298.2 0.0 0.72092 0.0 0.0 0.0 0.0
298.4 0.0 0.66398 0.0 0.0 0.0 0.0
298.6 0.0 0.61624 0.0 0.0 0.0 0.0
298.8 0.0 0.58106 0.0 0.0 0.0 0.0
299.0 0.0 0.55806 0.0 0.0 0.0 0.0
299.2 0.0 0.54056 0.0 0.0 0.0 0.0
299.4 0.0 0.51712 0.0 0.0 0.0 0.0
299.6 0.0 0.47773 0.0 0.0 0.0 0.0
299.8 0.0 0.41932 0.0 0.0 0.0 0.0
300.0 0.0 0.34634 0.0 0.0 0.0 0.0
