0.0 0.0 0.0 0.0 0.0 0.0 0.0
0.2 0.0 1e-06 0.0 0.0 0.0 0.0
0.4 0.0 0.000315 0.0 0.0 0.0 0.0
0.6 0.0 -0.001626 0.0 0.0 0.0 0.0
0.8 0.0 -0.000712 0.0 0.0 0.0 0.0
1.0 0.0 -0.002261 0.0 0.0 0.0 0.0
1.2 0.0 -0.00466 0.0 0.0 0.0 0.0
1.4 0.0 -0.004814 0.0 0.0 0.0 0.0
1.6 0.0 -0.001968 0.0 0.0 0.0 0.0
1.8 0.0 0.003996 0.0 0.0 0.0 0.0
2.0 0.0 0.005339 0.0 0.0 0.0 0.0
2.2 0.0 -0.011081 0.0 0.0 0.0 0.0
2.4 0.0 -0.054669 0.0 0.0 0.0 0.0
2.6 0.0 -0.12343 0.0 0.0 0.0 0.0
2.8 0.0 -0.20102 0.0 0.0 0.0 0.0
3.0 0.0 -0.26612 0.0 0.0 0.0 0.0
3.2 0.0 -0.30361 0.0 0.0 0.0 0.0
3.4 0.0 -0.31389 0.0 0.0 0.0 0.0
3.6 0.0 -0.31005 0.0 0.0 0.0 0.0
3.8 0.0 -0.30672 0.0 0.0 0.0 0.0
4.0 0.0 -0.31251 0.0 0.0 0.0 0.0
4.2 0.0 -0.32724 0.0 0.0 0.0 0.0
4.4 0.0 -0.34737 0.0 0.0 0.0 0.0
4.6 0.0 -0.37397 0.0 0.0 0.0 0.0
4.8 0.0 -0.40118 0.0 0.0 0.0 0.0
5.0 0.0 -0.43101 0.0 0.0 0.0 0.0
5.2 0.0 -0.45039 0.0 0.0 0.0 0.0
5.4 0.0 -0.45832 0.0 0.0 0.0 0.0
5.6 0.0 -0.45182 0.0 0.0 0.0 0.0
5.8 0.0 -0.4316 0.0 0.0 0.0 0.0
6.0 0.0 -0.39942 0.0 0.0 0.0 0.0
6.2 0.0 -0.35607 0.0 0.0 0.0 0.0
6.4 0.0 -0.29983 0.0 0.0 0.0 0.0
6.6 0.0 -0.23407 0.0 0.0 0.0 0.0
6.8 0.0 -0.15341 0.0 0.0 0.0 0.0
7.0 0.0 -0.057591 0.0 0.0 0.0 0.0
7.2 0.0 0.050069 0.0 0.0 0.0 0.0
7.4 0.0 0.15571 0.0 0.0 0.0 0.0
7.6 0.0 0.23983 0.0 0.0 0.0 0.0
7.8 0.0 0.28469 0.0 0.0 0.0 0.0
8.0 0.0 0.28363 0.0 0.0 0.0 0.0
8.2 0.0 0.25554 0.0 0.0 0.0 0.0
8.4 0.0 0.22779 0.0 0.0 0.0 0.0
8.6 0.0 0.22094 0.0 0.0 0.0 0.0
8.8 0.0 0.23947 0.0 0.0 0.0 0.0
9.0 0.0 0.26913 0.0 0.0 0.0 0.0
9.2 0.0 0.30202 0.0 0.0 0.0 0.0
9.4 0.0 0.32797 0.0 0.0 0.0 0.0
9.6 0.0 0.35233 0.0 0.0 0.0 0.0
9.8 0.0 0.37884 0.0 0.0 0.0 0.0
10.0 0.0 0.40227 0.0 0.0 0.0 0.0
10.2 0.0 0.41269 0.0 0.0 0.0 0.0
10.4 0.0 0.40647 0.0 0.0 0.0 0.0
10.6 0.0 0.38211 0.0 0.0 0.0 0.0
10.8 0.0 0.34592 0.0 0.0 0.0 0.0
11.0 0.0 0.29984 0.0 0.0 0.0 0.0
11.2 0.0 0.2422 0.0 0.0 0.0 0.0
11.4 0.0 0.17077 0.0 0.0 0.0 0.0
11.6 0.0 0.092673 0.0 0.0 0.0 0.0
11.8 0.0 0.020952 0.0 0.0 0.0 0.0
12.0 0.0 -0.033418 0.0 0.0 0.0 0.0
12.2 0.0 -0.059707 0.0 0.0 0.0 0.0
12.4 0.0 -0.061781 0.0 0.0 0.0 0.0
12.6 0.0 -0.054584 0.0 0.0 0.0 0.0
12.8 0.0 -0.052599 0.0 0.0 0.0 0.0
13.0 0.0 -0.063121 0.0 0.0 0.0 0.0
13.2 0.0 -0.083661 0.0 0.0 0.0 0.0
13.4 0.0 -0.10671 0.0 0.0 0.0 0.0
13.6 0.0 -0.12709 0.0 0.0 0.0 0.0
13.8 0.0 -0.14146 0.0 0.0 0.0 0.0
14.0 0.0 -0.14939 0.0 0.0 0.0 0.0
14.2 0.0 -0.15051 0.0 0.0 0.0 0.0
14.4 0.0 -0.14381 0.0 0.0 0.0 0.0
14.6 0.0 -0.1244 0.0 0.0 0.0 0.0
14.8 0.0 -0.09312 0.0 0.0 0.0 0.0
15.0 0.0 -0.050431 0.0 0.0 0.0 0.0
15.2 0.0 -0.001951 0.0 0.0 0.0 0.0
15.4 0.0 0.046026 0.0 0.0 0.0 0.0
15.6 0.0 0.089393 0.0 0.0 0.0 0.0
15.8 0.0 0.12655 0.0 0.0 0.0 0.0
16.0 0.0 0.15596 0.0 0.0 0.0 0.0
16.2 0.0 0.177 0.0 0.0 0.0 0.0
16.4 0.0 0.19033 0.0 0.0 0.0 0.0
16.6 0.0 0.19743 0.0 0.0 0.0 0.0
16.8 0.0 0.20213 0.0 0.0 0.0 0.0
17.0 0.0 0.20769 0.0 0.0 0.0 0.0
17.2 0.0 0.21373 0.0 0.0 0.0 0.0
17.4 0.0 0.21743 0.0 0.0 0.0 0.0
17.6 0.0 0.21353 0.0 0.0 0.0 0.0
17.8 0.0 0.19853 0.0 0.0 0.0 0.0
18.0 0.0 0.17086 0.0 0.0 0.0 0.0
18.2 0.0 0.13364 0.0 0.0 0.0 0.0
18.4 0.0 0.090061 0.0 0.0 0.0 0.0
18.6 0.0 0.044647 0.0 0.0 0.0 0.0
18.8 0.0 0.002523 0.0 0.0 0.0 0.0
19.0 0.0 -0.03183 0.0 0.0 0.0 0.0
19.2 0.0 -0.054931 0.0 0.0 0.0 0.0
19.4 0.0 -0.066289 0.0 0.0 0.0 0.0
19.6 0.0 -0.067295 0.0 0.0 0.0 0.0
19.8 0.0 -0.065086 0.0 0.0 0.0 0.0
20.0 0.0 -0.065532 0.0 0.0 0.0 0.0
20.2 0.0 -0.073701 0.0 0.0 0.0 0.0
20.4 0.0 -0.088513 0.0 0.0 0.0 0.0
20.6 0.0 -0.106 0.0 0.0 0.0 0.0
20.8 0.0 -0.11987 0.0 0.0 0.0 0.0
21.0 0.0 -0.12781 0.0 0.0 0.0 0.0
21.2 0.0 -0.12984 0.0 0.0 0.0 0.0
21.4 0.0 -0.13082 0.0 0.0 0.0 0.0
21.6 0.0 -0.13796 0.0 0.0 0.0 0.0
21.8 0.0 -0.15565 0.0 0.0 0.0 0.0
22.0 0.0 -0.18446 0.0 0.0 0.0 0.0
22.2 0.0 -0.2174 0.0 0.0 0.0 0.0
22.4 0.0 -0.24639 0.0 0.0 0.0 0.0
22.6 0.0 -0.26689 0.0 0.0 0.0 0.0
22.8 0.0 -0.27588 0.0 0.0 0.0 0.0
23.0 0.0 -0.27701 0.0 0.0 0.0 0.0
23.2 0.0 -0.27288 0.0 0.0 0.0 0.0
23.4 0.0 -0.26487 0.0 0.0 0.0 0.0
23.6 0.0 -0.25024 0.0 0.0 0.0 0.0
23.8 0.0 -0.23084 0.0 0.0 0.0 0.0
24.0 0.0 -0.20895 0.0 0.0 0.0 0.0
24.2 0.0 -0.18825 0.0 0.0 0.0 0.0
24.4 0.0 -0.17351 0.0 0.0 0.0 0.0
24.6 0.0 -0.1581 0.0 0.0 0.0 0.0
24.8 0.0 -0.1307 0.0 0.0 0.0 0.0
25.0 0.0 -0.080416 0.0 0.0 0.0 0.0
25.2 0.0 -0.015549 0.0 0.0 0.0 0.0
25.4 0.0 0.053038 0.0 0.0 0.0 0.0
25.6 0.0 0.098691 0.0 0.0 0.0 0.0
25.8 0.0 0.1215 0.0 0.0 0.0 0.0
26.0 0.0 0.13337 0.0 0.0 0.0 0.0
26.2 0.0 0.1528 0.0 0.0 0.0 0.0
26.4 0.0 0.1816 0.0 0.0 0.0 0.0
26.6 0.0 0.21074 0.0 0.0 0.0 0.0
26.8 0.0 0.22008 0.0 0.0 0.0 0.0
27.0 0.0 0.19221 0.0 0.0 0.0 0.0
27.2 0.0 0.12996 0.0 0.0 0.0 0.0
27.4 0.0 0.048264 0.0 0.0 0.0 0.0
27.6 0.0 -0.030462 0.0 0.0 0.0 0.0
27.8 0.0 -0.094893 0.0 0.0 0.0 0.0
28.0 0.0 -0.13331 0.0 0.0 0.0 0.0
28.2 0.0 -0.14146 0.0 0.0 0.0 0.0
28.4 0.0 -0.1257 0.0 0.0 0.0 0.0
28.6 0.0 -0.095339 0.0 0.0 0.0 0.0
28.8 0.0 -0.066186 0.0 0.0 0.0 0.0
29.0 0.0 -0.047787 0.0 0.0 0.0 0.0
29.2 0.0 -0.049813 0.0 0.0 0.0 0.0
29.4 0.0 -0.05612 0.0 0.0 0.0 0.0
29.6 0.0 -0.062561 0.0 0.0 0.0 0.0
29.8 0.0 -0.057892 0.0 0.0 0.0 0.0
30.0 0.0 -0.04587 0.0 0.0 0.0 0.0
30.2 0.0 -0.034463 0.0 0.0 0.0 0.0
30.4 0.0 -0.031197 0.0 0.0 0.0 0.0
30.6 0.0 -0.034073 0.0 0.0 0.0 0.0
30.8 0.0 -0.036282 0.0 0.0 0.0 0.0
31.0 0.0 -0.036788 0.0 0.0 0.0 0.0
31.2 0.0 -0.028832 0.0 0.0 0.0 0.0
31.4 0.0 -0.013147 0.0 0.0 0.0 0.0
31.6 0.0 0.00414 0.0 0.0 0.0 0.0
31.8 0.0 0.010006 0.0 0.0 0.0 0.0
32.0 0.0 0.00189 0.0 0.0 0.0 0.0
32.2 0.0 -0.014986 0.0 0.0 0.0 0.0
32.4 0.0 -0.031441 0.0 0.0 0.0 0.0
32.6 0.0 -0.040526 0.0 0.0 0.0 0.0
32.8 0.0 -0.04059 0.0 0.0 0.0 0.0
33.0 0.0 -0.037514 0.0 0.0 0.0 0.0
33.2 0.0 -0.039747 0.0 0.0 0.0 0.0
33.4 0.0 -0.04707 0.0 0.0 0.0 0.0
33.6 0.0 -0.054342 0.0 0.0 0.0 0.0
33.8 0.0 -0.051734 0.0 0.0 0.0 0.0
34.0 0.0 -0.035844 0.0 0.0 0.0 0.0
34.2 0.0 -0.012343 0.0 0.0 0.0 0.0
34.4 0.0 0.01105 0.0 0.0 0.0 0.0
34.6 0.0 0.027316 0.0 0.0 0.0 0.0
34.8 0.0 0.03948 0.0 0.0 0.0 0.0
35.0 0.0 0.054944 0.0 0.0 0.0 0.0
35.2 0.0 0.08276 0.0 0.0 0.0 0.0
35.4 0.0 0.12755 0.0 0.0 0.0 0.0
35.6 0.0 0.18317 0.0 0.0 0.0 0.0
35.8 0.0 0.24164 0.0 0.0 0.0 0.0
36.0 0.0 0.28987 0.0 0.0 0.0 0.0
36.2 0.0 0.32062 0.0 0.0 0.0 0.0
36.4 0.0 0.33025 0.0 0.0 0.0 0.0
36.6 0.0 0.32579 0.0 0.0 0.0 0.0
36.8 0.0 0.32804 0.0 0.0 0.0 0.0
37.0 0.0 0.36553 0.0 0.0 0.0 0.0
37.2 0.0 0.454 0.0 0.0 0.0 0.0
37.4 0.0 0.58116 0.0 0.0 0.0 0.0
37.6 0.0 0.69962 0.0 0.0 0.0 0.0
37.8 0.0 0.74475 0.0 0.0 0.0 0.0
38.0 0.0 0.66976 0.0 0.0 0.0 0.0
38.2 0.0 0.47561 0.0 0.0 0.0 0.0
38.4 0.0 0.21669 0.0 0.0 0.0 0.0
38.6 0.0 -0.027031 0.0 0.0 0.0 0.0
38.8 0.0 -0.19366 0.0 0.0 0.0 0.0
39.0 0.0 -0.26491 0.0 0.0 0.0 0.0
39.2 0.0 -0.26511 0.0 0.0 0.0 0.0
39.4 0.0 -0.23698 0.0 0.0 0.0 0.0
39.6 0.0 -0.21324 0.0 0.0 0.0 0.0
39.8 0.0 -0.20304 0.0 0.0 0.0 0.0
40.0 0.0 -0.19917 0.0 0.0 0.0 0.0
40.2 0.0 -0.18756 0.0 0.0 0.0 0.0
40.4 0.0 -0.16368 0.0 0.0 0.0 0.0
40.6 0.0 -0.12953 0.0 0.0 0.0 0.0
40.8 0.0 -0.09347 0.0 0.0 0.0 0.0
41.0 0.0 -0.060872 0.0 0.0 0.0 0.0
41.2 0.0 -0.0353 0.0 0.0 0.0 0.0
41.4 0.0 -0.014324 0.0 0.0 0.0 0.0
41.6 0.0 0.004036 0.0 0.0 0.0 0.0
41.8 0.0 0.02212 0.0 0.0 0.0 0.0
42.0 0.0 0.036188 0.0 0.0 0.0 0.0
42.2 0.0 0.040934 0.0 0.0 0.0 0.0
42.4 0.0 0.033151 0.0 0.0 0.0 0.0
42.6 0.0 0.013282 0.0 0.0 0.0 0.0
42.8 0.0 -0.01061 0.0 0.0 0.0 0.0
43.0 0.0 -0.030864 0.0 0.0 0.0 0.0
43.2 0.0 -0.039296 0.0 0.0 0.0 0.0
43.4 0.0 -0.03624 0.0 0.0 0.0 0.0
43.6 0.0 -0.023508 0.0 0.0 0.0 0.0
43.8 0.0 -0.006983 0.0 0.0 0.0 0.0
44.0 0.0 0.007768 0.0 0.0 0.0 0.0
44.2 0.0 0.013844 0.0 0.0 0.0 0.0
44.4 0.0 0.007931 0.0 0.0 0.0 0.0
44.6 0.0 -0.008141 0.0 0.0 0.0 0.0
44.8 0.0 -0.025466 0.0 0.0 0.0 0.0
45.0 0.0 -0.033227 0.0 0.0 0.0 0.0
45.2 0.0 -0.026221 0.0 0.0 0.0 0.0
45.4 0.0 -0.005709 0.0 0.0 0.0 0.0
45.6 0.0 0.016841 0.0 0.0 0.0 0.0
45.8 0.0 0.031839 0.0 0.0 0.0 0.0
46.0 0.0 0.035056 0.0 0.0 0.0 0.0
46.2 0.0 0.027638 0.0 0.0 0.0 0.0
46.4 0.0 0.016685 0.0 0.0 0.0 0.0
46.6 0.0 0.003316 0.0 0.0 0.0 0.0
46.8 0.0 -0.009936 0.0 0.0 0.0 0.0
47.0 0.0 -0.023309 0.0 0.0 0.0 0.0
47.2 0.0 -0.034321 0.0 0.0 0.0 0.0
47.4 0.0 -0.038286 0.0 0.0 0.0 0.0
47.6 0.0 -0.032747 0.0 0.0 0.0 0.0
47.8 0.0 -0.023151 0.0 0.0 0.0 0.0
48.0 0.0 -0.015907 0.0 0.0 0.0 0.0
48.2 0.0 -0.018384 0.0 0.0 0.0 0.0
48.4 0.0 -0.03097 0.0 0.0 0.0 0.0
48.6 0.0 -0.047296 0.0 0.0 0.0 0.0
48.8 0.0 -0.056205 0.0 0.0 0.0 0.0
49.0 0.0 -0.050054 0.0 0.0 0.0 0.0
49.2 0.0 -0.031382 0.0 0.0 0.0 0.0
49.4 0.0 -0.006687 0.0 0.0 0.0 0.0
49.6 0.0 0.014295 0.0 0.0 0.0 0.0
49.8 0.0 0.022253 0.0 0.0 0.0 0.0
50.0 0.0 0.01712 0.0 0.0 0.0 0.0
50.2 0.0 0.002583 0.0 0.0 0.0 0.0
50.4 0.0 -0.015846 0.0 0.0 0.0 0.0
50.6 0.0 -0.032647 0.0 0.0 0.0 0.0
50.8 0.0 -0.043395 0.0 0.0 0.0 0.0
51.0 0.0 -0.045043 0.0 0.0 0.0 0.0
51.2 0.0 -0.043061 0.0 0.0 0.0 0.0
51.4 0.0 -0.042516 0.0 0.0 0.0 0.0
51.6 0.0 -0.04781 0.0 0.0 0.0 0.0
51.8 0.0 -0.060672 0.0 0.0 0.0 0.0
52.0 0.0 -0.076376 0.0 0.0 0.0 0.0
52.2 0.0 -0.089322 0.0 0.0 0.0 0.0
52.4 0.0 -0.096236 0.0 0.0 0.0 0.0
52.6 0.0 -0.096113 0.0 0.0 0.0 0.0
52.8 0.0 -0.09168 0.0 0.0 0.0 0.0
53.0 0.0 -0.087867 0.0 0.0 0.0 0.0
53.2 0.0 -0.088414 0.0 0.0 0.0 0.0
53.4 0.0 -0.090449 0.0 0.0 0.0 0.0
53.6 0.0 -0.089448 0.0 0.0 0.0 0.0
53.8 0.0 -0.085834 0.0 0.0 0.0 0.0
54.0 0.0 -0.083581 0.0 0.0 0.0 0.0
54.2 0.0 -0.085685 0.0 0.0 0.0 0.0
54.4 0.0 -0.09813 0.0 0.0 0.0 0.0
54.6 0.0 -0.11792 0.0 0.0 0.0 0.0
54.8 0.0 -0.14338 0.0 0.0 0.0 0.0
55.0 0.0 -0.17024 0.0 0.0 0.0 0.0
55.2 0.0 -0.19563 0.0 0.0 0.0 0.0
55.4 0.0 -0.21445 0.0 0.0 0.0 0.0
55.6 0.0 -0.22044 0.0 0.0 0.0 0.0
55.8 0.0 -0.21097 0.0 0.0 0.0 0.0
56.0 0.0 -0.19389 0.0 0.0 0.0 0.0
56.2 0.0 -0.18799 0.0 0.0 0.0 0.0
56.4 0.0 -0.19762 0.0 0.0 0.0 0.0
56.6 0.0 -0.21297 0.0 0.0 0.0 0.0
56.8 0.0 -0.20814 0.0 0.0 0.0 0.0
57.0 0.0 -0.16273 0.0 0.0 0.0 0.0
57.2 0.0 -0.08804 0.0 0.0 0.0 0.0
57.4 0.0 -0.015671 0.0 0.0 0.0 0.0
57.6 0.0 0.021146 0.0 0.0 0.0 0.0
57.8 0.0 0.018777 0.0 0.0 0.0 0.0
58.0 0.0 0.003674 0.0 0.0 0.0 0.0
58.2 0.0 0.007852 0.0 0.0 0.0 0.0
58.4 0.0 0.032631 0.0 0.0 0.0 0.0
58.6 0.0 0.048618 0.0 0.0 0.0 0.0
58.8 0.0 0.018977 0.0 0.0 0.0 0.0
59.0 0.0 -0.062703 0.0 0.0 0.0 0.0
59.2 0.0 -0.16459 0.0 0.0 0.0 0.0
59.4 0.0 -0.24226 0.0 0.0 0.0 0.0
59.6 0.0 -0.27083 0.0 0.0 0.0 0.0
59.8 0.0 -0.25765 0.0 0.0 0.0 0.0
60.0 0.0 -0.23008 0.0 0.0 0.0 0.0
60.2 0.0 -0.21684 0.0 0.0 0.0 0.0
60.4 0.0 -0.22261 0.0 0.0 0.0 0.0
60.6 0.0 -0.24095 0.0 0.0 0.0 0.0
60.8 0.0 -0.2625 0.0 0.0 0.0 0.0
61.0 0.0 -0.27771 0.0 0.0 0.0 0.0
61.2 0.0 -0.28702 0.0 0.0 0.0 0.0
61.4 0.0 -0.28791 0.0 0.0 0.0 0.0
61.6 0.0 -0.28324 0.0 0.0 0.0 0.0
61.8 0.0 -0.28181 0.0 0.0 0.0 0.0
62.0 0.0 -0.2941 0.0 0.0 0.0 0.0
62.2 0.0 -0.32365 0.0 0.0 0.0 0.0
62.4 0.0 -0.36225 0.0 0.0 0.0 0.0
62.6 0.0 -0.39521 0.0 0.0 0.0 0.0
62.8 0.0 -0.40929 0.0 0.0 0.0 0.0
63.0 0.0 -0.40266 0.0 0.0 0.0 0.0
63.2 0.0 -0.38425 0.0 0.0 0.0 0.0
63.4 0.0 -0.3655 0.0 0.0 0.0 0.0
63.6 0.0 -0.35441 0.0 0.0 0.0 0.0
63.8 0.0 -0.35007 0.0 0.0 0.0 0.0
64.0 0.0 -0.34852 0.0 0.0 0.0 0.0
64.2 0.0 -0.34664 0.0 0.0 0.0 0.0
64.4 0.0 -0.34551 0.0 0.0 0.0 0.0
64.6 0.0 -0.34597 0.0 0.0 0.0 0.0
64.8 0.0 -0.34296 0.0 0.0 0.0 0.0
65.0 0.0 -0.33142 0.0 0.0 0.0 0.0
65.2 0.0 -0.31166 0.0 0.0 0.0 0.0
65.4 0.0 -0.29482 0.0 0.0 0.0 0.0
65.6 0.0 -0.2965 0.0 0.0 0.0 0.0
65.8 0.0 -0.32819 0.0 0.0 0.0 0.0
66.0 0.0 -0.38571 0.0 0.0 0.0 0.0
66.2 0.0 -0.45227 0.0 0.0 0.0 0.0
66.4 0.0 -0.50711 0.0 0.0 0.0 0.0
66.6 0.0 -0.53915 0.0 0.0 0.0 0.0
66.8 0.0 -0.55084 0.0 0.0 0.0 0.0
67.0 0.0 -0.55247 0.0 0.0 0.0 0.0
67.2 0.0 -0.5541 0.0 0.0 0.0 0.0
67.4 0.0 -0.55666 0.0 0.0 0.0 0.0
67.6 0.0 -0.5569 0.0 0.0 0.0 0.0
67.8 0.0 -0.54991 0.0 0.0 0.0 0.0
68.0 0.0 -0.53571 0.0 0.0 0.0 0.0
68.2 0.0 -0.51921 0.0 0.0 0.0 0.0
68.4 0.0 -0.50559 0.0 0.0 0.0 0.0
68.6 0.0 -0.49851 0.0 0.0 0.0 0.0
68.8 0.0 -0.49719 0.0 0.0 0.0 0.0
69.0 0.0 -0.50173 0.0 0.0 0.0 0.0
69.2 0.0 -0.51171 0.0 0.0 0.0 0.0
69.4 0.0 -0.52746 0.0 0.0 0.0 0.0
69.6 0.0 -0.5473 0.0 0.0 0.0 0.0
69.8 0.0 -0.569 0.0 0.0 0.0 0.0
70.0 0.0 -0.5904 0.0 0.0 0.0 0.0
70.2 0.0 -0.61397 0.0 0.0 0.0 0.0
70.4 0.0 -0.64614 0.0 0.0 0.0 0.0
70.6 0.0 -0.69482 0.0 0.0 0.0 0.0
70.8 0.0 -0.76277 0.0 0.0 0.0 0.0
71.0 0.0 -0.84351 0.0 0.0 0.0 0.0
71.2 0.0 -0.92382 0.0 0.0 0.0 0.0
71.4 0.0 -0.99038 0.0 0.0 0.0 0.0
71.6 0.0 -1.0334 0.0 0.0 0.0 0.0
71.8 0.0 -1.053 0.0 0.0 0.0 0.0
72.0 0.0 -1.0549 0.0 0.0 0.0 0.0
72.2 0.0 -1.0501 0.0 0.0 0.0 0.0
72.4 0.0 -1.0478 0.0 0.0 0.0 0.0
72.6 0.0 -1.0563 0.0 0.0 0.0 0.0
72.8 0.0 -1.0796 0.0 0.0 0.0 0.0
73.0 0.0 -1.1152 0.0 0.0 0.0 0.0
73.2 0.0 -1.1544 0.0 0.0 0.0 0.0
73.4 0.0 -1.1864 0.0 0.0 0.0 0.0
73.6 0.0 -1.2043 0.0 0.0 0.0 0.0
73.8 0.0 -1.2066 0.0 0.0 0.0 0.0
74.0 0.0 -1.1996 0.0 0.0 0.0 0.0
74.2 0.0 -1.191 0.0 0.0 0.0 0.0
74.4 0.0 -1.1852 0.0 0.0 0.0 0.0
74.6 0.0 -1.1827 0.0 0.0 0.0 0.0
74.8 0.0 -1.1802 0.0 0.0 0.0 0.0
75.0 0.0 -1.175 0.0 0.0 0.0 0.0
75.2 0.0 -1.1652 0.0 0.0 0.0 0.0
75.4 0.0 -1.153 0.0 0.0 0.0 0.0
75.6 0.0 -1.1384 0.0 0.0 0.0 0.0
75.8 0.0 -1.1271 0.0 0.0 0.0 0.0
76.0 0.0 -1.1216 0.0 0.0 0.0 0.0
76.2 0.0 -1.1229 0.0 0.0 0.0 0.0
76.4 0.0 -1.1256 0.0 0.0 0.0 0.0
76.6 0.0 -1.1237 0.0 0.0 0.0 0.0
76.8 0.0 -1.1136 0.0 0.0 0.0 0.0
77.0 0.0 -1.1002 0.0 0.0 0.0 0.0
77.2 0.0 -1.0954 0.0 0.0 0.0 0.0
77.4 0.0 -1.1117 0.0 0.0 0.0 0.0
77.6 0.0 -1.1504 0.0 0.0 0.0 0.0
77.8 0.0 -1.1952 0.0 0.0 0.0 0.0
78.0 0.0 -1.2252 0.0 0.0 0.0 0.0
78.2 0.0 -1.2293 0.0 0.0 0.0 0.0
78.4 0.0 -1.2176 0.0 0.0 0.0 0.0
78.6 0.0 -1.2164 0.0 0.0 0.0 0.0
78.8 0.0 -1.2483 0.0 0.0 0.0 0.0
79.0 0.0 -1.3121 0.0 0.0 0.0 0.0
79.2 0.0 -1.3823 0.0 0.0 0.0 0.0
79.4 0.0 -1.4268 0.0 0.0 0.0 0.0
79.6 0.0 -1.4268 0.0 0.0 0.0 0.0
79.8 0.0 -1.3918 0.0 0.0 0.0 0.0
80.0 0.0 -1.3464 0.0 0.0 0.0 0.0
80.2 0.0 -1.3129 0.0 0.0 0.0 0.0
80.4 0.0 -1.296 0.0 0.0 0.0 0.0
80.6 0.0 -1.2857 0.0 0.0 0.0 0.0
80.8 0.0 -1.27 0.0 0.0 0.0 0.0
81.0 0.0 -1.2433 0.0 0.0 0.0 0.0
81.2 0.0 -1.2115 0.0 0.0 0.0 0.0
81.4 0.0 -1.1827 0.0 0.0 0.0 0.0
81.6 0.0 -1.1603 0.0 0.0 0.0 0.0
81.8 0.0 -1.144 0.0 0.0 0.0 0.0
82.0 0.0 -1.1333 0.0 0.0 0.0 0.0
82.2 0.0 -1.1323 0.0 0.0 0.0 0.0
82.4 0.0 -1.1422 0.0 0.0 0.0 0.0
82.6 0.0 -1.1603 0.0 0.0 0.0 0.0
82.8 0.0 -1.1781 0.0 0.0 0.0 0.0
83.0 0.0 -1.1862 0.0 0.0 0.0 0.0
83.2 0.0 -1.1799 0.0 0.0 0.0 0.0
83.4 0.0 -1.1632 0.0 0.0 0.0 0.0
83.6 0.0 -1.1442 0.0 0.0 0.0 0.0
83.8 0.0 -1.1279 0.0 0.0 0.0 0.0
84.0 0.0 -1.1126 0.0 0.0 0.0 0.0
84.2 0.0 -1.0961 0.0 0.0 0.0 0.0
84.4 0.0 -1.0736 0.0 0.0 0.0 0.0
84.6 0.0 -1.045 0.0 0.0 0.0 0.0
84.8 0.0 -1.0143 0.0 0.0 0.0 0.0
85.0 0.0 -0.98381 0.0 0.0 0.0 0.0
85.2 0.0 -0.95919 0.0 0.0 0.0 0.0
85.4 0.0 -0.94549 0.0 0.0 0.0 0.0
85.6 0.0 -0.94921 0.0 0.0 0.0 0.0
85.8 0.0 -0.97458 0.0 0.0 0.0 0.0
86.0 0.0 -1.0208 0.0 0.0 0.0 0.0
86.2 0.0 -1.0818 0.0 0.0 0.0 0.0
86.4 0.0 -1.1422 0.0 0.0 0.0 0.0
86.6 0.0 -1.1874 0.0 0.0 0.0 0.0
86.8 0.0 -1.2067 0.0 0.0 0.0 0.0
87.0 0.0 -1.203 0.0 0.0 0.0 0.0
87.2 0.0 -1.1896 0.0 0.0 0.0 0.0
87.4 0.0 -1.1859 0.0 0.0 0.0 0.0
87.6 0.0 -1.2044 0.0 0.0 0.0 0.0
87.8 0.0 -1.2447 0.0 0.0 0.0 0.0
88.0 0.0 -1.2906 0.0 0.0 0.0 0.0
88.2 0.0 -1.3278 0.0 0.0 0.0 0.0
88.4 0.0 -1.3483 0.0 0.0 0.0 0.0
88.6 0.0 -1.3589 0.0 0.0 0.0 0.0
88.8 0.0 -1.3724 0.0 0.0 0.0 0.0
89.0 0.0 -1.3973 0.0 0.0 0.0 0.0
89.2 0.0 -1.43 0.0 0.0 0.0 0.0
89.4 0.0 -1.4585 0.0 0.0 0.0 0.0
89.6 0.0 -1.4751 0.0 0.0 0.0 0.0
89.8 0.0 -1.4788 0.0 0.0 0.0 0.0
90.0 0.0 -1.4793 0.0 0.0 0.0 0.0
90.2 0.0 -1.4845 0.0 0.0 0.0 0.0
90.4 0.0 -1.494 0.0 0.0 0.0 0.0
90.6 0.0 -1.5031 0.0 0.0 0.0 0.0
90.8 0.0 -1.5043 0.0 0.0 0.0 0.0
91.0 0.0 -1.4937 0.0 0.0 0.0 0.0
91.2 0.0 -1.4734 0.0 0.0 0.0 0.0
91.4 0.0 -1.4473 0.0 0.0 0.0 0.0
91.6 0.0 -1.418 0.0 0.0 0.0 0.0
91.8 0.0 -1.3876 0.0 0.0 0.0 0.0
92.0 0.0 -1.3566 0.0 0.0 0.0 0.0
92.2 0.0 -1.3251 0.0 0.0 0.0 0.0
92.4 0.0 -1.2957 0.0 0.0 0.0 0.0
92.6 0.0 -1.2716 0.0 0.0 0.0 0.0
92.8 0.0 -1.2537 0.0 0.0 0.0 0.0
93.0 0.0 -1.243 0.0 0.0 0.0 0.0
93.2 0.0 -1.2386 0.0 0.0 0.0 0.0
93.4 0.0 -1.2385 0.0 0.0 0.0 0.0
93.6 0.0 -1.2402 0.0 0.0 0.0 0.0
93.8 0.0 -1.2393 0.0 0.0 0.0 0.0
94.0 0.0 -1.2334 0.0 0.0 0.0 0.0
94.2 0.0 -1.2226 0.0 0.0 0.0 0.0
94.4 0.0 -1.2098 0.0 0.0 0.0 0.0
94.6 0.0 -1.2009 0.0 0.0 0.0 0.0
94.8 0.0 -1.1969 0.0 0.0 0.0 0.0
95.0 0.0 -1.1977 0.0 0.0 0.0 0.0
95.2 0.0 -1.1981 0.0 0.0 0.0 0.0
95.4 0.0 -1.1952 0.0 0.0 0.0 0.0
95.6 0.0 -1.1873 0.0 0.0 0.0 0.0
95.8 0.0 -1.1774 0.0 0.0 0.0 0.0
96.0 0.0 -1.1703 0.0 0.0 0.0 0.0
96.2 0.0 -1.1694 0.0 0.0 0.0 0.0
96.4 0.0 -1.1784 0.0 0.0 0.0 0.0
96.6 0.0 -1.1969 0.0 0.0 0.0 0.0
96.8 0.0 -1.2217 0.0 0.0 0.0 0.0
97.0 0.0 -1.2491 0.0 0.0 0.0 0.0
97.2 0.0 -1.2758 0.0 0.0 0.0 0.0
97.4 0.0 -1.3037 0.0 0.0 0.0 0.0
97.6 0.0 -1.3366 0.0 0.0 0.0 0.0
97.8 0.0 -1.3779 0.0 0.0 0.0 0.0
98.0 0.0 -1.4255 0.0 0.0 0.0 0.0
98.2 0.0 -1.4732 0.0 0.0 0.0 0.0
98.4 0.0 -1.5093 0.0 0.0 0.0 0.0
98.6 0.0 -1.5303 0.0 0.0 0.0 0.0
98.8 0.0 -1.5382 0.0 0.0 0.0 0.0
99.0 0.0 -1.5423 0.0 0.0 0.0 0.0
99.2 0.0 -1.5469 0.0 0.0 0.0 0.0
99.4 0.0 -1.5526 0.0 0.0 0.0 0.0
99.6 0.0 -1.5531 0.0 0.0 0.0 0.0
99.8 0.0 -1.5426 0.0 0.0 0.0 0.0
100.0 0.0 -1.5182 0.0 0.0 0.0 0.0
100.2 0.0 -1.483 0.0 0.0 0.0 0.0
100.4 0.0 -1.4446 0.0 0.0 0.0 0.0
100.6 0.0 -1.4111 0.0 0.0 0.0 0.0
100.8 0.0 -1.3882 0.0 0.0 0.0 0.0
101.0 0.0 -1.3801 0.0 0.0 0.0 0.0
101.2 0.0 -1.385 0.0 0.0 0.0 0.0
101.4 0.0 -1.3965 0.0 0.0 0.0 0.0
101.6 0.0 -1.4089 0.0 0.0 0.0 0.0
101.8 0.0 -1.4156 0.0 0.0 0.0 0.0
102.0 0.0 -1.4149 0.0 0.0 0.0 0.0
102.2 0.0 -1.4096 0.0 0.0 0.0 0.0
102.4 0.0 -1.4027 0.0 0.0 0.0 0.0
102.6 0.0 -1.3983 0.0 0.0 0.0 0.0
102.8 0.0 -1.3967 0.0 0.0 0.0 0.0
103.0 0.0 -1.3958 0.0 0.0 0.0 0.0
103.2 0.0 -1.3937 0.0 0.0 0.0 0.0
103.4 0.0 -1.3923 0.0 0.0 0.0 0.0
103.6 0.0 -1.3948 0.0 0.0 0.0 0.0
103.8 0.0 -1.404 0.0 0.0 0.0 0.0
104.0 0.0 -1.4194 0.0 0.0 0.0 0.0
104.2 0.0 -1.4379 0.0 0.0 0.0 0.0
104.4 0.0 -1.452 0.0 0.0 0.0 0.0
104.6 0.0 -1.4551 0.0 0.0 0.0 0.0
104.8 0.0 -1.4432 0.0 0.0 0.0 0.0
105.0 0.0 -1.4211 0.0 0.0 0.0 0.0
105.2 0.0 -1.3977 0.0 0.0 0.0 0.0
105.4 0.0 -1.3801 0.0 0.0 0.0 0.0
105.6 0.0 -1.374 0.0 0.0 0.0 0.0
105.8 0.0 -1.3789 0.0 0.0 0.0 0.0
106.0 0.0 -1.3954 0.0 0.0 0.0 0.0
106.2 0.0 -1.4207 0.0 0.0 0.0 0.0
106.4 0.0 -1.454 0.0 0.0 0.0 0.0
106.6 0.0 -1.4908 0.0 0.0 0.0 0.0
106.8 0.0 -1.5214 0.0 0.0 0.0 0.0
107.0 0.0 -1.5341 0.0 0.0 0.0 0.0
107.2 0.0 -1.5226 0.0 0.0 0.0 0.0
107.4 0.0 -1.49 0.0 0.0 0.0 0.0
107.6 0.0 -1.4479 0.0 0.0 0.0 0.0
107.8 0.0 -1.4102 0.0 0.0 0.0 0.0
108.0 0.0 -1.3881 0.0 0.0 0.0 0.0
108.2 0.0 -1.3863 0.0 0.0 0.0 0.0
108.4 0.0 -1.4009 0.0 0.0 0.0 0.0
108.6 0.0 -1.4222 0.0 0.0 0.0 0.0
108.8 0.0 -1.4364 0.0 0.0 0.0 0.0
109.0 0.0 -1.4385 0.0 0.0 0.0 0.0
109.2 0.0 -1.4322 0.0 0.0 0.0 0.0
109.4 0.0 -1.4262 0.0 0.0 0.0 0.0
109.6 0.0 -1.4278 0.0 0.0 0.0 0.0
109.8 0.0 -1.4383 0.0 0.0 0.0 0.0
110.0 0.0 -1.4475 0.0 0.0 0.0 0.0
110.2 0.0 -1.441 0.0 0.0 0.0 0.0
110.4 0.0 -1.4126 0.0 0.0 0.0 0.0
110.6 0.0 -1.3685 0.0 0.0 0.0 0.0
110.8 0.0 -1.3161 0.0 0.0 0.0 0.0
111.0 0.0 -1.2629 0.0 0.0 0.0 0.0
111.2 0.0 -1.2153 0.0 0.0 0.0 0.0
111.4 0.0 -1.1789 0.0 0.0 0.0 0.0
111.6 0.0 -1.1615 0.0 0.0 0.0 0.0
111.8 0.0 -1.1656 0.0 0.0 0.0 0.0
112.0 0.0 -1.1845 0.0 0.0 0.0 0.0
112.2 0.0 -1.2027 0.0 0.0 0.0 0.0
112.4 0.0 -1.2077 0.0 0.0 0.0 0.0
112.6 0.0 -1.2002 0.0 0.0 0.0 0.0
112.8 0.0 -1.191 0.0 0.0 0.0 0.0
113.0 0.0 -1.1882 0.0 0.0 0.0 0.0
113.2 0.0 -1.1907 0.0 0.0 0.0 0.0
113.4 0.0 -1.1851 0.0 0.0 0.0 0.0
113.6 0.0 -1.1608 0.0 0.0 0.0 0.0
113.8 0.0 -1.1257 0.0 0.0 0.0 0.0
114.0 0.0 -1.0922 0.0 0.0 0.0 0.0
114.2 0.0 -1.0741 0.0 0.0 0.0 0.0
114.4 0.0 -1.0698 0.0 0.0 0.0 0.0
114.6 0.0 -1.0759 0.0 0.0 0.0 0.0
114.8 0.0 -1.0823 0.0 0.0 0.0 0.0
115.0 0.0 -1.0891 0.0 0.0 0.0 0.0
115.2 0.0 -1.0992 0.0 0.0 0.0 0.0
115.4 0.0 -1.1129 0.0 0.0 0.0 0.0
115.6 0.0 -1.1282 0.0 0.0 0.0 0.0
115.8 0.0 -1.1373 0.0 0.0 0.0 0.0
116.0 0.0 -1.1391 0.0 0.0 0.0 0.0
116.2 0.0 -1.1356 0.0 0.0 0.0 0.0
116.4 0.0 -1.1275 0.0 0.0 0.0 0.0
116.6 0.0 -1.1169 0.0 0.0 0.0 0.0
116.8 0.0 -1.1083 0.0 0.0 0.0 0.0
117.0 0.0 -1.1053 0.0 0.0 0.0 0.0
117.2 0.0 -1.1155 0.0 0.0 0.0 0.0
117.4 0.0 -1.1386 0.0 0.0 0.0 0.0
117.6 0.0 -1.1621 0.0 0.0 0.0 0.0
117.8 0.0 -1.1725 0.0 0.0 0.0 0.0
118.0 0.0 -1.1556 0.0 0.0 0.0 0.0
118.2 0.0 -1.117 0.0 0.0 0.0 0.0
118.4 0.0 -1.0702 0.0 0.0 0.0 0.0
118.6 0.0 -1.0364 0.0 0.0 0.0 0.0
118.8 0.0 -1.026 0.0 0.0 0.0 0.0
119.0 0.0 -1.0477 0.0 0.0 0.0 0.0
119.2 0.0 -1.0866 0.0 0.0 0.0 0.0
119.4 0.0 -1.1418 0.0 0.0 0.0 0.0
119.6 0.0 -1.1969 0.0 0.0 0.0 0.0
119.8 0.0 -1.2357 0.0 0.0 0.0 0.0
120.0 0.0 -1.2319 0.0 0.0 0.0 0.0
120.2 0.0 -1.1863 0.0 0.0 0.0 0.0
120.4 0.0 -1.1148 0.0 0.0 0.0 0.0
120.6 0.0 -1.0619 0.0 0.0 0.0 0.0
120.8 0.0 -1.0588 0.0 0.0 0.0 0.0
121.0 0.0 -1.1076 0.0 0.0 0.0 0.0
121.2 0.0 -1.1749 0.0 0.0 0.0 0.0
121.4 0.0 -1.2151 0.0 0.0 0.0 0.0
121.6 0.0 -1.2092 0.0 0.0 0.0 0.0
121.8 0.0 -1.1767 0.0 0.0 0.0 0.0
122.0 0.0 -1.1554 0.0 0.0 0.0 0.0
122.2 0.0 -1.1712 0.0 0.0 0.0 0.0
122.4 0.0 -1.2147 0.0 0.0 0.0 0.0
122.6 0.0 -1.2556 0.0 0.0 0.0 0.0
122.8 0.0 -1.2708 0.0 0.0 0.0 0.0
123.0 0.0 -1.2665 0.0 0.0 0.0 0.0
123.2 0.0 -1.2511 0.0 0.0 0.0 0.0
123.4 0.0 -1.2515 0.0 0.0 0.0 0.0
123.6 0.0 -1.2759 0.0 0.0 0.0 0.0
123.8 0.0 -1.3151 0.0 0.0 0.0 0.0
124.0 0.0 -1.356 0.0 0.0 0.0 0.0
124.2 0.0 -1.385 0.0 0.0 0.0 0.0
124.4 0.0 -1.3917 0.0 0.0 0.0 0.0
124.6 0.0 -1.3749 0.0 0.0 0.0 0.0
124.8 0.0 -1.3461 0.0 0.0 0.0 0.0
125.0 0.0 -1.3274 0.0 0.0 0.0 0.0
125.2 0.0 -1.3347 0.0 0.0 0.0 0.0
125.4 0.0 -1.3696 0.0 0.0 0.0 0.0
125.6 0.0 -1.421 0.0 0.0 0.0 0.0
125.8 0.0 -1.4778 0.0 0.0 0.0 0.0
126.0 0.0 -1.5332 0.0 0.0 0.0 0.0
126.2 0.0 -1.5846 0.0 0.0 0.0 0.0
126.4 0.0 -1.6231 0.0 0.0 0.0 0.0
126.6 0.0 -1.6412 0.0 0.0 0.0 0.0
126.8 0.0 -1.6426 0.0 0.0 0.0 0.0
127.0 0.0 -1.6433 0.0 0.0 0.0 0.0
127.2 0.0 -1.6644 0.0 0.0 0.0 0.0
127.4 0.0 -1.7192 0.0 0.0 0.0 0.0
127.6 0.0 -1.7988 0.0 0.0 0.0 0.0
127.8 0.0 -1.8587 0.0 0.0 0.0 0.0
128.0 0.0 -1.8779 0.0 0.0 0.0 0.0
128.2 0.0 -1.8528 0.0 0.0 0.0 0.0
128.4 0.0 -1.8148 0.0 0.0 0.0 0.0
128.6 0.0 -1.7932 0.0 0.0 0.0 0.0
128.8 0.0 -1.8014 0.0 0.0 0.0 0.0
129.0 0.0 -1.8226 0.0 0.0 0.0 0.0
129.2 0.0 -1.8263 0.0 0.0 0.0 0.0
129.4 0.0 -1.7997 0.0 0.0 0.0 0.0
129.6 0.0 -1.7505 0.0 0.0 0.0 0.0
129.8 0.0 -1.7067 0.0 0.0 0.0 0.0
130.0 0.0 -1.6903 0.0 0.0 0.0 0.0
130.2 0.0 -1.7051 0.0 0.0 0.0 0.0
130.4 0.0 -1.7342 0.0 0.0 0.0 0.0
130.6 0.0 -1.7518 0.0 0.0 0.0 0.0
130.8 0.0 -1.7437 0.0 0.0 0.0 0.0
131.0 0.0 -1.7158 0.0 0.0 0.0 0.0
131.2 0.0 -1.6858 0.0 0.0 0.0 0.0
131.4 0.0 -1.6783 0.0 0.0 0.0 0.0
131.6 0.0 -1.6994 0.0 0.0 0.0 0.0
131.8 0.0 -1.7376 0.0 0.0 0.0 0.0
132.0 0.0 -1.773 0.0 0.0 0.0 0.0
132.2 0.0 -1.7912 0.0 0.0 0.0 0.0
132.4 0.0 -1.7888 0.0 0.0 0.0 0.0
132.6 0.0 -1.775 0.0 0.0 0.0 0.0
132.8 0.0 -1.7642 0.0 0.0 0.0 0.0
133.0 0.0 -1.7646 0.0 0.0 0.0 0.0
133.2 0.0 -1.7735 0.0 0.0 0.0 0.0
133.4 0.0 -1.7835 0.0 0.0 0.0 0.0
133.6 0.0 -1.7869 0.0 0.0 0.0 0.0
133.8 0.0 -1.7827 0.0 0.0 0.0 0.0
134.0 0.0 -1.776 0.0 0.0 0.0 0.0
134.2 0.0 -1.7728 0.0 0.0 0.0 0.0
134.4 0.0 -1.7821 0.0 0.0 0.0 0.0
134.6 0.0 -1.8025 0.0 0.0 0.0 0.0
134.8 0.0 -1.83 0.0 0.0 0.0 0.0
135.0 0.0 -1.8589 0.0 0.0 0.0 0.0
135.2 0.0 -1.8874 0.0 0.0 0.0 0.0
135.4 0.0 -1.918 0.0 0.0 0.0 0.0
135.6 0.0 -1.954 0.0 0.0 0.0 0.0
135.8 0.0 -1.9965 0.0 0.0 0.0 0.0
136.0 0.0 -2.0427 0.0 0.0 0.0 0.0
136.2 0.0 -2.0858 0.0 0.0 0.0 0.0
136.4 0.0 -2.1227 0.0 0.0 0.0 0.0
136.6 0.0 -2.1543 0.0 0.0 0.0 0.0
136.8 0.0 -2.1847 0.0 0.0 0.0 0.0
137.0 0.0 -2.2186 0.0 0.0 0.0 0.0
137.2 0.0 -2.2573 0.0 0.0 0.0 0.0
137.4 0.0 -2.2956 0.0 0.0 0.0 0.0
137.6 0.0 -2.3307 0.0 0.0 0.0 0.0
137.8 0.0 -2.3571 0.0 0.0 0.0 0.0
138.0 0.0 -2.3731 0.0 0.0 0.0 0.0
138.2 0.0 -2.377 0.0 0.0 0.0 0.0
138.4 0.0 -2.3683 0.0 0.0 0.0 0.0
138.6 0.0 -2.3484 0.0 0.0 0.0 0.0
138.8 0.0 -2.3213 0.0 0.0 0.0 0.0
139.0 0.0 -2.2945 0.0 0.0 0.0 0.0
139.2 0.0 -2.2775 0.0 0.0 0.0 0.0
139.4 0.0 -2.2754 0.0 0.0 0.0 0.0
139.6 0.0 -2.2876 0.0 0.0 0.0 0.0
139.8 0.0 -2.3048 0.0 0.0 0.0 0.0
140.0 0.0 -2.3192 0.0 0.0 0.0 0.0
140.2 0.0 -2.3193 0.0 0.0 0.0 0.0
140.4 0.0 -2.3036 0.0 0.0 0.0 0.0
140.6 0.0 -2.2765 0.0 0.0 0.0 0.0
140.8 0.0 -2.2411 0.0 0.0 0.0 0.0
141.0 0.0 -2.2024 0.0 0.0 0.0 0.0
141.2 0.0 -2.1634 0.0 0.0 0.0 0.0
141.4 0.0 -2.1234 0.0 0.0 0.0 0.0
141.6 0.0 -2.0891 0.0 0.0 0.0 0.0
141.8 0.0 -2.0652 0.0 0.0 0.0 0.0
142.0 0.0 -2.0515 0.0 0.0 0.0 0.0
142.2 0.0 -2.0474 0.0 0.0 0.0 0.0
142.4 0.0 -2.0437 0.0 0.0 0.0 0.0
142.6 0.0 -2.0323 0.0 0.0 0.0 0.0
142.8 0.0 -2.0071 0.0 0.0 0.0 0.0
143.0 0.0 -1.9723 0.0 0.0 0.0 0.0
143.2 0.0 -1.9381 0.0 0.0 0.0 0.0
143.4 0.0 -1.9185 0.0 0.0 0.0 0.0
143.6 0.0 -1.9205 0.0 0.0 0.0 0.0
143.8 0.0 -1.9412 0.0 0.0 0.0 0.0
144.0 0.0 -1.9716 0.0 0.0 0.0 0.0
144.2 0.0 -1.9989 0.0 0.0 0.0 0.0
144.4 0.0 -2.017 0.0 0.0 0.0 0.0
144.6 0.0 -2.0316 0.0 0.0 0.0 0.0
144.8 0.0 -2.043 0.0 0.0 0.0 0.0
145.0 0.0 -2.0535 0.0 0.0 0.0 0.0
145.2 0.0 -2.0523 0.0 0.0 0.0 0.0
145.4 0.0 -2.0341 0.0 0.0 0.0 0.0
145.6 0.0 -1.9981 0.0 0.0 0.0 0.0
145.8 0.0 -1.9533 0.0 0.0 0.0 0.0
146.0 0.0 -1.9151 0.0 0.0 0.0 0.0
146.2 0.0 -1.8972 0.0 0.0 0.0 0.0
146.4 0.0 -1.9033 0.0 0.0 0.0 0.0
146.6 0.0 -1.9305 0.0 0.0 0.0 0.0
146.8 0.0 -1.9695 0.0 0.0 0.0 0.0
147.0 0.0 -2.009 0.0 0.0 0.0 0.0
147.2 0.0 -2.0376 0.0 0.0 0.0 0.0
147.4 0.0 -2.0479 0.0 0.0 0.0 0.0
147.6 0.0 -2.0387 0.0 0.0 0.0 0.0
147.8 0.0 -2.019 0.0 0.0 0.0 0.0
148.0 0.0 -2.0041 0.0 0.0 0.0 0.0
148.2 0.0 -2.0041 0.0 0.0 0.0 0.0
148.4 0.0 -2.0195 0.0 0.0 0.0 0.0
148.6 0.0 -2.0415 0.0 0.0 0.0 0.0
148.8 0.0 -2.057 0.0 0.0 0.0 0.0
149.0 0.0 -2.0627 0.0 0.0 0.0 0.0
149.2 0.0 -2.0587 0.0 0.0 0.0 0.0
149.4 0.0 -2.0538 0.0 0.0 0.0 0.0
149.6 0.0 -2.0532 0.0 0.0 0.0 0.0
149.8 0.0 -2.0515 0.0 0.0 0.0 0.0
150.0 0.0 -2.0475 0.0 0.0 0.0 0.0
150.2 0.0 -2.0383 0.0 0.0 0.0 0.0
150.4 0.0 -2.0204 0.0 0.0 0.0 0.0
150.6 0.0 -1.9971 0.0 0.0 0.0 0.0
150.8 0.0 -1.9697 0.0 0.0 0.0 0.0
151.0 0.0 -1.94 0.0 0.0 0.0 0.0
151.2 0.0 -1.9084 0.0 0.0 0.0 0.0
151.4 0.0 -1.8717 0.0 0.0 0.0 0.0
151.6 0.0 -1.8282 0.0 0.0 0.0 0.0
151.8 0.0 -1.7771 0.0 0.0 0.0 0.0
152.0 0.0 -1.7249 0.0 0.0 0.0 0.0
152.2 0.0 -1.6813 0.0 0.0 0.0 0.0
152.4 0.0 -1.6563 0.0 0.0 0.0 0.0
152.6 0.0 -1.6487 0.0 0.0 0.0 0.0
152.8 0.0 -1.6464 0.0 0.0 0.0 0.0
153.0 0.0 -1.6351 0.0 0.0 0.0 0.0
153.2 0.0 -1.6064 0.0 0.0 0.0 0.0
153.4 0.0 -1.5663 0.0 0.0 0.0 0.0
153.6 0.0 -1.5335 0.0 0.0 0.0 0.0
153.8 0.0 -1.5187 0.0 0.0 0.0 0.0
154.0 0.0 -1.5187 0.0 0.0 0.0 0.0
154.2 0.0 -1.5217 0.0 0.0 0.0 0.0
154.4 0.0 -1.516 0.0 0.0 0.0 0.0
154.6 0.0 -1.5066 0.0 0.0 0.0 0.0
154.8 0.0 -1.5072 0.0 0.0 0.0 0.0
155.0 0.0 -1.5288 0.0 0.0 0.0 0.0
155.2 0.0 -1.5707 0.0 0.0 0.0 0.0
155.4 0.0 -1.6139 0.0 0.0 0.0 0.0
155.6 0.0 -1.6428 0.0 0.0 0.0 0.0
155.8 0.0 -1.6488 0.0 0.0 0.0 0.0
156.0 0.0 -1.6376 0.0 0.0 0.0 0.0
156.2 0.0 -1.6195 0.0 0.0 0.0 0.0
156.4 0.0 -1.6018 0.0 0.0 0.0 0.0
156.6 0.0 -1.584 0.0 0.0 0.0 0.0
156.8 0.0 -1.5628 0.0 0.0 0.0 0.0
157.0 0.0 -1.5395 0.0 0.0 0.0 0.0
157.2 0.0 -1.5209 0.0 0.0 0.0 0.0
157.4 0.0 -1.5127 0.0 0.0 0.0 0.0
157.6 0.0 -1.5192 0.0 0.0 0.0 0.0
157.8 0.0 -1.5368 0.0 0.0 0.0 0.0
158.0 0.0 -1.5583 0.0 0.0 0.0 0.0
158.2 0.0 -1.5761 0.0 0.0 0.0 0.0
158.4 0.0 -1.5878 0.0 0.0 0.0 0.0
158.6 0.0 -1.5972 0.0 0.0 0.0 0.0
158.8 0.0 -1.61 0.0 0.0 0.0 0.0
159.0 0.0 -1.6302 0.0 0.0 0.0 0.0
159.2 0.0 -1.6557 0.0 0.0 0.0 0.0
159.4 0.0 -1.6743 0.0 0.0 0.0 0.0
159.6 0.0 -1.6695 0.0 0.0 0.0 0.0
159.8 0.0 -1.6345 0.0 0.0 0.0 0.0
160.0 0.0 -1.578 0.0 0.0 0.0 0.0
160.2 0.0 -1.5192 0.0 0.0 0.0 0.0
160.4 0.0 -1.4786 0.0 0.0 0.0 0.0
160.6 0.0 -1.4591 0.0 0.0 0.0 0.0
160.8 0.0 -1.4475 0.0 0.0 0.0 0.0
161.0 0.0 -1.4259 0.0 0.0 0.0 0.0
161.2 0.0 -1.385 0.0 0.0 0.0 0.0
161.4 0.0 -1.3318 0.0 0.0 0.0 0.0
161.6 0.0 -1.2836 0.0 0.0 0.0 0.0
161.8 0.0 -1.2552 0.0 0.0 0.0 0.0
162.0 0.0 -1.2547 0.0 0.0 0.0 0.0
162.2 0.0 -1.2784 0.0 0.0 0.0 0.0
162.4 0.0 -1.3191 0.0 0.0 0.0 0.0
162.6 0.0 -1.3673 0.0 0.0 0.0 0.0
162.8 0.0 -1.4118 0.0 0.0 0.0 0.0
163.0 0.0 -1.4406 0.0 0.0 0.0 0.0
163.2 0.0 -1.4488 0.0 0.0 0.0 0.0
163.4 0.0 -1.4424 0.0 0.0 0.0 0.0
163.6 0.0 -1.4296 0.0 0.0 0.0 0.0
163.8 0.0 -1.4216 0.0 0.0 0.0 0.0
164.0 0.0 -1.4193 0.0 0.0 0.0 0.0
164.2 0.0 -1.4135 0.0 0.0 0.0 0.0
164.4 0.0 -1.3963 0.0 0.0 0.0 0.0
164.6 0.0 -1.3671 0.0 0.0 0.0 0.0
164.8 0.0 -1.3328 0.0 0.0 0.0 0.0
165.0 0.0 -1.3098 0.0 0.0 0.0 0.0
165.2 0.0 -1.3072 0.0 0.0 0.0 0.0
165.4 0.0 -1.3267 0.0 0.0 0.0 0.0
165.6 0.0 -1.3601 0.0 0.0 0.0 0.0
165.8 0.0 -1.3939 0.0 0.0 0.0 0.0
166.0 0.0 -1.4156 0.0 0.0 0.0 0.0
166.2 0.0 -1.4184 0.0 0.0 0.0 0.0
166.4 0.0 -1.4057 0.0 0.0 0.0 0.0
166.6 0.0 -1.3884 0.0 0.0 0.0 0.0
166.8 0.0 -1.3808 0.0 0.0 0.0 0.0
167.0 0.0 -1.3891 0.0 0.0 0.0 0.0
167.2 0.0 -1.4102 0.0 0.0 0.0 0.0
167.4 0.0 -1.439 0.0 0.0 0.0 0.0
167.6 0.0 -1.4706 0.0 0.0 0.0 0.0
167.8 0.0 -1.5034 0.0 0.0 0.0 0.0
168.0 0.0 -1.5354 0.0 0.0 0.0 0.0
168.2 0.0 -1.5556 0.0 0.0 0.0 0.0
168.4 0.0 -1.5524 0.0 0.0 0.0 0.0
168.6 0.0 -1.522 0.0 0.0 0.0 0.0
168.8 0.0 -1.4723 0.0 0.0 0.0 0.0
169.0 0.0 -1.4242 0.0 0.0 0.0 0.0
169.2 0.0 -1.3953 0.0 0.0 0.0 0.0
169.4 0.0 -1.3893 0.0 0.0 0.0 0.0
169.6 0.0 -1.397 0.0 0.0 0.0 0.0
169.8 0.0 -1.4042 0.0 0.0 0.0 0.0
170.0 0.0 -1.4039 0.0 0.0 0.0 0.0
170.2 0.0 -1.4005 0.0 0.0 0.0 0.0
170.4 0.0 -1.405 0.0 0.0 0.0 0.0
170.6 0.0 -1.4271 0.0 0.0 0.0 0.0
170.8 0.0 -1.4677 0.0 0.0 0.0 0.0
171.0 0.0 -1.5274 0.0 0.0 0.0 0.0
171.2 0.0 -1.5979 0.0 0.0 0.0 0.0
171.4 0.0 -1.6746 0.0 0.0 0.0 0.0
171.6 0.0 -1.7472 0.0 0.0 0.0 0.0
171.8 0.0 -1.8018 0.0 0.0 0.0 0.0
172.0 0.0 -1.8241 0.0 0.0 0.0 0.0
172.2 0.0 -1.8081 0.0 0.0 0.0 0.0
172.4 0.0 -1.7614 0.0 0.0 0.0 0.0
172.6 0.0 -1.7032 0.0 0.0 0.0 0.0
172.8 0.0 -1.6524 0.0 0.0 0.0 0.0
173.0 0.0 -1.6217 0.0 0.0 0.0 0.0
173.2 0.0 -1.6082 0.0 0.0 0.0 0.0
173.4 0.0 -1.6012 0.0 0.0 0.0 0.0
173.6 0.0 -1.5924 0.0 0.0 0.0 0.0
173.8 0.0 -1.5808 0.0 0.0 0.0 0.0
174.0 0.0 -1.5732 0.0 0.0 0.0 0.0
174.2 0.0 -1.5746 0.0 0.0 0.0 0.0
174.4 0.0 -1.5827 0.0 0.0 0.0 0.0
174.6 0.0 -1.5887 0.0 0.0 0.0 0.0
174.8 0.0 -1.5838 0.0 0.0 0.0 0.0
175.0 0.0 -1.5718 0.0 0.0 0.0 0.0
175.2 0.0 -1.5663 0.0 0.0 0.0 0.0
175.4 0.0 -1.5842 0.0 0.0 0.0 0.0
175.6 0.0 -1.6318 0.0 0.0 0.0 0.0
175.8 0.0 -1.7009 0.0 0.0 0.0 0.0
176.0 0.0 -1.7651 0.0 0.0 0.0 0.0
176.2 0.0 -1.7995 0.0 0.0 0.0 0.0
176.4 0.0 -1.7918 0.0 0.0 0.0 0.0
176.6 0.0 -1.7483 0.0 0.0 0.0 0.0
176.8 0.0 -1.6979 0.0 0.0 0.0 0.0
177.0 0.0 -1.6775 0.0 0.0 0.0 0.0
177.2 0.0 -1.7091 0.0 0.0 0.0 0.0
177.4 0.0 -1.7896 0.0 0.0 0.0 0.0
177.6 0.0 -1.8899 0.0 0.0 0.0 0.0
177.8 0.0 -1.9725 0.0 0.0 0.0 0.0
178.0 0.0 -2.0104 0.0 0.0 0.0 0.0
178.2 0.0 -2.003 0.0 0.0 0.0 0.0
178.4 0.0 -1.9739 0.0 0.0 0.0 0.0
178.6 0.0 -1.9565 0.0 0.0 0.0 0.0
178.8 0.0 -1.9763 0.0 0.0 0.0 0.0
179.0 0.0 -2.0379 0.0 0.0 0.0 0.0
179.2 0.0 -2.1309 0.0 0.0 0.0 0.0
179.4 0.0 -2.2347 0.0 0.0 0.0 0.0
179.6 0.0 -2.3276 0.0 0.0 0.0 0.0
179.8 0.0 -2.4019 0.0 0.0 0.0 0.0
180.0 0.0 -2.4587 0.0 0.0 0.0 0.0
180.2 0.0 -2.5035 0.0 0.0 0.0 0.0
180.4 0.0 -2.5414 0.0 0.0 0.0 0.0
180.6 0.0 -2.5651 0.0 0.0 0.0 0.0
180.8 0.0 -2.5686 0.0 0.0 0.0 0.0
181.0 0.0 -2.551 0.0 0.0 0.0 0.0
181.2 0.0 -2.5217 0.0 0.0 0.0 0.0
181.4 0.0 -2.4964 0.0 0.0 0.0 0.0
181.6 0.0 -2.4965 0.0 0.0 0.0 0.0
181.8 0.0 -2.5356 0.0 0.0 0.0 0.0
182.0 0.0 -2.612 0.0 0.0 0.0 0.0
182.2 0.0 -2.7105 0.0 0.0 0.0 0.0
182.4 0.0 -2.8071 0.0 0.0 0.0 0.0
182.6 0.0 -2.8762 0.0 0.0 0.0 0.0
182.8 0.0 -2.9025 0.0 0.0 0.0 0.0
183.0 0.0 -2.8862 0.0 0.0 0.0 0.0
183.2 0.0 -2.8481 0.0 0.0 0.0 0.0
183.4 0.0 -2.813 0.0 0.0 0.0 0.0
183.6 0.0 -2.7972 0.0 0.0 0.0 0.0
183.8 0.0 -2.7988 0.0 0.0 0.0 0.0
184.0 0.0 -2.8066 0.0 0.0 0.0 0.0
184.2 0.0 -2.8118 0.0 0.0 0.0 0.0
184.4 0.0 -2.8189 0.0 0.0 0.0 0.0
184.6 0.0 -2.8401 0.0 0.0 0.0 0.0
184.8 0.0 -2.8766 0.0 0.0 0.0 0.0
185.0 0.0 -2.9136 0.0 0.0 0.0 0.0
185.2 0.0 -2.9264 0.0 0.0 0.0 0.0
185.4 0.0 -2.8986 0.0 0.0 0.0 0.0
185.6 0.0 -2.8467 0.0 0.0 0.0 0.0
185.8 0.0 -2.8039 0.0 0.0 0.0 0.0
186.0 0.0 -2.8022 0.0 0.0 0.0 0.0
186.2 0.0 -2.847 0.0 0.0 0.0 0.0
186.4 0.0 -2.9186 0.0 0.0 0.0 0.0
186.6 0.0 -2.984 0.0 0.0 0.0 0.0
186.8 0.0 -3.019 0.0 0.0 0.0 0.0
187.0 0.0 -3.0162 0.0 0.0 0.0 0.0
187.2 0.0 -2.9863 0.0 0.0 0.0 0.0
187.4 0.0 -2.9422 0.0 0.0 0.0 0.0
187.6 0.0 -2.8961 0.0 0.0 0.0 0.0
187.8 0.0 -2.8537 0.0 0.0 0.0 0.0
188.0 0.0 -2.8237 0.0 0.0 0.0 0.0
188.2 0.0 -2.811 0.0 0.0 0.0 0.0
188.4 0.0 -2.8138 0.0 0.0 0.0 0.0
188.6 0.0 -2.8256 0.0 0.0 0.0 0.0
188.8 0.0 -2.8365 0.0 0.0 0.0 0.0
189.0 0.0 -2.8401 0.0 0.0 0.0 0.0
189.2 0.0 -2.8372 0.0 0.0 0.0 0.0
189.4 0.0 -2.8327 0.0 0.0 0.0 0.0
189.6 0.0 -2.8343 0.0 0.0 0.0 0.0
189.8 0.0 -2.8453 0.0 0.0 0.0 0.0
190.0 0.0 -2.869 0.0 0.0 0.0 0.0
190.2 0.0 -2.9047 0.0 0.0 0.0 0.0
190.4 0.0 -2.9512 0.0 0.0 0.0 0.0
190.6 0.0 -3.0027 0.0 0.0 0.0 0.0
190.8 0.0 -3.0465 0.0 0.0 0.0 0.0
191.0 0.0 -3.0694 0.0 0.0 0.0 0.0
191.2 0.0 -3.0633 0.0 0.0 0.0 0.0
191.4 0.0 -3.0332 0.0 0.0 0.0 0.0
191.6 0.0 -2.9915 0.0 0.0 0.0 0.0
191.8 0.0 -2.9513 0.0 0.0 0.0 0.0
192.0 0.0 -2.9216 0.0 0.0 0.0 0.0
192.2 0.0 -2.9024 0.0 0.0 0.0 0.0
192.4 0.0 -2.891 0.0 0.0 0.0 0.0
192.6 0.0 -2.889 0.0 0.0 0.0 0.0
192.8 0.0 -2.9002 0.0 0.0 0.0 0.0
193.0 0.0 -2.9242 0.0 0.0 0.0 0.0
193.2 0.0 -2.9495 0.0 0.0 0.0 0.0
193.4 0.0 -2.96 0.0 0.0 0.0 0.0
193.6 0.0 -2.9441 0.0 0.0 0.0 0.0
193.8 0.0 -2.9046 0.0 0.0 0.0 0.0
194.0 0.0 -2.8614 0.0 0.0 0.0 0.0
194.2 0.0 -2.8378 0.0 0.0 0.0 0.0
194.4 0.0 -2.8493 0.0 0.0 0.0 0.0
194.6 0.0 -2.8945 0.0 0.0 0.0 0.0
194.8 0.0 -2.9588 0.0 0.0 0.0 0.0
195.0 0.0 -3.019 0.0 0.0 0.0 0.0
195.2 0.0 -3.0538 0.0 0.0 0.0 0.0
195.4 0.0 -3.0525 0.0 0.0 0.0 0.0
195.6 0.0 -3.0182 0.0 0.0 0.0 0.0
195.8 0.0 -2.9682 0.0 0.0 0.0 0.0
196.0 0.0 -2.925 0.0 0.0 0.0 0.0
196.2 0.0 -2.9048 0.0 0.0 0.0 0.0
196.4 0.0 -2.909 0.0 0.0 0.0 0.0
196.6 0.0 -2.9279 0.0 0.0 0.0 0.0
196.8 0.0 -2.9412 0.0 0.0 0.0 0.0
197.0 0.0 -2.935 0.0 0.0 0.0 0.0
197.2 0.0 -2.9043 0.0 0.0 0.0 0.0
197.4 0.0 -2.8613 0.0 0.0 0.0 0.0
197.6 0.0 -2.8258 0.0 0.0 0.0 0.0
197.8 0.0 -2.8192 0.0 0.0 0.0 0.0
198.0 0.0 -2.8535 0.0 0.0 0.0 0.0
198.2 0.0 -2.9186 0.0 0.0 0.0 0.0
198.4 0.0 -2.9869 0.0 0.0 0.0 0.0
198.6 0.0 -3.0279 0.0 0.0 0.0 0.0
198.8 0.0 -3.0321 0.0 0.0 0.0 0.0
199.0 0.0 -3.0154 0.0 0.0 0.0 0.0
199.2 0.0 -3.0098 0.0 0.0 0.0 0.0
199.4 0.0 -3.0371 0.0 0.0 0.0 0.0
199.6 0.0 -3.0932 0.0 0.0 0.0 0.0
199.8 0.0 -3.1484 0.0 0.0 0.0 0.0
200.0 0.0 -3.1714 0.0 0.0 0.0 0.0
200.2 0.0 -3.151 0.0 0.0 0.0 0.0
200.4 0.0 -3.0995 0.0 0.0 0.0 0.0
200.6 0.0 -3.0428 0.0 0.0 0.0 0.0
200.8 0.0 -3.0 0.0 0.0 0.0 0.0
201.0 0.0 -2.9765 0.0 0.0 0.0 0.0
201.2 0.0 -2.9661 0.0 0.0 0.0 0.0
201.4 0.0 -2.9606 0.0 0.0 0.0 0.0
201.6 0.0 -2.9529 0.0 0.0 0.0 0.0
201.8 0.0 -2.9423 0.0 0.0 0.0 0.0
202.0 0.0 -2.9367 0.0 0.0 0.0 0.0
202.2 0.0 -2.9476 0.0 0.0 0.0 0.0
202.4 0.0 -2.9801 0.0 0.0 0.0 0.0
202.6 0.0 -3.027 0.0 0.0 0.0 0.0
202.8 0.0 -3.0735 0.0 0.0 0.0 0.0
203.0 0.0 -3.1054 0.0 0.0 0.0 0.0
203.2 0.0 -3.1211 0.0 0.0 0.0 0.0
203.4 0.0 -3.133 0.0 0.0 0.0 0.0
203.6 0.0 -3.1555 0.0 0.0 0.0 0.0
203.8 0.0 -3.1902 0.0 0.0 0.0 0.0
204.0 0.0 -3.2243 0.0 0.0 0.0 0.0
204.2 0.0 -3.2415 0.0 0.0 0.0 0.0
204.4 0.0 -3.2341 0.0 0.0 0.0 0.0
204.6 0.0 -3.2095 0.0 0.0 0.0 0.0
204.8 0.0 -3.1854 0.0 0.0 0.0 0.0
205.0 0.0 -3.1712 0.0 0.0 0.0 0.0
205.2 0.0 -3.1645 0.0 0.0 0.0 0.0
205.4 0.0 -3.1544 0.0 0.0 0.0 0.0
205.6 0.0 -3.1339 0.0 0.0 0.0 0.0
205.8 0.0 -3.1067 0.0 0.0 0.0 0.0
206.0 0.0 -3.0856 0.0 0.0 0.0 0.0
206.2 0.0 -3.0848 0.0 0.0 0.0 0.0
206.4 0.0 -3.1067 0.0 0.0 0.0 0.0
206.6 0.0 -3.1404 0.0 0.0 0.0 0.0
206.8 0.0 -3.1709 0.0 0.0 0.0 0.0
207.0 0.0 -3.1855 0.0 0.0 0.0 0.0
207.2 0.0 -3.1808 0.0 0.0 0.0 0.0
207.4 0.0 -3.1664 0.0 0.0 0.0 0.0
207.6 0.0 -3.1554 0.0 0.0 0.0 0.0
207.8 0.0 -3.1584 0.0 0.0 0.0 0.0
208.0 0.0 -3.1733 0.0 0.0 0.0 0.0
208.2 0.0 -3.1916 0.0 0.0 0.0 0.0
208.4 0.0 -3.2023 0.0 0.0 0.0 0.0
208.6 0.0 -3.1981 0.0 0.0 0.0 0.0
208.8 0.0 -3.1813 0.0 0.0 0.0 0.0
209.0 0.0 -3.156 0.0 0.0 0.0 0.0
209.2 0.0 -3.1262 0.0 0.0 0.0 0.0
209.4 0.0 -3.093 0.0 0.0 0.0 0.0
209.6 0.0 -3.0557 0.0 0.0 0.0 0.0
209.8 0.0 -3.0159 0.0 0.0 0.0 0.0
210.0 0.0 -2.9785 0.0 0.0 0.0 0.0
210.2 0.0 -2.9486 0.0 0.0 0.0 0.0
210.4 0.0 -2.9283 0.0 0.0 0.0 0.0
210.6 0.0 -2.9134 0.0 0.0 0.0 0.0
210.8 0.0 -2.898 0.0 0.0 0.0 0.0
211.0 0.0 -2.8798 0.0 0.0 0.0 0.0
211.2 0.0 -2.8823 0.0 0.0 0.0 0.0
211.4 0.0 -2.9058 0.0 0.0 0.0 0.0
211.6 0.0 -2.9392 0.0 0.0 0.0 0.0
211.8 0.0 -2.9566 0.0 0.0 0.0 0.0
212.0 0.0 -2.9443 0.0 0.0 0.0 0.0
212.2 0.0 -2.9337 0.0 0.0 0.0 0.0
212.4 0.0 -2.9912 0.0 0.0 0.0 0.0
212.6 0.0 -3.1754 0.0 0.0 0.0 0.0
212.8 0.0 -3.4883 0.0 0.0 0.0 0.0
213.0 0.0 -3.856 0.0 0.0 0.0 0.0
213.2 0.0 -4.1676 0.0 0.0 0.0 0.0
213.4 0.0 -4.3454 0.0 0.0 0.0 0.0
213.6 0.0 -4.3871 0.0 0.0 0.0 0.0
213.8 0.0 -4.3572 0.0 0.0 0.0 0.0
214.0 0.0 -4.3338 0.0 0.0 0.0 0.0
214.2 0.0 -4.3545 0.0 0.0 0.0 0.0
214.4 0.0 -4.4081 0.0 0.0 0.0 0.0
214.6 0.0 -4.4602 0.0 0.0 0.0 0.0
214.8 0.0 -4.486 0.0 0.0 0.0 0.0
215.0 0.0 -4.4785 0.0 0.0 0.0 0.0
215.2 0.0 -4.4631 0.0 0.0 0.0 0.0
215.4 0.0 -4.4435 0.0 0.0 0.0 0.0
215.6 0.0 -4.4285 0.0 0.0 0.0 0.0
215.8 0.0 -4.4191 0.0 0.0 0.0 0.0
216.0 0.0 -4.4188 0.0 0.0 0.0 0.0
216.2 0.0 -4.432 0.0 0.0 0.0 0.0
216.4 0.0 -4.4591 0.0 0.0 0.0 0.0
216.6 0.0 -4.494 0.0 0.0 0.0 0.0
216.8 0.0 -4.5222 0.0 0.0 0.0 0.0
217.0 0.0 -4.5315 0.0 0.0 0.0 0.0
217.2 0.0 -4.5178 0.0 0.0 0.0 0.0
217.4 0.0 -4.4917 0.0 0.0 0.0 0.0
217.6 0.0 -4.4723 0.0 0.0 0.0 0.0
217.8 0.0 -4.4752 0.0 0.0 0.0 0.0
218.0 0.0 -4.5072 0.0 0.0 0.0 0.0
218.2 0.0 -4.5637 0.0 0.0 0.0 0.0
218.4 0.0 -4.6304 0.0 0.0 0.0 0.0
218.6 0.0 -4.6905 0.0 0.0 0.0 0.0
218.8 0.0 -4.7289 0.0 0.0 0.0 0.0
219.0 0.0 -4.7387 0.0 0.0 0.0 0.0
219.2 0.0 -4.7274 0.0 0.0 0.0 0.0
219.4 0.0 -4.7061 0.0 0.0 0.0 0.0
219.6 0.0 -4.6923 0.0 0.0 0.0 0.0
219.8 0.0 -4.6919 0.0 0.0 0.0 0.0
220.0 0.0 -4.7008 0.0 0.0 0.0 0.0
220.2 0.0 -4.7076 0.0 0.0 0.0 0.0
220.4 0.0 -4.7039 0.0 0.0 0.0 0.0
220.6 0.0 -4.6917 0.0 0.0 0.0 0.0
220.8 0.0 -4.6808 0.0 0.0 0.0 0.0
221.0 0.0 -4.684 0.0 0.0 0.0 0.0
221.2 0.0 -4.7052 0.0 0.0 0.0 0.0
221.4 0.0 -4.7385 0.0 0.0 0.0 0.0
221.6 0.0 -4.7713 0.0 0.0 0.0 0.0
221.8 0.0 -4.7978 0.0 0.0 0.0 0.0
222.0 0.0 -4.8203 0.0 0.0 0.0 0.0
222.2 0.0 -4.8465 0.0 0.0 0.0 0.0
222.4 0.0 -4.8789 0.0 0.0 0.0 0.0
222.6 0.0 -4.9107 0.0 0.0 0.0 0.0
222.8 0.0 -4.9275 0.0 0.0 0.0 0.0
223.0 0.0 -4.9182 0.0 0.0 0.0 0.0
223.2 0.0 -4.8845 0.0 0.0 0.0 0.0
223.4 0.0 -4.8388 0.0 0.0 0.0 0.0
223.6 0.0 -4.7989 0.0 0.0 0.0 0.0
223.8 0.0 -4.7766 0.0 0.0 0.0 0.0
224.0 0.0 -4.7715 0.0 0.0 0.0 0.0
224.2 0.0 -4.772 0.0 0.0 0.0 0.0
224.4 0.0 -4.7673 0.0 0.0 0.0 0.0
224.6 0.0 -4.7538 0.0 0.0 0.0 0.0
224.8 0.0 -4.7355 0.0 0.0 0.0 0.0
225.0 0.0 -4.7236 0.0 0.0 0.0 0.0
225.2 0.0 -4.7283 0.0 0.0 0.0 0.0
225.4 0.0 -4.7535 0.0 0.0 0.0 0.0
225.6 0.0 -4.7939 0.0 0.0 0.0 0.0
225.8 0.0 -4.8384 0.0 0.0 0.0 0.0
226.0 0.0 -4.8763 0.0 0.0 0.0 0.0
226.2 0.0 -4.8998 0.0 0.0 0.0 0.0
226.4 0.0 -4.9078 0.0 0.0 0.0 0.0
226.6 0.0 -4.9032 0.0 0.0 0.0 0.0
226.8 0.0 -4.8852 0.0 0.0 0.0 0.0
227.0 0.0 -4.8534 0.0 0.0 0.0 0.0
227.2 0.0 -4.806 0.0 0.0 0.0 0.0
227.4 0.0 -4.7476 0.0 0.0 0.0 0.0
227.6 0.0 -4.6897 0.0 0.0 0.0 0.0
227.8 0.0 -4.6443 0.0 0.0 0.0 0.0
228.0 0.0 -4.6201 0.0 0.0 0.0 0.0
228.2 0.0 -4.6119 0.0 0.0 0.0 0.0
228.4 0.0 -4.6087 0.0 0.0 0.0 0.0
228.6 0.0 -4.6015 0.0 0.0 0.0 0.0
228.8 0.0 -4.5867 0.0 0.0 0.0 0.0
229.0 0.0 -4.566 0.0 0.0 0.0 0.0
229.2 0.0 -4.5457 0.0 0.0 0.0 0.0
229.4 0.0 -4.5326 0.0 0.0 0.0 0.0
229.6 0.0 -4.5415 0.0 0.0 0.0 0.0
229.8 0.0 -4.583 0.0 0.0 0.0 0.0
230.0 0.0 -4.6593 0.0 0.0 0.0 0.0
230.2 0.0 -4.7521 0.0 0.0 0.0 0.0
230.4 0.0 -4.8271 0.0 0.0 0.0 0.0
230.6 0.0 -4.851 0.0 0.0 0.0 0.0
230.8 0.0 -4.8114 0.0 0.0 0.0 0.0
231.0 0.0 -4.7264 0.0 0.0 0.0 0.0
231.2 0.0 -4.6337 0.0 0.0 0.0 0.0
231.4 0.0 -4.5699 0.0 0.0 0.0 0.0
231.6 0.0 -4.5459 0.0 0.0 0.0 0.0
231.8 0.0 -4.548 0.0 0.0 0.0 0.0
232.0 0.0 -4.5535 0.0 0.0 0.0 0.0
232.2 0.0 -4.5499 0.0 0.0 0.0 0.0
232.4 0.0 -4.5443 0.0 0.0 0.0 0.0
232.6 0.0 -4.5534 0.0 0.0 0.0 0.0
232.8 0.0 -4.5886 0.0 0.0 0.0 0.0
233.0 0.0 -4.6413 0.0 0.0 0.0 0.0
233.2 0.0 -4.6939 0.0 0.0 0.0 0.0
233.4 0.0 -4.7338 0.0 0.0 0.0 0.0
233.6 0.0 -4.7665 0.0 0.0 0.0 0.0
233.8 0.0 -4.8077 0.0 0.0 0.0 0.0
234.0 0.0 -4.8713 0.0 0.0 0.0 0.0
234.2 0.0 -4.9579 0.0 0.0 0.0 0.0
234.4 0.0 -5.0515 0.0 0.0 0.0 0.0
234.6 0.0 -5.13 0.0 0.0 0.0 0.0
234.8 0.0 -5.1786 0.0 0.0 0.0 0.0
235.0 0.0 -5.1963 0.0 0.0 0.0 0.0
235.2 0.0 -5.1882 0.0 0.0 0.0 0.0
235.4 0.0 -5.1605 0.0 0.0 0.0 0.0
235.6 0.0 -5.1209 0.0 0.0 0.0 0.0
235.8 0.0 -5.0783 0.0 0.0 0.0 0.0
236.0 0.0 -5.0504 0.0 0.0 0.0 0.0
236.2 0.0 -5.0506 0.0 0.0 0.0 0.0
236.4 0.0 -5.0792 0.0 0.0 0.0 0.0
236.6 0.0 -5.1194 0.0 0.0 0.0 0.0
236.8 0.0 -5.1494 0.0 0.0 0.0 0.0
237.0 0.0 -5.1541 0.0 0.0 0.0 0.0
237.2 0.0 -5.1411 0.0 0.0 0.0 0.0
237.4 0.0 -5.1323 0.0 0.0 0.0 0.0
237.6 0.0 -5.1474 0.0 0.0 0.0 0.0
237.8 0.0 -5.1875 0.0 0.0 0.0 0.0
238.0 0.0 -5.2334 0.0 0.0 0.0 0.0
238.2 0.0 -5.2601 0.0 0.0 0.0 0.0
238.4 0.0 -5.2502 0.0 0.0 0.0 0.0
238.6 0.0 -5.2088 0.0 0.0 0.0 0.0
238.8 0.0 -5.1539 0.0 0.0 0.0 0.0
239.0 0.0 -5.1051 0.0 0.0 0.0 0.0
239.2 0.0 -5.0666 0.0 0.0 0.0 0.0
239.4 0.0 -5.0257 0.0 0.0 0.0 0.0
239.6 0.0 -4.9685 0.0 0.0 0.0 0.0
239.8 0.0 -4.8854 0.0 0.0 0.0 0.0
240.0 0.0 -4.7865 0.0 0.0 0.0 0.0
240.2 0.0 -4.6918 0.0 0.0 0.0 0.0
240.4 0.0 -4.6225 0.0 0.0 0.0 0.0
240.6 0.0 -4.5882 0.0 0.0 0.0 0.0
240.8 0.0 -4.5846 0.0 0.0 0.0 0.0
241.0 0.0 -4.595 0.0 0.0 0.0 0.0
241.2 0.0 -4.6056 0.0 0.0 0.0 0.0
241.4 0.0 -4.6102 0.0 0.0 0.0 0.0
241.6 0.0 -4.6043 0.0 0.0 0.0 0.0
241.8 0.0 -4.5875 0.0 0.0 0.0 0.0
242.0 0.0 -4.5595 0.0 0.0 0.0 0.0
242.2 0.0 -4.5261 0.0 0.0 0.0 0.0
242.4 0.0 -4.4991 0.0 0.0 0.0 0.0
242.6 0.0 -4.497 0.0 0.0 0.0 0.0
242.8 0.0 -4.5306 0.0 0.0 0.0 0.0
243.0 0.0 -4.5951 0.0 0.0 0.0 0.0
243.2 0.0 -4.6697 0.0 0.0 0.0 0.0
243.4 0.0 -4.7302 0.0 0.0 0.0 0.0
243.6 0.0 -4.7603 0.0 0.0 0.0 0.0
243.8 0.0 -4.7605 0.0 0.0 0.0 0.0
244.0 0.0 -4.7433 0.0 0.0 0.0 0.0
244.2 0.0 -4.723 0.0 0.0 0.0 0.0
244.4 0.0 -4.7074 0.0 0.0 0.0 0.0
244.6 0.0 -4.6967 0.0 0.0 0.0 0.0
244.8 0.0 -4.6882 0.0 0.0 0.0 0.0
245.0 0.0 -4.6792 0.0 0.0 0.0 0.0
245.2 0.0 -4.668 0.0 0.0 0.0 0.0
245.4 0.0 -4.6566 0.0 0.0 0.0 0.0
245.6 0.0 -4.6427 0.0 0.0 0.0 0.0
245.8 0.0 -4.6261 0.0 0.0 0.0 0.0
246.0 0.0 -4.6078 0.0 0.0 0.0 0.0
246.2 0.0 -4.5904 0.0 0.0 0.0 0.0
246.4 0.0 -4.5774 0.0 0.0 0.0 0.0
246.6 0.0 -4.571 0.0 0.0 0.0 0.0
246.8 0.0 -4.5703 0.0 0.0 0.0 0.0
247.0 0.0 -4.572 0.0 0.0 0.0 0.0
247.2 0.0 -4.5747 0.0 0.0 0.0 0.0
247.4 0.0 -4.5772 0.0 0.0 0.0 0.0
247.6 0.0 -4.5796 0.0 0.0 0.0 0.0
247.8 0.0 -4.5799 0.0 0.0 0.0 0.0
248.0 0.0 -4.5707 0.0 0.0 0.0 0.0
248.2 0.0 -4.5465 0.0 0.0 0.0 0.0
248.4 0.0 -4.5073 0.0 0.0 0.0 0.0
248.6 0.0 -4.4623 0.0 0.0 0.0 0.0
248.8 0.0 -4.4256 0.0 0.0 0.0 0.0
249.0 0.0 -4.405 0.0 0.0 0.0 0.0
249.2 0.0 -4.3976 0.0 0.0 0.0 0.0
249.4 0.0 -4.3915 0.0 0.0 0.0 0.0
249.6 0.0 -4.3742 0.0 0.0 0.0 0.0
249.8 0.0 -4.3433 0.0 0.0 0.0 0.0
250.0 0.0 -4.3082 0.0 0.0 0.0 0.0
250.2 0.0 -4.2826 0.0 0.0 0.0 0.0
250.4 0.0 -4.2777 0.0 0.0 0.0 0.0
250.6 0.0 -4.2961 0.0 0.0 0.0 0.0
250.8 0.0 -4.3318 0.0 0.0 0.0 0.0
251.0 0.0 -4.3727 0.0 0.0 0.0 0.0
251.2 0.0 -4.4073 0.0 0.0 0.0 0.0
251.4 0.0 -4.424 0.0 0.0 0.0 0.0
251.6 0.0 -4.4179 0.0 0.0 0.0 0.0
251.8 0.0 -4.3926 0.0 0.0 0.0 0.0
252.0 0.0 -4.3545 0.0 0.0 0.0 0.0
252.2 0.0 -4.318 0.0 0.0 0.0 0.0
252.4 0.0 -4.2938 0.0 0.0 0.0 0.0
252.6 0.0 -4.2885 0.0 0.0 0.0 0.0
252.8 0.0 -4.2988 0.0 0.0 0.0 0.0
253.0 0.0 -4.314 0.0 0.0 0.0 0.0
253.2 0.0 -4.3209 0.0 0.0 0.0 0.0
253.4 0.0 -4.3086 0.0 0.0 0.0 0.0
253.6 0.0 -4.2766 0.0 0.0 0.0 0.0
253.8 0.0 -4.236 0.0 0.0 0.0 0.0
254.0 0.0 -4.2029 0.0 0.0 0.0 0.0
254.2 0.0 -4.1848 0.0 0.0 0.0 0.0
254.4 0.0 -4.178 0.0 0.0 0.0 0.0
254.6 0.0 -4.1686 0.0 0.0 0.0 0.0
254.8 0.0 -4.1448 0.0 0.0 0.0 0.0
255.0 0.0 -4.1052 0.0 0.0 0.0 0.0
255.2 0.0 -4.0643 0.0 0.0 0.0 0.0
255.4 0.0 -4.0381 0.0 0.0 0.0 0.0
255.6 0.0 -4.0362 0.0 0.0 0.0 0.0
255.8 0.0 -4.0558 0.0 0.0 0.0 0.0
256.0 0.0 -4.0821 0.0 0.0 0.0 0.0
256.2 0.0 -4.1023 0.0 0.0 0.0 0.0
256.4 0.0 -4.1066 0.0 0.0 0.0 0.0
256.6 0.0 -4.0923 0.0 0.0 0.0 0.0
256.8 0.0 -4.0601 0.0 0.0 0.0 0.0
257.0 0.0 -4.0171 0.0 0.0 0.0 0.0
257.2 0.0 -3.9745 0.0 0.0 0.0 0.0
257.4 0.0 -3.943 0.0 0.0 0.0 0.0
257.6 0.0 -3.9278 0.0 0.0 0.0 0.0
257.8 0.0 -3.9225 0.0 0.0 0.0 0.0
258.0 0.0 -3.9152 0.0 0.0 0.0 0.0
258.2 0.0 -3.8937 0.0 0.0 0.0 0.0
258.4 0.0 -3.8559 0.0 0.0 0.0 0.0
258.6 0.0 -3.8107 0.0 0.0 0.0 0.0
258.8 0.0 -3.7701 0.0 0.0 0.0 0.0
259.0 0.0 -3.7408 0.0 0.0 0.0 0.0
259.2 0.0 -3.7234 0.0 0.0 0.0 0.0
259.4 0.0 -3.7137 0.0 0.0 0.0 0.0
259.6 0.0 -3.7106 0.0 0.0 0.0 0.0
259.8 0.0 -3.7146 0.0 0.0 0.0 0.0
260.0 0.0 -3.7296 0.0 0.0 0.0 0.0
260.2 0.0 -3.7543 0.0 0.0 0.0 0.0
260.4 0.0 -3.7862 0.0 0.0 0.0 0.0
260.6 0.0 -3.8189 0.0 0.0 0.0 0.0
260.8 0.0 -3.8465 0.0 0.0 0.0 0.0
261.0 0.0 -3.8639 0.0 0.0 0.0 0.0
261.2 0.0 -3.8706 0.0 0.0 0.0 0.0
261.4 0.0 -3.8705 0.0 0.0 0.0 0.0
261.6 0.0 -3.8719 0.0 0.0 0.0 0.0
261.8 0.0 -3.88 0.0 0.0 0.0 0.0
262.0 0.0 -3.8945 0.0 0.0 0.0 0.0
262.2 0.0 -3.9091 0.0 0.0 0.0 0.0
262.4 0.0 -3.9155 0.0 0.0 0.0 0.0
262.6 0.0 -3.9091 0.0 0.0 0.0 0.0
262.8 0.0 -3.8932 0.0 0.0 0.0 0.0
263.0 0.0 -3.8759 0.0 0.0 0.0 0.0
263.2 0.0 -3.8624 0.0 0.0 0.0 0.0
263.4 0.0 -3.8543 0.0 0.0 0.0 0.0
263.6 0.0 -3.8531 0.0 0.0 0.0 0.0
263.8 0.0 -3.8587 0.0 0.0 0.0 0.0
264.0 0.0 -3.8716 0.0 0.0 0.0 0.0
264.2 0.0 -3.8895 0.0 0.0 0.0 0.0
264.4 0.0 -3.9082 0.0 0.0 0.0 0.0
264.6 0.0 -3.9186 0.0 0.0 0.0 0.0
264.8 0.0 -3.9153 0.0 0.0 0.0 0.0
265.0 0.0 -3.898 0.0 0.0 0.0 0.0
265.2 0.0 -3.8741 0.0 0.0 0.0 0.0
265.4 0.0 -3.8528 0.0 0.0 0.0 0.0
265.6 0.0 -3.8419 0.0 0.0 0.0 0.0
265.8 0.0 -3.8431 0.0 0.0 0.0 0.0
266.0 0.0 -3.8525 0.0 0.0 0.0 0.0
266.2 0.0 -3.8643 0.0 0.0 0.0 0.0
266.4 0.0 -3.874 0.0 0.0 0.0 0.0
266.6 0.0 -3.8778 0.0 0.0 0.0 0.0
266.8 0.0 -3.879 0.0 0.0 0.0 0.0
267.0 0.0 -3.8803 0.0 0.0 0.0 0.0
267.2 0.0 -3.8814 0.0 0.0 0.0 0.0
267.4 0.0 -3.8827 0.0 0.0 0.0 0.0
267.6 0.0 -3.8861 0.0 0.0 0.0 0.0
267.8 0.0 -3.8968 0.0 0.0 0.0 0.0
268.0 0.0 -3.9161 0.0 0.0 0.0 0.0
268.2 0.0 -3.943 0.0 0.0 0.0 0.0
268.4 0.0 -3.9703 0.0 0.0 0.0 0.0
268.6 0.0 -3.9876 0.0 0.0 0.0 0.0
268.8 0.0 -3.9939 0.0 0.0 0.0 0.0
269.0 0.0 -3.9956 0.0 0.0 0.0 0.0
269.2 0.0 -4.0027 0.0 0.0 0.0 0.0
269.4 0.0 -4.019 0.0 0.0 0.0 0.0
269.6 0.0 -4.0422 0.0 0.0 0.0 0.0
269.8 0.0 -4.0647 0.0 0.0 0.0 0.0
270.0 0.0 -4.0848 0.0 0.0 0.0 0.0
270.2 0.0 -4.1036 0.0 0.0 0.0 0.0
270.4 0.0 -4.122 0.0 0.0 0.0 0.0
270.6 0.0 -4.1371 0.0 0.0 0.0 0.0
270.8 0.0 -4.1447 0.0 0.0 0.0 0.0
271.0 0.0 -4.1433 0.0 0.0 0.0 0.0
271.2 0.0 -4.1376 0.0 0.0 0.0 0.0
271.4 0.0 -4.1403 0.0 0.0 0.0 0.0
271.6 0.0 -4.1584 0.0 0.0 0.0 0.0
271.8 0.0 -4.1877 0.0 0.0 0.0 0.0
272.0 0.0 -4.2145 0.0 0.0 0.0 0.0
272.2 0.0 -4.2255 0.0 0.0 0.0 0.0
272.4 0.0 -4.2197 0.0 0.0 0.0 0.0
272.6 0.0 -4.2058 0.0 0.0 0.0 0.0
272.8 0.0 -4.2002 0.0 0.0 0.0 0.0
273.0 0.0 -4.2101 0.0 0.0 0.0 0.0
273.2 0.0 -4.2299 0.0 0.0 0.0 0.0
273.4 0.0 -4.2475 0.0 0.0 0.0 0.0
273.6 0.0 -4.2539 0.0 0.0 0.0 0.0
273.8 0.0 -4.245 0.0 0.0 0.0 0.0
274.0 0.0 -4.2299 0.0 0.0 0.0 0.0
274.2 0.0 -4.2173 0.0 0.0 0.0 0.0
274.4 0.0 -4.2117 0.0 0.0 0.0 0.0
274.6 0.0 -4.2101 0.0 0.0 0.0 0.0
274.8 0.0 -4.2051 0.0 0.0 0.0 0.0
275.0 0.0 -4.1898 0.0 0.0 0.0 0.0
275.2 0.0 -4.1645 0.0 0.0 0.0 0.0
275.4 0.0 -4.1371 0.0 0.0 0.0 0.0
275.6 0.0 -4.1146 0.0 0.0 0.0 0.0
275.8 0.0 -4.1028 0.0 0.0 0.0 0.0
276.0 0.0 -4.1006 0.0 0.0 0.0 0.0
276.2 0.0 -4.1033 0.0 0.0 0.0 0.0
276.4 0.0 -4.1101 0.0 0.0 0.0 0.0
276.6 0.0 -4.1203 0.0 0.0 0.0 0.0
276.8 0.0 -4.1331 0.0 0.0 0.0 0.0
277.0 0.0 -4.1472 0.0 0.0 0.0 0.0
277.2 0.0 -4.1622 0.0 0.0 0.0 0.0
277.4 0.0 -4.1788 0.0 0.0 0.0 0.0
277.6 0.0 -4.2012 0.0 0.0 0.0 0.0
277.8 0.0 -4.232 0.0 0.0 0.0 0.0
278.0 0.0 -4.2681 0.0 0.0 0.0 0.0
278.2 0.0 -4.3027 0.0 0.0 0.0 0.0
278.4 0.0 -4.3271 0.0 0.0 0.0 0.0
278.6 0.0 -4.3357 0.0 0.0 0.0 0.0
278.8 0.0 -4.3335 0.0 0.0 0.0 0.0
279.0 0.0 -4.3314 0.0 0.0 0.0 0.0
279.2 0.0 -4.3394 0.0 0.0 0.0 0.0
279.4 0.0 -4.3624 0.0 0.0 0.0 0.0
279.6 0.0 -4.3925 0.0 0.0 0.0 0.0
279.8 0.0 -4.4205 0.0 0.0 0.0 0.0
280.0 0.0 -4.4379 0.0 0.0 0.0 0.0
280.2 0.0 -4.4434 0.0 0.0 0.0 0.0
280.4 0.0 -4.4455 0.0 0.0 0.0 0.0
280.6 0.0 -4.4515 0.0 0.0 0.0 0.0
280.8 0.0 -4.4648 0.0 0.0 0.0 0.0
281.0 0.0 -4.4811 0.0 0.0 0.0 0.0
281.2 0.0 -4.4966 0.0 0.0 0.0 0.0
281.4 0.0 -4.5065 0.0 0.0 0.0 0.0
281.6 0.0 -4.5121 0.0 0.0 0.0 0.0
281.8 0.0 -4.5188 0.0 0.0 0.0 0.0
282.0 0.0 -4.5259 0.0 0.0 0.0 0.0
282.2 0.0 -4.5304 0.0 0.0 0.0 0.0
282.4 0.0 -4.5248 0.0 0.0 0.0 0.0
282.6 0.0 -4.5044 0.0 0.0 0.0 0.0
282.8 0.0 -4.4722 0.0 0.0 0.0 0.0
283.0 0.0 -4.4406 0.0 0.0 0.0 0.0
283.2 0.0 -4.4193 0.0 0.0 0.0 0.0
283.4 0.0 -4.4156 0.0 0.0 0.0 0.0
283.6 0.0 -4.4261 0.0 0.0 0.0 0.0
283.8 0.0 -4.4396 0.0 0.0 0.0 0.0
284.0 0.0 -4.4475 0.0 0.0 0.0 0.0
284.2 0.0 -4.4454 0.0 0.0 0.0 0.0
284.4 0.0 -4.4393 0.0 0.0 0.0 0.0
284.6 0.0 -4.4322 0.0 0.0 0.0 0.0
284.8 0.0 -4.4285 0.0 0.0 0.0 0.0
285.0 0.0 -4.4248 0.0 0.0 0.0 0.0
285.2 0.0 -4.4173 0.0 0.0 0.0 0.0
285.4 0.0 -4.4042 0.0 0.0 0.0 0.0
285.6 0.0 -4.3886 0.0 0.0 0.0 0.0
285.8 0.0 -4.3772 0.0 0.0 0.0 0.0
286.0 0.0 -4.3724 0.0 0.0 0.0 0.0
286.2 0.0 -4.3746 0.0 0.0 0.0 0.0
286.4 0.0 -4.3762 0.0 0.0 0.0 0.0
286.6 0.0 -4.3722 0.0 0.0 0.0 0.0
286.8 0.0 -4.357 0.0 0.0 0.0 0.0
287.0 0.0 -4.3367 0.0 0.0 0.0 0.0
287.2 0.0 -4.3168 0.0 0.0 0.0 0.0
287.4 0.0 -4.3049 0.0 0.0 0.0 0.0
287.6 0.0 -4.3052 0.0 0.0 0.0 0.0
287.8 0.0 -4.3121 0.0 0.0 0.0 0.0
288.0 0.0 -4.3194 0.0 0.0 0.0 0.0
288.2 0.0 -4.3236 0.0 0.0 0.0 0.0
288.4 0.0 -4.3306 0.0 0.0 0.0 0.0
288.6 0.0 -4.3482 0.0 0.0 0.0 0.0
288.8 0.0 -4.3846 0.0 0.0 0.0 0.0
289.0 0.0 -4.4383 0.0 0.0 0.0 0.0
289.2 0.0 -4.5002 0.0 0.0 0.0 0.0
289.4 0.0 -4.5604 0.0 0.0 0.0 0.0
289.6 0.0 -4.612 0.0 0.0 0.0 0.0
289.8 0.0 -4.6514 0.0 0.0 0.0 0.0
290.0 0.0 -4.6745 0.0 0.0 0.0 0.0
290.2 0.0 -4.6783 0.0 0.0 0.0 0.0
290.4 0.0 -4.6645 0.0 0.0 0.0 0.0
290.6 0.0 -4.644 0.0 0.0 0.0 0.0
290.8 0.0 -4.6278 0.0 0.0 0.0 0.0
291.0 0.0 -4.6285 0.0 0.0 0.0 0.0
291.2 0.0 -4.6405 0.0 0.0 0.0 0.0
291.4 0.0 -4.6513 0.0 0.0 0.0 0.0
291.6 0.0 -4.6499 0.0 0.0 0.0 0.0
291.8 0.0 -4.6369 0.0 0.0 0.0 0.0
292.0 0.0 -4.6188 0.0 0.0 0.0 0.0
292.2 0.0 -4.6031 0.0 0.0 0.0 0.0
292.4 0.0 -4.5887 0.0 0.0 0.0 0.0
292.6 0.0 -4.5679 0.0 0.0 0.0 0.0
292.8 0.0 -4.532 0.0 0.0 0.0 0.0
293.0 0.0 -4.486 0.0 0.0 0.0 0.0
293.2 0.0 -4.4412 0.0 0.0 0.0 0.0
293.4 0.0 -4.4107 0.0 0.0 0.0 0.0
293.6 0.0 -4.3967 0.0 0.0 0.0 0.0
293.8 0.0 -4.3933 0.0 0.0 0.0 0.0
294.0 0.0 -4.3913 0.0 0.0 0.0 0.0
294.2 0.0 -4.3868 0.0 0.0 0.0 0.0
294.4 0.0 -4.3842 0.0 0.0 0.0 0.0
294.6 0.0 -4.3871 0.0 0.0 0.0 0.0
294.8 0.0 -4.3932 0.0 0.0 0.0 0.0
295.0 0.0 -4.3982 0.0 0.0 0.0 0.0
295.2 0.0 -4.3951 0.0 0.0 0.0 0.0
295.4 0.0 -4.3843 0.0 0.0 0.0 0.0
295.6 0.0 -4.3735 0.0 0.0 0.0 0.0
295.8 0.0 -4.3727 0.0 0.0 0.0 0.0
296.0 0.0 -4.3815 0.0 0.0 0.0 0.0
296.2 0.0 -4.388 0.0 0.0 0.0 0.0
296.4 0.0 -4.3809 0.0 0.0 0.0 0.0
296.6 0.0 -4.354 0.0 0.0 0.0 0.0
296.8 0.0 -4.3119 0.0 0.0 0.0 0.0
297.0 0.0 -4.2727 0.0 0.0 0.0 0.0
297.2 0.0 -4.2489 0.0 0.0 0.0 0.0
297.4 0.0 -4.2457 0.0 0.0 0.0 0.0
297.6 0.0 -4.2568 0.0 0.0 0.0 0.0
297.8 0.0 -4.273 0.0 0.0 0.0 0.0
298.0 0.0 -4.2861 0.0 0.0 0.0 0.0
298.2 0.0 -4.2944 0.0 0.0 0.0 0.0
298.4 0.0 -4.2988 0.0 0.0 0.0 0.0
298.6 0.0 -4.2965 0.0 0.0 0.0 0.0
298.8 0.0 -4.2874 0.0 0.0 0.0 0.0
299.0 0.0 -4.2739 0.0 0.0 0.0 0.0
299.2 0.0 -4.262 0.0 0.0 0.0 0.0
299.4 0.0 -4.2568 0.0 0.0 0.0 0.0
299.6 0.0 -4.2595 0.0 0.0 0.0 0.0
299.8 0.0 -4.2664 0.0 0.0 0.0 0.0
300.0 0.0 -4.2738 0.0 0.0 0.0 0.0
