0.0 0.0 0.0 0.0 0.0 0.0 0.0
0.2 0.0 -1.5e-05 0.0 0.0 0.0 0.0
0.4 0.0 0.000261 0.0 0.0 0.0 0.0
0.6 0.0 -0.000604 0.0 0.0 0.0 0.0
0.8 0.0 -0.002058 0.0 0.0 0.0 0.0
1.0 0.0 -0.001776 0.0 0.0 0.0 0.0
1.2 0.0 0.000629 0.0 0.0 0.0 0.0
1.4 0.0 0.003369 0.0 0.0 0.0 0.0
1.6 0.0 0.003149 0.0 0.0 0.0 0.0
1.8 0.0 -0.001861 0.0 0.0 0.0 0.0
2.0 0.0 -0.010795 0.0 0.0 0.0 0.0
2.2 0.0 -0.021532 0.0 0.0 0.0 0.0
2.4 0.0 -0.032282 0.0 0.0 0.0 0.0
2.6 0.0 -0.043314 0.0 0.0 0.0 0.0
2.8 0.0 -0.056014 0.0 0.0 0.0 0.0
3.0 0.0 -0.070203 0.0 0.0 0.0 0.0
3.2 0.0 -0.083587 0.0 0.0 0.0 0.0
3.4 0.0 -0.092578 0.0 0.0 0.0 0.0
3.6 0.0 -0.094872 0.0 0.0 0.0 0.0
3.8 0.0 -0.091453 0.0 0.0 0.0 0.0
4.0 0.0 -0.088263 0.0 0.0 0.0 0.0
4.2 0.0 -0.092821 0.0 0.0 0.0 0.0
4.4 0.0 -0.11033 0.0 0.0 0.0 0.0
4.6 0.0 -0.14215 0.0 0.0 0.0 0.0
4.8 0.0 -0.18208 0.0 0.0 0.0 0.0
5.0 0.0 -0.21794 0.0 0.0 0.0 0.0
5.2 0.0 -0.23908 0.0 0.0 0.0 0.0
5.4 0.0 -0.24 0.0 0.0 0.0 0.0
5.6 0.0 -0.22373 0.0 0.0 0.0 0.0
5.8 0.0 -0.2013 0.0 0.0 0.0 0.0
6.0 0.0 -0.18294 0.0 0.0 0.0 0.0
6.2 0.0 -0.1741 0.0 0.0 0.0 0.0
6.4 0.0 -0.17255 0.0 0.0 0.0 0.0
6.6 0.0 -0.17319 0.0 0.0 0.0 0.0
6.8 0.0 -0.17383 0.0 0.0 0.0 0.0
7.0 0.0 -0.17477 0.0 0.0 0.0 0.0
7.2 0.0 -0.17746 0.0 0.0 0.0 0.0
7.4 0.0 -0.1808 0.0 0.0 0.0 0.0
7.6 0.0 -0.18025 0.0 0.0 0.0 0.0
7.8 0.0 -0.17259 0.0 0.0 0.0 0.0
8.0 0.0 -0.15932 0.0 0.0 0.0 0.0
8.2 0.0 -0.14593 0.0 0.0 0.0 0.0
8.4 0.0 -0.13272 0.0 0.0 0.0 0.0
8.6 0.0 -0.11664 0.0 0.0 0.0 0.0
8.8 0.0 -0.093638 0.0 0.0 0.0 0.0
9.0 0.0 -0.065395 0.0 0.0 0.0 0.0
9.2 0.0 -0.043831 0.0 0.0 0.0 0.0
9.4 0.0 -0.044318 0.0 0.0 0.0 0.0
9.6 0.0 -0.079235 0.0 0.0 0.0 0.0
9.8 0.0 -0.14518 0.0 0.0 0.0 0.0
10.0 0.0 -0.22215 0.0 0.0 0.0 0.0
10.2 0.0 -0.28489 0.0 0.0 0.0 0.0
10.4 0.0 -0.31541 0.0 0.0 0.0 0.0
10.6 0.0 -0.31303 0.0 0.0 0.0 0.0
10.8 0.0 -0.29294 0.0 0.0 0.0 0.0
11.0 0.0 -0.27468 0.0 0.0 0.0 0.0
11.2 0.0 -0.27106 0.0 0.0 0.0 0.0
11.4 0.0 -0.28271 0.0 0.0 0.0 0.0
11.6 0.0 -0.29775 0.0 0.0 0.0 0.0
11.8 0.0 -0.30235 0.0 0.0 0.0 0.0
12.0 0.0 -0.29005 0.0 0.0 0.0 0.0
12.2 0.0 -0.26705 0.0 0.0 0.0 0.0
12.4 0.0 -0.24441 0.0 0.0 0.0 0.0
12.6 0.0 -0.2341 0.0 0.0 0.0 0.0
12.8 0.0 -0.23996 0.0 0.0 0.0 0.0
13.0 0.0 -0.25577 0.0 0.0 0.0 0.0
13.2 0.0 -0.27208 0.0 0.0 0.0 0.0
13.4 0.0 -0.27741 0.0 0.0 0.0 0.0
13.6 0.0 -0.27328 0.0 0.0 0.0 0.0
13.8 0.0 -0.26276 0.0 0.0 0.0 0.0
14.0 0.0 -0.25465 0.0 0.0 0.0 0.0
14.2 0.0 -0.25547 0.0 0.0 0.0 0.0
14.4 0.0 -0.26551 0.0 0.0 0.0 0.0
14.6 0.0 -0.2823 0.0 0.0 0.0 0.0
14.8 0.0 -0.30258 0.0 0.0 0.0 0.0
15.0 0.0 -0.32319 0.0 0.0 0.0 0.0
15.2 0.0 -0.34073 0.0 0.0 0.0 0.0
15.4 0.0 -0.35346 0.0 0.0 0.0 0.0
15.6 0.0 -0.36116 0.0 0.0 0.0 0.0
15.8 0.0 -0.36468 0.0 0.0 0.0 0.0
16.0 0.0 -0.36691 0.0 0.0 0.0 0.0
16.2 0.0 -0.37118 0.0 0.0 0.0 0.0
16.4 0.0 -0.37844 0.0 0.0 0.0 0.0
16.6 0.0 -0.3857 0.0 0.0 0.0 0.0
16.8 0.0 -0.38992 0.0 0.0 0.0 0.0
17.0 0.0 -0.39171 0.0 0.0 0.0 0.0
17.2 0.0 -0.39805 0.0 0.0 0.0 0.0
17.4 0.0 -0.41356 0.0 0.0 0.0 0.0
17.6 0.0 -0.44014 0.0 0.0 0.0 0.0
17.8 0.0 -0.46819 0.0 0.0 0.0 0.0
18.0 0.0 -0.48612 0.0 0.0 0.0 0.0
18.2 0.0 -0.48496 0.0 0.0 0.0 0.0
18.4 0.0 -0.46673 0.0 0.0 0.0 0.0
18.6 0.0 -0.44145 0.0 0.0 0.0 0.0
18.8 0.0 -0.42297 0.0 0.0 0.0 0.0
19.0 0.0 -0.41923 0.0 0.0 0.0 0.0
19.2 0.0 -0.42828 0.0 0.0 0.0 0.0
19.4 0.0 -0.44085 0.0 0.0 0.0 0.0
19.6 0.0 -0.44672 0.0 0.0 0.0 0.0
19.8 0.0 -0.44194 0.0 0.0 0.0 0.0
20.0 0.0 -0.42816 0.0 0.0 0.0 0.0
20.2 0.0 -0.41267 0.0 0.0 0.0 0.0
20.4 0.0 -0.40272 0.0 0.0 0.0 0.0
20.6 0.0 -0.3992 0.0 0.0 0.0 0.0
20.8 0.0 -0.39777 0.0 0.0 0.0 0.0
21.0 0.0 -0.39177 0.0 0.0 0.0 0.0
21.2 0.0 -0.37729 0.0 0.0 0.0 0.0
21.4 0.0 -0.35549 0.0 0.0 0.0 0.0
21.6 0.0 -0.33127 0.0 0.0 0.0 0.0
21.8 0.0 -0.31226 0.0 0.0 0.0 0.0
22.0 0.0 -0.30384 0.0 0.0 0.0 0.0
22.2 0.0 -0.30873 0.0 0.0 0.0 0.0
22.4 0.0 -0.32383 0.0 0.0 0.0 0.0
22.6 0.0 -0.34286 0.0 0.0 0.0 0.0
22.8 0.0 -0.35689 0.0 0.0 0.0 0.0
23.0 0.0 -0.36229 0.0 0.0 0.0 0.0
23.2 0.0 -0.35829 0.0 0.0 0.0 0.0
23.4 0.0 -0.34833 0.0 0.0 0.0 0.0
23.6 0.0 -0.33796 0.0 0.0 0.0 0.0
23.8 0.0 -0.33023 0.0 0.0 0.0 0.0
24.0 0.0 -0.32348 0.0 0.0 0.0 0.0
24.2 0.0 -0.31569 0.0 0.0 0.0 0.0
24.4 0.0 -0.30632 0.0 0.0 0.0 0.0
24.6 0.0 -0.29652 0.0 0.0 0.0 0.0
24.8 0.0 -0.28957 0.0 0.0 0.0 0.0
25.0 0.0 -0.28804 0.0 0.0 0.0 0.0
25.2 0.0 -0.29361 0.0 0.0 0.0 0.0
25.4 0.0 -0.30605 0.0 0.0 0.0 0.0
25.6 0.0 -0.32119 0.0 0.0 0.0 0.0
25.8 0.0 -0.33528 0.0 0.0 0.0 0.0
26.0 0.0 -0.34398 0.0 0.0 0.0 0.0
26.2 0.0 -0.35069 0.0 0.0 0.0 0.0
26.4 0.0 -0.36283 0.0 0.0 0.0 0.0
26.6 0.0 -0.38528 0.0 0.0 0.0 0.0
26.8 0.0 -0.41675 0.0 0.0 0.0 0.0
27.0 0.0 -0.45065 0.0 0.0 0.0 0.0
27.2 0.0 -0.47567 0.0 0.0 0.0 0.0
27.4 0.0 -0.48193 0.0 0.0 0.0 0.0
27.6 0.0 -0.47628 0.0 0.0 0.0 0.0
27.8 0.0 -0.46612 0.0 0.0 0.0 0.0
28.0 0.0 -0.46088 0.0 0.0 0.0 0.0
28.2 0.0 -0.46608 0.0 0.0 0.0 0.0
28.4 0.0 -0.48181 0.0 0.0 0.0 0.0
28.6 0.0 -0.50689 0.0 0.0 0.0 0.0
28.8 0.0 -0.53892 0.0 0.0 0.0 0.0
29.0 0.0 -0.5726 0.0 0.0 0.0 0.0
29.2 0.0 -0.59793 0.0 0.0 0.0 0.0
29.4 0.0 -0.60487 0.0 0.0 0.0 0.0
29.6 0.0 -0.58802 0.0 0.0 0.0 0.0
29.8 0.0 -0.55154 0.0 0.0 0.0 0.0
30.0 0.0 -0.50765 0.0 0.0 0.0 0.0
30.2 0.0 -0.47147 0.0 0.0 0.0 0.0
30.4 0.0 -0.45493 0.0 0.0 0.0 0.0
30.6 0.0 -0.45274 0.0 0.0 0.0 0.0
30.8 0.0 -0.45339 0.0 0.0 0.0 0.0
31.0 0.0 -0.44541 0.0 0.0 0.0 0.0
31.2 0.0 -0.42646 0.0 0.0 0.0 0.0
31.4 0.0 -0.40296 0.0 0.0 0.0 0.0
31.6 0.0 -0.38614 0.0 0.0 0.0 0.0
31.8 0.0 -0.3778 0.0 0.0 0.0 0.0
32.0 0.0 -0.36856 0.0 0.0 0.0 0.0
32.2 0.0 -0.35003 0.0 0.0 0.0 0.0
32.4 0.0 -0.31893 0.0 0.0 0.0 0.0
32.6 0.0 -0.28501 0.0 0.0 0.0 0.0
32.8 0.0 -0.2595 0.0 0.0 0.0 0.0
33.0 0.0 -0.24902 0.0 0.0 0.0 0.0
33.2 0.0 -0.24991 0.0 0.0 0.0 0.0
33.4 0.0 -0.25216 0.0 0.0 0.0 0.0
33.6 0.0 -0.24817 0.0 0.0 0.0 0.0
33.8 0.0 -0.23671 0.0 0.0 0.0 0.0
34.0 0.0 -0.22369 0.0 0.0 0.0 0.0
34.2 0.0 -0.21615 0.0 0.0 0.0 0.0
34.4 0.0 -0.21651 0.0 0.0 0.0 0.0
34.6 0.0 -0.22159 0.0 0.0 0.0 0.0
34.8 0.0 -0.22633 0.0 0.0 0.0 0.0
35.0 0.0 -0.22618 0.0 0.0 0.0 0.0
35.2 0.0 -0.21804 0.0 0.0 0.0 0.0
35.4 0.0 -0.20301 0.0 0.0 0.0 0.0
35.6 0.0 -0.184 0.0 0.0 0.0 0.0
35.8 0.0 -0.17188 0.0 0.0 0.0 0.0
36.0 0.0 -0.17114 0.0 0.0 0.0 0.0
36.2 0.0 -0.18107 0.0 0.0 0.0 0.0
36.4 0.0 -0.19002 0.0 0.0 0.0 0.0
36.6 0.0 -0.19025 0.0 0.0 0.0 0.0
36.8 0.0 -0.18039 0.0 0.0 0.0 0.0
37.0 0.0 -0.17197 0.0 0.0 0.0 0.0
37.2 0.0 -0.18019 0.0 0.0 0.0 0.0
37.4 0.0 -0.21197 0.0 0.0 0.0 0.0
37.6 0.0 -0.26267 0.0 0.0 0.0 0.0
37.8 0.0 -0.31596 0.0 0.0 0.0 0.0
38.0 0.0 -0.35281 0.0 0.0 0.0 0.0
38.2 0.0 -0.36371 0.0 0.0 0.0 0.0
38.4 0.0 -0.35382 0.0 0.0 0.0 0.0
38.6 0.0 -0.33807 0.0 0.0 0.0 0.0
38.8 0.0 -0.33373 0.0 0.0 0.0 0.0
39.0 0.0 -0.3538 0.0 0.0 0.0 0.0
39.2 0.0 -0.39923 0.0 0.0 0.0 0.0
39.4 0.0 -0.45891 0.0 0.0 0.0 0.0
39.6 0.0 -0.51584 0.0 0.0 0.0 0.0
39.8 0.0 -0.55304 0.0 0.0 0.0 0.0
40.0 0.0 -0.55838 0.0 0.0 0.0 0.0
40.2 0.0 -0.53171 0.0 0.0 0.0 0.0
40.4 0.0 -0.48188 0.0 0.0 0.0 0.0
40.6 0.0 -0.42624 0.0 0.0 0.0 0.0
40.8 0.0 -0.37878 0.0 0.0 0.0 0.0
41.0 0.0 -0.34937 0.0 0.0 0.0 0.0
41.2 0.0 -0.3378 0.0 0.0 0.0 0.0
41.4 0.0 -0.33682 0.0 0.0 0.0 0.0
41.6 0.0 -0.33766 0.0 0.0 0.0 0.0
41.8 0.0 -0.33389 0.0 0.0 0.0 0.0
42.0 0.0 -0.32504 0.0 0.0 0.0 0.0
42.2 0.0 -0.31518 0.0 0.0 0.0 0.0
42.4 0.0 -0.31131 0.0 0.0 0.0 0.0
42.6 0.0 -0.31448 0.0 0.0 0.0 0.0
42.8 0.0 -0.32108 0.0 0.0 0.0 0.0
43.0 0.0 -0.32795 0.0 0.0 0.0 0.0
43.2 0.0 -0.32915 0.0 0.0 0.0 0.0
43.4 0.0 -0.31883 0.0 0.0 0.0 0.0
43.6 0.0 -0.2948 0.0 0.0 0.0 0.0
43.8 0.0 -0.25649 0.0 0.0 0.0 0.0
44.0 0.0 -0.2078 0.0 0.0 0.0 0.0
44.2 0.0 -0.15682 0.0 0.0 0.0 0.0
44.4 0.0 -0.11319 0.0 0.0 0.0 0.0
44.6 0.0 -0.084382 0.0 0.0 0.0 0.0
44.8 0.0 -0.071559 0.0 0.0 0.0 0.0
45.0 0.0 -0.069597 0.0 0.0 0.0 0.0
45.2 0.0 -0.068818 0.0 0.0 0.0 0.0
45.4 0.0 -0.062663 0.0 0.0 0.0 0.0
45.6 0.0 -0.051767 0.0 0.0 0.0 0.0
45.8 0.0 -0.037504 0.0 0.0 0.0 0.0
46.0 0.0 -0.024084 0.0 0.0 0.0 0.0
46.2 0.0 -0.012709 0.0 0.0 0.0 0.0
46.4 0.0 -0.005333 0.0 0.0 0.0 0.0
46.6 0.0 -0.006463 0.0 0.0 0.0 0.0
46.8 0.0 -0.023132 0.0 0.0 0.0 0.0
47.0 0.0 -0.061618 0.0 0.0 0.0 0.0
47.2 0.0 -0.12058 0.0 0.0 0.0 0.0
47.4 0.0 -0.18746 0.0 0.0 0.0 0.0
47.6 0.0 -0.24457 0.0 0.0 0.0 0.0
47.8 0.0 -0.27787 0.0 0.0 0.0 0.0
48.0 0.0 -0.28512 0.0 0.0 0.0 0.0
48.2 0.0 -0.27501 0.0 0.0 0.0 0.0
48.4 0.0 -0.26242 0.0 0.0 0.0 0.0
48.6 0.0 -0.25928 0.0 0.0 0.0 0.0
48.8 0.0 -0.26608 0.0 0.0 0.0 0.0
49.0 0.0 -0.27685 0.0 0.0 0.0 0.0
49.2 0.0 -0.28576 0.0 0.0 0.0 0.0
49.4 0.0 -0.29052 0.0 0.0 0.0 0.0
49.6 0.0 -0.30239 0.0 0.0 0.0 0.0
49.8 0.0 -0.3322 0.0 0.0 0.0 0.0
50.0 0.0 -0.38609 0.0 0.0 0.0 0.0
50.2 0.0 -0.45555 0.0 0.0 0.0 0.0
50.4 0.0 -0.51855 0.0 0.0 0.0 0.0
50.6 0.0 -0.55074 0.0 0.0 0.0 0.0
50.8 0.0 -0.53967 0.0 0.0 0.0 0.0
51.0 0.0 -0.492 0.0 0.0 0.0 0.0
51.2 0.0 -0.4289 0.0 0.0 0.0 0.0
51.4 0.0 -0.37385 0.0 0.0 0.0 0.0
51.6 0.0 -0.34022 0.0 0.0 0.0 0.0
51.8 0.0 -0.32824 0.0 0.0 0.0 0.0
52.0 0.0 -0.32887 0.0 0.0 0.0 0.0
52.2 0.0 -0.33091 0.0 0.0 0.0 0.0
52.4 0.0 -0.32567 0.0 0.0 0.0 0.0
52.6 0.0 -0.311 0.0 0.0 0.0 0.0
52.8 0.0 -0.29 0.0 0.0 0.0 0.0
53.0 0.0 -0.27086 0.0 0.0 0.0 0.0
53.2 0.0 -0.26228 0.0 0.0 0.0 0.0
53.4 0.0 -0.26233 0.0 0.0 0.0 0.0
53.6 0.0 -0.2614 0.0 0.0 0.0 0.0
53.8 0.0 -0.24462 0.0 0.0 0.0 0.0
54.0 0.0 -0.203 0.0 0.0 0.0 0.0
54.2 0.0 -0.14158 0.0 0.0 0.0 0.0
54.4 0.0 -0.077104 0.0 0.0 0.0 0.0
54.6 0.0 -0.026128 0.0 0.0 0.0 0.0
54.8 0.0 0.005504 0.0 0.0 0.0 0.0
55.0 0.0 0.023491 0.0 0.0 0.0 0.0
55.2 0.0 0.038425 0.0 0.0 0.0 0.0
55.4 0.0 0.055626 0.0 0.0 0.0 0.0
55.6 0.0 0.07226 0.0 0.0 0.0 0.0
55.8 0.0 0.083315 0.0 0.0 0.0 0.0
56.0 0.0 0.087263 0.0 0.0 0.0 0.0
56.2 0.0 0.087011 0.0 0.0 0.0 0.0
56.4 0.0 0.087486 0.0 0.0 0.0 0.0
56.6 0.0 0.090729 0.0 0.0 0.0 0.0
56.8 0.0 0.09194 0.0 0.0 0.0 0.0
57.0 0.0 0.086233 0.0 0.0 0.0 0.0
57.2 0.0 0.071638 0.0 0.0 0.0 0.0
57.4 0.0 0.050541 0.0 0.0 0.0 0.0
57.6 0.0 0.032525 0.0 0.0 0.0 0.0
57.8 0.0 0.02526 0.0 0.0 0.0 0.0
58.0 0.0 0.032105 0.0 0.0 0.0 0.0
58.2 0.0 0.046687 0.0 0.0 0.0 0.0
58.4 0.0 0.054215 0.0 0.0 0.0 0.0
58.6 0.0 0.038511 0.0 0.0 0.0 0.0
58.8 0.0 -0.008546 0.0 0.0 0.0 0.0
59.0 0.0 -0.080998 0.0 0.0 0.0 0.0
59.2 0.0 -0.16132 0.0 0.0 0.0 0.0
59.4 0.0 -0.22856 0.0 0.0 0.0 0.0
59.6 0.0 -0.26945 0.0 0.0 0.0 0.0
59.8 0.0 -0.2827 0.0 0.0 0.0 0.0
60.0 0.0 -0.27722 0.0 0.0 0.0 0.0
60.2 0.0 -0.26606 0.0 0.0 0.0 0.0
60.4 0.0 -0.25957 0.0 0.0 0.0 0.0
60.6 0.0 -0.26236 0.0 0.0 0.0 0.0
60.8 0.0 -0.27434 0.0 0.0 0.0 0.0
61.0 0.0 -0.29047 0.0 0.0 0.0 0.0
61.2 0.0 -0.30331 0.0 0.0 0.0 0.0
61.4 0.0 -0.30767 0.0 0.0 0.0 0.0
61.6 0.0 -0.29966 0.0 0.0 0.0 0.0
61.8 0.0 -0.28248 0.0 0.0 0.0 0.0
62.0 0.0 -0.2629 0.0 0.0 0.0 0.0
62.2 0.0 -0.24702 0.0 0.0 0.0 0.0
62.4 0.0 -0.23508 0.0 0.0 0.0 0.0
62.6 0.0 -0.2266 0.0 0.0 0.0 0.0
62.8 0.0 -0.22066 0.0 0.0 0.0 0.0
63.0 0.0 -0.21795 0.0 0.0 0.0 0.0
63.2 0.0 -0.21782 0.0 0.0 0.0 0.0
63.4 0.0 -0.2152 0.0 0.0 0.0 0.0
63.6 0.0 -0.20096 0.0 0.0 0.0 0.0
63.8 0.0 -0.16839 0.0 0.0 0.0 0.0
64.0 0.0 -0.11832 0.0 0.0 0.0 0.0
64.2 0.0 -0.06265 0.0 0.0 0.0 0.0
64.4 0.0 -0.017537 0.0 0.0 0.0 0.0
64.6 0.0 0.006632 0.0 0.0 0.0 0.0
64.8 0.0 0.010217 0.0 0.0 0.0 0.0
65.0 0.0 0.003908 0.0 0.0 0.0 0.0
65.2 0.0 0.000979 0.0 0.0 0.0 0.0
65.4 0.0 0.008978 0.0 0.0 0.0 0.0
65.6 0.0 0.027775 0.0 0.0 0.0 0.0
65.8 0.0 0.052005 0.0 0.0 0.0 0.0
66.0 0.0 0.075012 0.0 0.0 0.0 0.0
66.2 0.0 0.091398 0.0 0.0 0.0 0.0
66.4 0.0 0.10064 0.0 0.0 0.0 0.0
66.6 0.0 0.10257 0.0 0.0 0.0 0.0
66.8 0.0 0.099933 0.0 0.0 0.0 0.0
67.0 0.0 0.096584 0.0 0.0 0.0 0.0
67.2 0.0 0.096375 0.0 0.0 0.0 0.0
67.4 0.0 0.10009 0.0 0.0 0.0 0.0
67.6 0.0 0.10615 0.0 0.0 0.0 0.0
67.8 0.0 0.10966 0.0 0.0 0.0 0.0
68.0 0.0 0.10961 0.0 0.0 0.0 0.0
68.2 0.0 0.10737 0.0 0.0 0.0 0.0
68.4 0.0 0.10763 0.0 0.0 0.0 0.0
68.6 0.0 0.1125 0.0 0.0 0.0 0.0
68.8 0.0 0.11954 0.0 0.0 0.0 0.0
69.0 0.0 0.122 0.0 0.0 0.0 0.0
69.2 0.0 0.11419 0.0 0.0 0.0 0.0
69.4 0.0 0.094621 0.0 0.0 0.0 0.0
69.6 0.0 0.065534 0.0 0.0 0.0 0.0
69.8 0.0 0.029861 0.0 0.0 0.0 0.0
70.0 0.0 -0.01084 0.0 0.0 0.0 0.0
70.2 0.0 -0.055244 0.0 0.0 0.0 0.0
70.4 0.0 -0.098578 0.0 0.0 0.0 0.0
70.6 0.0 -0.13373 0.0 0.0 0.0 0.0
70.8 0.0 -0.15447 0.0 0.0 0.0 0.0
71.0 0.0 -0.15634 0.0 0.0 0.0 0.0
71.2 0.0 -0.14386 0.0 0.0 0.0 0.0
71.4 0.0 -0.12727 0.0 0.0 0.0 0.0
71.6 0.0 -0.11822 0.0 0.0 0.0 0.0
71.8 0.0 -0.12518 0.0 0.0 0.0 0.0
72.0 0.0 -0.14924 0.0 0.0 0.0 0.0
72.2 0.0 -0.18495 0.0 0.0 0.0 0.0
72.4 0.0 -0.21998 0.0 0.0 0.0 0.0
72.6 0.0 -0.24393 0.0 0.0 0.0 0.0
72.8 0.0 -0.25191 0.0 0.0 0.0 0.0
73.0 0.0 -0.24549 0.0 0.0 0.0 0.0
73.2 0.0 -0.22981 0.0 0.0 0.0 0.0
73.4 0.0 -0.21074 0.0 0.0 0.0 0.0
73.6 0.0 -0.19227 0.0 0.0 0.0 0.0
73.8 0.0 -0.17681 0.0 0.0 0.0 0.0
74.0 0.0 -0.16863 0.0 0.0 0.0 0.0
74.2 0.0 -0.17285 0.0 0.0 0.0 0.0
74.4 0.0 -0.18981 0.0 0.0 0.0 0.0
74.6 0.0 -0.21444 0.0 0.0 0.0 0.0
74.8 0.0 -0.23826 0.0 0.0 0.0 0.0
75.0 0.0 -0.24942 0.0 0.0 0.0 0.0
75.2 0.0 -0.24377 0.0 0.0 0.0 0.0
75.4 0.0 -0.22442 0.0 0.0 0.0 0.0
75.6 0.0 -0.19941 0.0 0.0 0.0 0.0
75.8 0.0 -0.1761 0.0 0.0 0.0 0.0
76.0 0.0 -0.16337 0.0 0.0 0.0 0.0
76.2 0.0 -0.16626 0.0 0.0 0.0 0.0
76.4 0.0 -0.18136 0.0 0.0 0.0 0.0
76.6 0.0 -0.20046 0.0 0.0 0.0 0.0
76.8 0.0 -0.2118 0.0 0.0 0.0 0.0
77.0 0.0 -0.20741 0.0 0.0 0.0 0.0
77.2 0.0 -0.18503 0.0 0.0 0.0 0.0
77.4 0.0 -0.1499 0.0 0.0 0.0 0.0
77.6 0.0 -0.1124 0.0 0.0 0.0 0.0
77.8 0.0 -0.07935 0.0 0.0 0.0 0.0
78.0 0.0 -0.055454 0.0 0.0 0.0 0.0
78.2 0.0 -0.043386 0.0 0.0 0.0 0.0
78.4 0.0 -0.043457 0.0 0.0 0.0 0.0
78.6 0.0 -0.052906 0.0 0.0 0.0 0.0
78.8 0.0 -0.063809 0.0 0.0 0.0 0.0
79.0 0.0 -0.065418 0.0 0.0 0.0 0.0
79.2 0.0 -0.05214 0.0 0.0 0.0 0.0
79.4 0.0 -0.029609 0.0 0.0 0.0 0.0
79.6 0.0 -0.014097 0.0 0.0 0.0 0.0
79.8 0.0 -0.021116 0.0 0.0 0.0 0.0
80.0 0.0 -0.054318 0.0 0.0 0.0 0.0
80.2 0.0 -0.10124 0.0 0.0 0.0 0.0
80.4 0.0 -0.1385 0.0 0.0 0.0 0.0
80.6 0.0 -0.15196 0.0 0.0 0.0 0.0
80.8 0.0 -0.14145 0.0 0.0 0.0 0.0
81.0 0.0 -0.1242 0.0 0.0 0.0 0.0
81.2 0.0 -0.12096 0.0 0.0 0.0 0.0
81.4 0.0 -0.13528 0.0 0.0 0.0 0.0
81.6 0.0 -0.15857 0.0 0.0 0.0 0.0
81.8 0.0 -0.17229 0.0 0.0 0.0 0.0
82.0 0.0 -0.16681 0.0 0.0 0.0 0.0
82.2 0.0 -0.14889 0.0 0.0 0.0 0.0
82.4 0.0 -0.13647 0.0 0.0 0.0 0.0
82.6 0.0 -0.14213 0.0 0.0 0.0 0.0
82.8 0.0 -0.16365 0.0 0.0 0.0 0.0
83.0 0.0 -0.18682 0.0 0.0 0.0 0.0
83.2 0.0 -0.19809 0.0 0.0 0.0 0.0
83.4 0.0 -0.19446 0.0 0.0 0.0 0.0
83.6 0.0 -0.18665 0.0 0.0 0.0 0.0
83.8 0.0 -0.18747 0.0 0.0 0.0 0.0
84.0 0.0 -0.19674 0.0 0.0 0.0 0.0
84.2 0.0 -0.2045 0.0 0.0 0.0 0.0
84.4 0.0 -0.19728 0.0 0.0 0.0 0.0
84.6 0.0 -0.17314 0.0 0.0 0.0 0.0
84.8 0.0 -0.14231 0.0 0.0 0.0 0.0
85.0 0.0 -0.12143 0.0 0.0 0.0 0.0
85.2 0.0 -0.1199 0.0 0.0 0.0 0.0
85.4 0.0 -0.13125 0.0 0.0 0.0 0.0
85.6 0.0 -0.14338 0.0 0.0 0.0 0.0
85.8 0.0 -0.14678 0.0 0.0 0.0 0.0
86.0 0.0 -0.14327 0.0 0.0 0.0 0.0
86.2 0.0 -0.13957 0.0 0.0 0.0 0.0
86.4 0.0 -0.13916 0.0 0.0 0.0 0.0
86.6 0.0 -0.14027 0.0 0.0 0.0 0.0
86.8 0.0 -0.13696 0.0 0.0 0.0 0.0
87.0 0.0 -0.12838 0.0 0.0 0.0 0.0
87.2 0.0 -0.1201 0.0 0.0 0.0 0.0
87.4 0.0 -0.11925 0.0 0.0 0.0 0.0
87.6 0.0 -0.12882 0.0 0.0 0.0 0.0
87.8 0.0 -0.14329 0.0 0.0 0.0 0.0
88.0 0.0 -0.15134 0.0 0.0 0.0 0.0
88.2 0.0 -0.14613 0.0 0.0 0.0 0.0
88.4 0.0 -0.12837 0.0 0.0 0.0 0.0
88.6 0.0 -0.10541 0.0 0.0 0.0 0.0
88.8 0.0 -0.08541 0.0 0.0 0.0 0.0
89.0 0.0 -0.073862 0.0 0.0 0.0 0.0
89.2 0.0 -0.069403 0.0 0.0 0.0 0.0
89.4 0.0 -0.070247 0.0 0.0 0.0 0.0
89.6 0.0 -0.071571 0.0 0.0 0.0 0.0
89.8 0.0 -0.070488 0.0 0.0 0.0 0.0
90.0 0.0 -0.068262 0.0 0.0 0.0 0.0
90.2 0.0 -0.066321 0.0 0.0 0.0 0.0
90.4 0.0 -0.065871 0.0 0.0 0.0 0.0
90.6 0.0 -0.068024 0.0 0.0 0.0 0.0
90.8 0.0 -0.071651 0.0 0.0 0.0 0.0
91.0 0.0 -0.07744 0.0 0.0 0.0 0.0
91.2 0.0 -0.086523 0.0 0.0 0.0 0.0
91.4 0.0 -0.099534 0.0 0.0 0.0 0.0
91.6 0.0 -0.11309 0.0 0.0 0.0 0.0
91.8 0.0 -0.12254 0.0 0.0 0.0 0.0
92.0 0.0 -0.1241 0.0 0.0 0.0 0.0
92.2 0.0 -0.11874 0.0 0.0 0.0 0.0
92.4 0.0 -0.11133 0.0 0.0 0.0 0.0
92.6 0.0 -0.10746 0.0 0.0 0.0 0.0
92.8 0.0 -0.11006 0.0 0.0 0.0 0.0
93.0 0.0 -0.11774 0.0 0.0 0.0 0.0
93.2 0.0 -0.12701 0.0 0.0 0.0 0.0
93.4 0.0 -0.13557 0.0 0.0 0.0 0.0
93.6 0.0 -0.13994 0.0 0.0 0.0 0.0
93.8 0.0 -0.13736 0.0 0.0 0.0 0.0
94.0 0.0 -0.12546 0.0 0.0 0.0 0.0
94.2 0.0 -0.10655 0.0 0.0 0.0 0.0
94.4 0.0 -0.08413 0.0 0.0 0.0 0.0
94.6 0.0 -0.064656 0.0 0.0 0.0 0.0
94.8 0.0 -0.052385 0.0 0.0 0.0 0.0
95.0 0.0 -0.0461 0.0 0.0 0.0 0.0
95.2 0.0 -0.044418 0.0 0.0 0.0 0.0
95.4 0.0 -0.045097 0.0 0.0 0.0 0.0
95.6 0.0 -0.048603 0.0 0.0 0.0 0.0
95.8 0.0 -0.055524 0.0 0.0 0.0 0.0
96.0 0.0 -0.062805 0.0 0.0 0.0 0.0
96.2 0.0 -0.064887 0.0 0.0 0.0 0.0
96.4 0.0 -0.057652 0.0 0.0 0.0 0.0
96.6 0.0 -0.04079 0.0 0.0 0.0 0.0
96.8 0.0 -0.019861 0.0 0.0 0.0 0.0
97.0 0.0 -0.001481 0.0 0.0 0.0 0.0
97.2 0.0 0.010713 0.0 0.0 0.0 0.0
97.4 0.0 0.017494 0.0 0.0 0.0 0.0
97.6 0.0 0.022811 0.0 0.0 0.0 0.0
97.8 0.0 0.02898 0.0 0.0 0.0 0.0
98.0 0.0 0.036697 0.0 0.0 0.0 0.0
98.2 0.0 0.042645 0.0 0.0 0.0 0.0
98.4 0.0 0.046409 0.0 0.0 0.0 0.0
98.6 0.0 0.048119 0.0 0.0 0.0 0.0
98.8 0.0 0.04824 0.0 0.0 0.0 0.0
99.0 0.0 0.053839 0.0 0.0 0.0 0.0
99.2 0.0 0.062591 0.0 0.0 0.0 0.0
99.4 0.0 0.073528 0.0 0.0 0.0 0.0
99.6 0.0 0.082233 0.0 0.0 0.0 0.0
99.8 0.0 0.085848 0.0 0.0 0.0 0.0
100.0 0.0 0.086998 0.0 0.0 0.0 0.0
100.2 0.0 0.08853 0.0 0.0 0.0 0.0
100.4 0.0 0.092106 0.0 0.0 0.0 0.0
100.6 0.0 0.096996 0.0 0.0 0.0 0.0
100.8 0.0 0.10018 0.0 0.0 0.0 0.0
101.0 0.0 0.10033 0.0 0.0 0.0 0.0
101.2 0.0 0.10007 0.0 0.0 0.0 0.0
101.4 0.0 0.10197 0.0 0.0 0.0 0.0
101.6 0.0 0.104 0.0 0.0 0.0 0.0
101.8 0.0 0.10167 0.0 0.0 0.0 0.0
102.0 0.0 0.093544 0.0 0.0 0.0 0.0
102.2 0.0 0.082612 0.0 0.0 0.0 0.0
102.4 0.0 0.073983 0.0 0.0 0.0 0.0
102.6 0.0 0.073242 0.0 0.0 0.0 0.0
102.8 0.0 0.079581 0.0 0.0 0.0 0.0
103.0 0.0 0.089171 0.0 0.0 0.0 0.0
103.2 0.0 0.09451 0.0 0.0 0.0 0.0
103.4 0.0 0.093359 0.0 0.0 0.0 0.0
103.6 0.0 0.088315 0.0 0.0 0.0 0.0
103.8 0.0 0.084051 0.0 0.0 0.0 0.0
104.0 0.0 0.082215 0.0 0.0 0.0 0.0
104.2 0.0 0.078624 0.0 0.0 0.0 0.0
104.4 0.0 0.069752 0.0 0.0 0.0 0.0
104.6 0.0 0.054865 0.0 0.0 0.0 0.0
104.8 0.0 0.037062 0.0 0.0 0.0 0.0
105.0 0.0 0.023732 0.0 0.0 0.0 0.0
105.2 0.0 0.022543 0.0 0.0 0.0 0.0
105.4 0.0 0.037832 0.0 0.0 0.0 0.0
105.6 0.0 0.066462 0.0 0.0 0.0 0.0
105.8 0.0 0.10044 0.0 0.0 0.0 0.0
106.0 0.0 0.13051 0.0 0.0 0.0 0.0
106.2 0.0 0.14443 0.0 0.0 0.0 0.0
106.4 0.0 0.13527 0.0 0.0 0.0 0.0
106.6 0.0 0.10839 0.0 0.0 0.0 0.0
106.8 0.0 0.077827 0.0 0.0 0.0 0.0
107.0 0.0 0.058922 0.0 0.0 0.0 0.0
107.2 0.0 0.060625 0.0 0.0 0.0 0.0
107.4 0.0 0.081601 0.0 0.0 0.0 0.0
107.6 0.0 0.10862 0.0 0.0 0.0 0.0
107.8 0.0 0.12877 0.0 0.0 0.0 0.0
108.0 0.0 0.13417 0.0 0.0 0.0 0.0
108.2 0.0 0.13052 0.0 0.0 0.0 0.0
108.4 0.0 0.13015 0.0 0.0 0.0 0.0
108.6 0.0 0.1373 0.0 0.0 0.0 0.0
108.8 0.0 0.15054 0.0 0.0 0.0 0.0
109.0 0.0 0.16362 0.0 0.0 0.0 0.0
109.2 0.0 0.16932 0.0 0.0 0.0 0.0
109.4 0.0 0.16781 0.0 0.0 0.0 0.0
109.6 0.0 0.16297 0.0 0.0 0.0 0.0
109.8 0.0 0.1582 0.0 0.0 0.0 0.0
110.0 0.0 0.15571 0.0 0.0 0.0 0.0
110.2 0.0 0.15533 0.0 0.0 0.0 0.0
110.4 0.0 0.15826 0.0 0.0 0.0 0.0
110.6 0.0 0.1671 0.0 0.0 0.0 0.0
110.8 0.0 0.17949 0.0 0.0 0.0 0.0
111.0 0.0 0.19061 0.0 0.0 0.0 0.0
111.2 0.0 0.19246 0.0 0.0 0.0 0.0
111.4 0.0 0.18177 0.0 0.0 0.0 0.0
111.6 0.0 0.16275 0.0 0.0 0.0 0.0
111.8 0.0 0.14318 0.0 0.0 0.0 0.0
112.0 0.0 0.12806 0.0 0.0 0.0 0.0
112.2 0.0 0.12146 0.0 0.0 0.0 0.0
112.4 0.0 0.11196 0.0 0.0 0.0 0.0
112.6 0.0 0.10025 0.0 0.0 0.0 0.0
112.8 0.0 0.094131 0.0 0.0 0.0 0.0
113.0 0.0 0.10732 0.0 0.0 0.0 0.0
113.2 0.0 0.13714 0.0 0.0 0.0 0.0
113.4 0.0 0.16259 0.0 0.0 0.0 0.0
113.6 0.0 0.14004 0.0 0.0 0.0 0.0
113.8 0.0 0.035428 0.0 0.0 0.0 0.0
114.0 0.0 -0.14882 0.0 0.0 0.0 0.0
114.2 0.0 -0.3683 0.0 0.0 0.0 0.0
114.4 0.0 -0.5565 0.0 0.0 0.0 0.0
114.6 0.0 -0.66586 0.0 0.0 0.0 0.0
114.8 0.0 -0.69249 0.0 0.0 0.0 0.0
115.0 0.0 -0.66848 0.0 0.0 0.0 0.0
115.2 0.0 -0.63648 0.0 0.0 0.0 0.0
115.4 0.0 -0.62382 0.0 0.0 0.0 0.0
115.6 0.0 -0.62949 0.0 0.0 0.0 0.0
115.8 0.0 -0.63838 0.0 0.0 0.0 0.0
116.0 0.0 -0.63955 0.0 0.0 0.0 0.0
116.2 0.0 -0.62723 0.0 0.0 0.0 0.0
116.4 0.0 -0.61449 0.0 0.0 0.0 0.0
116.6 0.0 -0.60496 0.0 0.0 0.0 0.0
116.8 0.0 -0.60596 0.0 0.0 0.0 0.0
117.0 0.0 -0.62028 0.0 0.0 0.0 0.0
117.2 0.0 -0.64725 0.0 0.0 0.0 0.0
117.4 0.0 -0.67704 0.0 0.0 0.0 0.0
117.6 0.0 -0.70013 0.0 0.0 0.0 0.0
117.8 0.0 -0.70884 0.0 0.0 0.0 0.0
118.0 0.0 -0.70014 0.0 0.0 0.0 0.0
118.2 0.0 -0.68235 0.0 0.0 0.0 0.0
118.4 0.0 -0.66565 0.0 0.0 0.0 0.0
118.6 0.0 -0.66119 0.0 0.0 0.0 0.0
118.8 0.0 -0.67262 0.0 0.0 0.0 0.0
119.0 0.0 -0.69807 0.0 0.0 0.0 0.0
119.2 0.0 -0.72967 0.0 0.0 0.0 0.0
119.4 0.0 -0.75758 0.0 0.0 0.0 0.0
119.6 0.0 -0.77277 0.0 0.0 0.0 0.0
119.8 0.0 -0.77206 0.0 0.0 0.0 0.0
120.0 0.0 -0.76318 0.0 0.0 0.0 0.0
120.2 0.0 -0.75729 0.0 0.0 0.0 0.0
120.4 0.0 -0.75973 0.0 0.0 0.0 0.0
120.6 0.0 -0.76782 0.0 0.0 0.0 0.0
120.8 0.0 -0.76891 0.0 0.0 0.0 0.0
121.0 0.0 -0.75968 0.0 0.0 0.0 0.0
121.2 0.0 -0.74574 0.0 0.0 0.0 0.0
121.4 0.0 -0.74558 0.0 0.0 0.0 0.0
121.6 0.0 -0.76748 0.0 0.0 0.0 0.0
121.8 0.0 -0.80715 0.0 0.0 0.0 0.0
122.0 0.0 -0.8427 0.0 0.0 0.0 0.0
122.2 0.0 -0.85934 0.0 0.0 0.0 0.0
122.4 0.0 -0.85219 0.0 0.0 0.0 0.0
122.6 0.0 -0.83606 0.0 0.0 0.0 0.0
122.8 0.0 -0.82474 0.0 0.0 0.0 0.0
123.0 0.0 -0.82179 0.0 0.0 0.0 0.0
123.2 0.0 -0.81888 0.0 0.0 0.0 0.0
123.4 0.0 -0.80589 0.0 0.0 0.0 0.0
123.6 0.0 -0.78547 0.0 0.0 0.0 0.0
123.8 0.0 -0.77076 0.0 0.0 0.0 0.0
124.0 0.0 -0.77616 0.0 0.0 0.0 0.0
124.2 0.0 -0.80329 0.0 0.0 0.0 0.0
124.4 0.0 -0.83523 0.0 0.0 0.0 0.0
124.6 0.0 -0.85229 0.0 0.0 0.0 0.0
124.8 0.0 -0.84196 0.0 0.0 0.0 0.0
125.0 0.0 -0.81195 0.0 0.0 0.0 0.0
125.2 0.0 -0.78039 0.0 0.0 0.0 0.0
125.4 0.0 -0.76934 0.0 0.0 0.0 0.0
125.6 0.0 -0.78445 0.0 0.0 0.0 0.0
125.8 0.0 -0.82222 0.0 0.0 0.0 0.0
126.0 0.0 -0.86333 0.0 0.0 0.0 0.0
126.2 0.0 -0.89462 0.0 0.0 0.0 0.0
126.4 0.0 -0.90645 0.0 0.0 0.0 0.0
126.6 0.0 -0.89744 0.0 0.0 0.0 0.0
126.8 0.0 -0.8753 0.0 0.0 0.0 0.0
127.0 0.0 -0.84845 0.0 0.0 0.0 0.0
127.2 0.0 -0.82834 0.0 0.0 0.0 0.0
127.4 0.0 -0.82351 0.0 0.0 0.0 0.0
127.6 0.0 -0.83719 0.0 0.0 0.0 0.0
127.8 0.0 -0.86477 0.0 0.0 0.0 0.0
128.0 0.0 -0.89629 0.0 0.0 0.0 0.0
128.2 0.0 -0.9221 0.0 0.0 0.0 0.0
128.4 0.0 -0.93733 0.0 0.0 0.0 0.0
128.6 0.0 -0.94423 0.0 0.0 0.0 0.0
128.8 0.0 -0.9493 0.0 0.0 0.0 0.0
129.0 0.0 -0.95977 0.0 0.0 0.0 0.0
129.2 0.0 -0.98423 0.0 0.0 0.0 0.0
129.4 0.0 -1.0247 0.0 0.0 0.0 0.0
129.6 0.0 -1.0722 0.0 0.0 0.0 0.0
129.8 0.0 -1.1109 0.0 0.0 0.0 0.0
130.0 0.0 -1.1156 0.0 0.0 0.0 0.0
130.2 0.0 -1.0672 0.0 0.0 0.0 0.0
130.4 0.0 -0.96605 0.0 0.0 0.0 0.0
130.6 0.0 -0.83064 0.0 0.0 0.0 0.0
130.8 0.0 -0.69509 0.0 0.0 0.0 0.0
131.0 0.0 -0.59142 0.0 0.0 0.0 0.0
131.2 0.0 -0.53397 0.0 0.0 0.0 0.0
131.4 0.0 -0.51564 0.0 0.0 0.0 0.0
131.6 0.0 -0.51646 0.0 0.0 0.0 0.0
131.8 0.0 -0.51758 0.0 0.0 0.0 0.0
132.0 0.0 -0.51192 0.0 0.0 0.0 0.0
132.2 0.0 -0.49942 0.0 0.0 0.0 0.0
132.4 0.0 -0.48474 0.0 0.0 0.0 0.0
132.6 0.0 -0.47154 0.0 0.0 0.0 0.0
132.8 0.0 -0.45903 0.0 0.0 0.0 0.0
133.0 0.0 -0.44746 0.0 0.0 0.0 0.0
133.2 0.0 -0.44056 0.0 0.0 0.0 0.0
133.4 0.0 -0.43971 0.0 0.0 0.0 0.0
133.6 0.0 -0.44342 0.0 0.0 0.0 0.0
133.8 0.0 -0.44632 0.0 0.0 0.0 0.0
134.0 0.0 -0.44303 0.0 0.0 0.0 0.0
134.2 0.0 -0.42988 0.0 0.0 0.0 0.0
134.4 0.0 -0.41001 0.0 0.0 0.0 0.0
134.6 0.0 -0.38943 0.0 0.0 0.0 0.0
134.8 0.0 -0.37151 0.0 0.0 0.0 0.0
135.0 0.0 -0.35657 0.0 0.0 0.0 0.0
135.2 0.0 -0.34088 0.0 0.0 0.0 0.0
135.4 0.0 -0.32089 0.0 0.0 0.0 0.0
135.6 0.0 -0.29682 0.0 0.0 0.0 0.0
135.8 0.0 -0.27036 0.0 0.0 0.0 0.0
136.0 0.0 -0.24442 0.0 0.0 0.0 0.0
136.2 0.0 -0.21959 0.0 0.0 0.0 0.0
136.4 0.0 -0.19678 0.0 0.0 0.0 0.0
136.6 0.0 -0.1783 0.0 0.0 0.0 0.0
136.8 0.0 -0.16579 0.0 0.0 0.0 0.0
137.0 0.0 -0.15925 0.0 0.0 0.0 0.0
137.2 0.0 -0.1563 0.0 0.0 0.0 0.0
137.4 0.0 -0.15319 0.0 0.0 0.0 0.0
137.6 0.0 -0.1468 0.0 0.0 0.0 0.0
137.8 0.0 -0.13602 0.0 0.0 0.0 0.0
138.0 0.0 -0.12301 0.0 0.0 0.0 0.0
138.2 0.0 -0.11075 0.0 0.0 0.0 0.0
138.4 0.0 -0.10145 0.0 0.0 0.0 0.0
138.6 0.0 -0.095424 0.0 0.0 0.0 0.0
138.8 0.0 -0.091683 0.0 0.0 0.0 0.0
139.0 0.0 -0.088019 0.0 0.0 0.0 0.0
139.2 0.0 -0.081944 0.0 0.0 0.0 0.0
139.4 0.0 -0.073017 0.0 0.0 0.0 0.0
139.6 0.0 -0.062236 0.0 0.0 0.0 0.0
139.8 0.0 -0.051764 0.0 0.0 0.0 0.0
140.0 0.0 -0.043504 0.0 0.0 0.0 0.0
140.2 0.0 -0.037273 0.0 0.0 0.0 0.0
140.4 0.0 -0.031687 0.0 0.0 0.0 0.0
140.6 0.0 -0.026047 0.0 0.0 0.0 0.0
140.8 0.0 -0.019291 0.0 0.0 0.0 0.0
141.0 0.0 -0.011736 0.0 0.0 0.0 0.0
141.2 0.0 -0.003632 0.0 0.0 0.0 0.0
141.4 0.0 0.004656 0.0 0.0 0.0 0.0
141.6 0.0 0.012679 0.0 0.0 0.0 0.0
141.8 0.0 0.02014 0.0 0.0 0.0 0.0
142.0 0.0 0.026905 0.0 0.0 0.0 0.0
142.2 0.0 0.033089 0.0 0.0 0.0 0.0
142.4 0.0 0.039337 0.0 0.0 0.0 0.0
142.6 0.0 0.046075 0.0 0.0 0.0 0.0
142.8 0.0 0.053031 0.0 0.0 0.0 0.0
143.0 0.0 0.059206 0.0 0.0 0.0 0.0
143.2 0.0 0.063794 0.0 0.0 0.0 0.0
143.4 0.0 0.066096 0.0 0.0 0.0 0.0
143.6 0.0 0.066778 0.0 0.0 0.0 0.0
143.8 0.0 0.066885 0.0 0.0 0.0 0.0
144.0 0.0 0.067165 0.0 0.0 0.0 0.0
144.2 0.0 0.067984 0.0 0.0 0.0 0.0
144.4 0.0 0.069061 0.0 0.0 0.0 0.0
144.6 0.0 0.06915 0.0 0.0 0.0 0.0
144.8 0.0 0.067739 0.0 0.0 0.0 0.0
145.0 0.0 0.064334 0.0 0.0 0.0 0.0
145.2 0.0 0.060197 0.0 0.0 0.0 0.0
145.4 0.0 0.05599 0.0 0.0 0.0 0.0
145.6 0.0 0.05205 0.0 0.0 0.0 0.0
145.8 0.0 0.047624 0.0 0.0 0.0 0.0
146.0 0.0 0.041361 0.0 0.0 0.0 0.0
146.2 0.0 0.033009 0.0 0.0 0.0 0.0
146.4 0.0 0.024144 0.0 0.0 0.0 0.0
146.6 0.0 0.017236 0.0 0.0 0.0 0.0
146.8 0.0 0.014189 0.0 0.0 0.0 0.0
147.0 0.0 0.015209 0.0 0.0 0.0 0.0
147.2 0.0 0.018855 0.0 0.0 0.0 0.0
147.4 0.0 0.023631 0.0 0.0 0.0 0.0
147.6 0.0 0.028599 0.0 0.0 0.0 0.0
147.8 0.0 0.033593 0.0 0.0 0.0 0.0
148.0 0.0 0.038516 0.0 0.0 0.0 0.0
148.2 0.0 0.042414 0.0 0.0 0.0 0.0
148.4 0.0 0.045408 0.0 0.0 0.0 0.0
148.6 0.0 0.048548 0.0 0.0 0.0 0.0
148.8 0.0 0.052954 0.0 0.0 0.0 0.0
149.0 0.0 0.059323 0.0 0.0 0.0 0.0
149.2 0.0 0.067486 0.0 0.0 0.0 0.0
149.4 0.0 0.075802 0.0 0.0 0.0 0.0
149.6 0.0 0.082838 0.0 0.0 0.0 0.0
149.8 0.0 0.088012 0.0 0.0 0.0 0.0
150.0 0.0 0.092282 0.0 0.0 0.0 0.0
150.2 0.0 0.095745 0.0 0.0 0.0 0.0
150.4 0.0 0.09804 0.0 0.0 0.0 0.0
150.6 0.0 0.098096 0.0 0.0 0.0 0.0
150.8 0.0 0.096616 0.0 0.0 0.0 0.0
151.0 0.0 0.095874 0.0 0.0 0.0 0.0
151.2 0.0 0.098398 0.0 0.0 0.0 0.0
151.4 0.0 0.10564 0.0 0.0 0.0 0.0
151.6 0.0 0.11555 0.0 0.0 0.0 0.0
151.8 0.0 0.12452 0.0 0.0 0.0 0.0
152.0 0.0 0.12917 0.0 0.0 0.0 0.0
152.2 0.0 0.12825 0.0 0.0 0.0 0.0
152.4 0.0 0.12371 0.0 0.0 0.0 0.0
152.6 0.0 0.11854 0.0 0.0 0.0 0.0
152.8 0.0 0.11448 0.0 0.0 0.0 0.0
153.0 0.0 0.11217 0.0 0.0 0.0 0.0
153.2 0.0 0.11059 0.0 0.0 0.0 0.0
153.4 0.0 0.10917 0.0 0.0 0.0 0.0
153.6 0.0 0.10704 0.0 0.0 0.0 0.0
153.8 0.0 0.10287 0.0 0.0 0.0 0.0
154.0 0.0 0.095828 0.0 0.0 0.0 0.0
154.2 0.0 0.08544 0.0 0.0 0.0 0.0
154.4 0.0 0.07269 0.0 0.0 0.0 0.0
154.6 0.0 0.059952 0.0 0.0 0.0 0.0
154.8 0.0 0.050385 0.0 0.0 0.0 0.0
155.0 0.0 0.045407 0.0 0.0 0.0 0.0
155.2 0.0 0.044366 0.0 0.0 0.0 0.0
155.4 0.0 0.045767 0.0 0.0 0.0 0.0
155.6 0.0 0.046916 0.0 0.0 0.0 0.0
155.8 0.0 0.046266 0.0 0.0 0.0 0.0
156.0 0.0 0.04346 0.0 0.0 0.0 0.0
156.2 0.0 0.039031 0.0 0.0 0.0 0.0
156.4 0.0 0.034948 0.0 0.0 0.0 0.0
156.6 0.0 0.033731 0.0 0.0 0.0 0.0
156.8 0.0 0.036447 0.0 0.0 0.0 0.0
157.0 0.0 0.043195 0.0 0.0 0.0 0.0
157.2 0.0 0.053008 0.0 0.0 0.0 0.0
157.4 0.0 0.061144 0.0 0.0 0.0 0.0
157.6 0.0 0.064649 0.0 0.0 0.0 0.0
157.8 0.0 0.063152 0.0 0.0 0.0 0.0
158.0 0.0 0.063652 0.0 0.0 0.0 0.0
158.2 0.0 0.068938 0.0 0.0 0.0 0.0
158.4 0.0 0.081856 0.0 0.0 0.0 0.0
158.6 0.0 0.097428 0.0 0.0 0.0 0.0
158.8 0.0 0.10913 0.0 0.0 0.0 0.0
159.0 0.0 0.11497 0.0 0.0 0.0 0.0
159.2 0.0 0.11813 0.0 0.0 0.0 0.0
159.4 0.0 0.12604 0.0 0.0 0.0 0.0
159.6 0.0 0.14255 0.0 0.0 0.0 0.0
159.8 0.0 0.16363 0.0 0.0 0.0 0.0
160.0 0.0 0.18051 0.0 0.0 0.0 0.0
160.2 0.0 0.18544 0.0 0.0 0.0 0.0
160.4 0.0 0.17783 0.0 0.0 0.0 0.0
160.6 0.0 0.16451 0.0 0.0 0.0 0.0
160.8 0.0 0.15281 0.0 0.0 0.0 0.0
161.0 0.0 0.14491 0.0 0.0 0.0 0.0
161.2 0.0 0.14077 0.0 0.0 0.0 0.0
161.4 0.0 0.13261 0.0 0.0 0.0 0.0
161.6 0.0 0.11922 0.0 0.0 0.0 0.0
161.8 0.0 0.10259 0.0 0.0 0.0 0.0
162.0 0.0 0.094903 0.0 0.0 0.0 0.0
162.2 0.0 0.098019 0.0 0.0 0.0 0.0
162.4 0.0 0.11014 0.0 0.0 0.0 0.0
162.6 0.0 0.11172 0.0 0.0 0.0 0.0
162.8 0.0 0.075132 0.0 0.0 0.0 0.0
163.0 0.0 -0.010794 0.0 0.0 0.0 0.0
163.2 0.0 -0.13515 0.0 0.0 0.0 0.0
163.4 0.0 -0.25561 0.0 0.0 0.0 0.0
163.6 0.0 -0.32706 0.0 0.0 0.0 0.0
163.8 0.0 -0.32734 0.0 0.0 0.0 0.0
164.0 0.0 -0.26843 0.0 0.0 0.0 0.0
164.2 0.0 -0.19334 0.0 0.0 0.0 0.0
164.4 0.0 -0.14408 0.0 0.0 0.0 0.0
164.6 0.0 -0.13477 0.0 0.0 0.0 0.0
164.8 0.0 -0.15126 0.0 0.0 0.0 0.0
165.0 0.0 -0.16824 0.0 0.0 0.0 0.0
165.2 0.0 -0.16763 0.0 0.0 0.0 0.0
165.4 0.0 -0.15381 0.0 0.0 0.0 0.0
165.6 0.0 -0.1382 0.0 0.0 0.0 0.0
165.8 0.0 -0.12228 0.0 0.0 0.0 0.0
166.0 0.0 -0.098626 0.0 0.0 0.0 0.0
166.2 0.0 -0.059747 0.0 0.0 0.0 0.0
166.4 0.0 -0.008332 0.0 0.0 0.0 0.0
166.6 0.0 0.032194 0.0 0.0 0.0 0.0
166.8 0.0 0.044152 0.0 0.0 0.0 0.0
167.0 0.0 0.025405 0.0 0.0 0.0 0.0
167.2 0.0 -0.010284 0.0 0.0 0.0 0.0
167.4 0.0 -0.04381 0.0 0.0 0.0 0.0
167.6 0.0 -0.060376 0.0 0.0 0.0 0.0
167.8 0.0 -0.054129 0.0 0.0 0.0 0.0
168.0 0.0 -0.024058 0.0 0.0 0.0 0.0
168.2 0.0 0.017977 0.0 0.0 0.0 0.0
168.4 0.0 0.049076 0.0 0.0 0.0 0.0
168.6 0.0 0.044127 0.0 0.0 0.0 0.0
168.8 0.0 -0.010693 0.0 0.0 0.0 0.0
169.0 0.0 -0.10122 0.0 0.0 0.0 0.0
169.2 0.0 -0.18455 0.0 0.0 0.0 0.0
169.4 0.0 -0.2144 0.0 0.0 0.0 0.0
169.6 0.0 -0.17705 0.0 0.0 0.0 0.0
169.8 0.0 -0.095742 0.0 0.0 0.0 0.0
170.0 0.0 -0.017466 0.0 0.0 0.0 0.0
170.2 0.0 0.019132 0.0 0.0 0.0 0.0
170.4 0.0 0.013905 0.0 0.0 0.0 0.0
170.6 0.0 -0.019632 0.0 0.0 0.0 0.0
170.8 0.0 -0.059127 0.0 0.0 0.0 0.0
171.0 0.0 -0.087615 0.0 0.0 0.0 0.0
171.2 0.0 -0.098746 0.0 0.0 0.0 0.0
171.4 0.0 -0.088076 0.0 0.0 0.0 0.0
171.6 0.0 -0.059154 0.0 0.0 0.0 0.0
171.8 0.0 -0.030262 0.0 0.0 0.0 0.0
172.0 0.0 -0.031811 0.0 0.0 0.0 0.0
172.2 0.0 -0.08497 0.0 0.0 0.0 0.0
172.4 0.0 -0.17865 0.0 0.0 0.0 0.0
172.6 0.0 -0.27339 0.0 0.0 0.0 0.0
172.8 0.0 -0.33413 0.0 0.0 0.0 0.0
173.0 0.0 -0.35504 0.0 0.0 0.0 0.0
173.2 0.0 -0.36226 0.0 0.0 0.0 0.0
173.4 0.0 -0.38685 0.0 0.0 0.0 0.0
173.6 0.0 -0.43649 0.0 0.0 0.0 0.0
173.8 0.0 -0.4862 0.0 0.0 0.0 0.0
174.0 0.0 -0.49379 0.0 0.0 0.0 0.0
174.2 0.0 -0.4394 0.0 0.0 0.0 0.0
174.4 0.0 -0.33261 0.0 0.0 0.0 0.0
174.6 0.0 -0.2084 0.0 0.0 0.0 0.0
174.8 0.0 -0.10182 0.0 0.0 0.0 0.0
175.0 0.0 -0.025778 0.0 0.0 0.0 0.0
175.2 0.0 0.010438 0.0 0.0 0.0 0.0
175.4 0.0 0.02427 0.0 0.0 0.0 0.0
175.6 0.0 0.032522 0.0 0.0 0.0 0.0
175.8 0.0 0.05512 0.0 0.0 0.0 0.0
176.0 0.0 0.085977 0.0 0.0 0.0 0.0
176.2 0.0 0.10403 0.0 0.0 0.0 0.0
176.4 0.0 0.074559 0.0 0.0 0.0 0.0
176.6 0.0 -0.013067 0.0 0.0 0.0 0.0
176.8 0.0 -0.13889 0.0 0.0 0.0 0.0
177.0 0.0 -0.24922 0.0 0.0 0.0 0.0
177.2 0.0 -0.29398 0.0 0.0 0.0 0.0
177.4 0.0 -0.26798 0.0 0.0 0.0 0.0
177.6 0.0 -0.20564 0.0 0.0 0.0 0.0
177.8 0.0 -0.15477 0.0 0.0 0.0 0.0
178.0 0.0 -0.14152 0.0 0.0 0.0 0.0
178.2 0.0 -0.15432 0.0 0.0 0.0 0.0
178.4 0.0 -0.16421 0.0 0.0 0.0 0.0
178.6 0.0 -0.15117 0.0 0.0 0.0 0.0
178.8 0.0 -0.11641 0.0 0.0 0.0 0.0
179.0 0.0 -0.077495 0.0 0.0 0.0 0.0
179.2 0.0 -0.049837 0.0 0.0 0.0 0.0
179.4 0.0 -0.018177 0.0 0.0 0.0 0.0
179.6 0.0 0.023575 0.0 0.0 0.0 0.0
179.8 0.0 0.078251 0.0 0.0 0.0 0.0
180.0 0.0 0.1161 0.0 0.0 0.0 0.0
180.2 0.0 0.11911 0.0 0.0 0.0 0.0
180.4 0.0 0.078548 0.0 0.0 0.0 0.0
180.6 0.0 0.028391 0.0 0.0 0.0 0.0
180.8 0.0 0.00493 0.0 0.0 0.0 0.0
181.0 0.0 0.030613 0.0 0.0 0.0 0.0
181.2 0.0 0.096704 0.0 0.0 0.0 0.0
181.4 0.0 0.15954 0.0 0.0 0.0 0.0
181.6 0.0 0.18446 0.0 0.0 0.0 0.0
181.8 0.0 0.16443 0.0 0.0 0.0 0.0
182.0 0.0 0.12294 0.0 0.0 0.0 0.0
182.2 0.0 0.093026 0.0 0.0 0.0 0.0
182.4 0.0 0.089208 0.0 0.0 0.0 0.0
182.6 0.0 0.10208 0.0 0.0 0.0 0.0
182.8 0.0 0.11031 0.0 0.0 0.0 0.0
183.0 0.0 0.097956 0.0 0.0 0.0 0.0
183.2 0.0 0.068884 0.0 0.0 0.0 0.0
183.4 0.0 0.039679 0.0 0.0 0.0 0.0
183.6 0.0 0.01597 0.0 0.0 0.0 0.0
183.8 0.0 0.001101 0.0 0.0 0.0 0.0
184.0 0.0 -0.008716 0.0 0.0 0.0 0.0
184.2 0.0 -0.011913 0.0 0.0 0.0 0.0
184.4 0.0 -0.007641 0.0 0.0 0.0 0.0
184.6 0.0 0.011401 0.0 0.0 0.0 0.0
184.8 0.0 0.040653 0.0 0.0 0.0 0.0
185.0 0.0 0.066045 0.0 0.0 0.0 0.0
185.2 0.0 0.084203 0.0 0.0 0.0 0.0
185.4 0.0 0.093929 0.0 0.0 0.0 0.0
185.6 0.0 0.10435 0.0 0.0 0.0 0.0
185.8 0.0 0.12767 0.0 0.0 0.0 0.0
186.0 0.0 0.16937 0.0 0.0 0.0 0.0
186.2 0.0 0.2242 0.0 0.0 0.0 0.0
186.4 0.0 0.27496 0.0 0.0 0.0 0.0
186.6 0.0 0.30506 0.0 0.0 0.0 0.0
186.8 0.0 0.30697 0.0 0.0 0.0 0.0
187.0 0.0 0.28605 0.0 0.0 0.0 0.0
187.2 0.0 0.2612 0.0 0.0 0.0 0.0
187.4 0.0 0.25178 0.0 0.0 0.0 0.0
187.6 0.0 0.26817 0.0 0.0 0.0 0.0
187.8 0.0 0.30595 0.0 0.0 0.0 0.0
188.0 0.0 0.35136 0.0 0.0 0.0 0.0
188.2 0.0 0.38897 0.0 0.0 0.0 0.0
188.4 0.0 0.41049 0.0 0.0 0.0 0.0
188.6 0.0 0.41923 0.0 0.0 0.0 0.0
188.8 0.0 0.41893 0.0 0.0 0.0 0.0
189.0 0.0 0.40988 0.0 0.0 0.0 0.0
189.2 0.0 0.39449 0.0 0.0 0.0 0.0
189.4 0.0 0.37635 0.0 0.0 0.0 0.0
189.6 0.0 0.35937 0.0 0.0 0.0 0.0
189.8 0.0 0.35021 0.0 0.0 0.0 0.0
190.0 0.0 0.35191 0.0 0.0 0.0 0.0
190.2 0.0 0.36295 0.0 0.0 0.0 0.0
190.4 0.0 0.37812 0.0 0.0 0.0 0.0
190.6 0.0 0.39466 0.0 0.0 0.0 0.0
190.8 0.0 0.41075 0.0 0.0 0.0 0.0
191.0 0.0 0.4215 0.0 0.0 0.0 0.0
191.2 0.0 0.42158 0.0 0.0 0.0 0.0
191.4 0.0 0.40654 0.0 0.0 0.0 0.0
191.6 0.0 0.3805 0.0 0.0 0.0 0.0
191.8 0.0 0.35603 0.0 0.0 0.0 0.0
192.0 0.0 0.34432 0.0 0.0 0.0 0.0
192.2 0.0 0.35158 0.0 0.0 0.0 0.0
192.4 0.0 0.36934 0.0 0.0 0.0 0.0
192.6 0.0 0.38566 0.0 0.0 0.0 0.0
192.8 0.0 0.38793 0.0 0.0 0.0 0.0
193.0 0.0 0.37511 0.0 0.0 0.0 0.0
193.2 0.0 0.35525 0.0 0.0 0.0 0.0
193.4 0.0 0.33631 0.0 0.0 0.0 0.0
193.6 0.0 0.32444 0.0 0.0 0.0 0.0
193.8 0.0 0.32399 0.0 0.0 0.0 0.0
194.0 0.0 0.33438 0.0 0.0 0.0 0.0
194.2 0.0 0.35526 0.0 0.0 0.0 0.0
194.4 0.0 0.37633 0.0 0.0 0.0 0.0
194.6 0.0 0.38874 0.0 0.0 0.0 0.0
194.8 0.0 0.38853 0.0 0.0 0.0 0.0
195.0 0.0 0.38005 0.0 0.0 0.0 0.0
195.2 0.0 0.37882 0.0 0.0 0.0 0.0
195.4 0.0 0.39423 0.0 0.0 0.0 0.0
195.6 0.0 0.42344 0.0 0.0 0.0 0.0
195.8 0.0 0.45554 0.0 0.0 0.0 0.0
196.0 0.0 0.47464 0.0 0.0 0.0 0.0
196.2 0.0 0.47278 0.0 0.0 0.0 0.0
196.4 0.0 0.45639 0.0 0.0 0.0 0.0
196.6 0.0 0.43699 0.0 0.0 0.0 0.0
196.8 0.0 0.42468 0.0 0.0 0.0 0.0
197.0 0.0 0.42508 0.0 0.0 0.0 0.0
197.2 0.0 0.43802 0.0 0.0 0.0 0.0
197.4 0.0 0.45762 0.0 0.0 0.0 0.0
197.6 0.0 0.47874 0.0 0.0 0.0 0.0
197.8 0.0 0.49858 0.0 0.0 0.0 0.0
198.0 0.0 0.51056 0.0 0.0 0.0 0.0
198.2 0.0 0.5172 0.0 0.0 0.0 0.0
198.4 0.0 0.5152 0.0 0.0 0.0 0.0
198.6 0.0 0.50726 0.0 0.0 0.0 0.0
198.8 0.0 0.49581 0.0 0.0 0.0 0.0
199.0 0.0 0.48449 0.0 0.0 0.0 0.0
199.2 0.0 0.47671 0.0 0.0 0.0 0.0
199.4 0.0 0.47246 0.0 0.0 0.0 0.0
199.6 0.0 0.4666 0.0 0.0 0.0 0.0
199.8 0.0 0.45725 0.0 0.0 0.0 0.0
200.0 0.0 0.4433 0.0 0.0 0.0 0.0
200.2 0.0 0.42686 0.0 0.0 0.0 0.0
200.4 0.0 0.41558 0.0 0.0 0.0 0.0
200.6 0.0 0.41429 0.0 0.0 0.0 0.0
200.8 0.0 0.42028 0.0 0.0 0.0 0.0
201.0 0.0 0.42871 0.0 0.0 0.0 0.0
201.2 0.0 0.43503 0.0 0.0 0.0 0.0
201.4 0.0 0.43953 0.0 0.0 0.0 0.0
201.6 0.0 0.44309 0.0 0.0 0.0 0.0
201.8 0.0 0.44531 0.0 0.0 0.0 0.0
202.0 0.0 0.43981 0.0 0.0 0.0 0.0
202.2 0.0 0.42355 0.0 0.0 0.0 0.0
202.4 0.0 0.39627 0.0 0.0 0.0 0.0
202.6 0.0 0.3724 0.0 0.0 0.0 0.0
202.8 0.0 0.36518 0.0 0.0 0.0 0.0
203.0 0.0 0.38082 0.0 0.0 0.0 0.0
203.2 0.0 0.41116 0.0 0.0 0.0 0.0
203.4 0.0 0.43717 0.0 0.0 0.0 0.0
203.6 0.0 0.44133 0.0 0.0 0.0 0.0
203.8 0.0 0.41968 0.0 0.0 0.0 0.0
204.0 0.0 0.38177 0.0 0.0 0.0 0.0
204.2 0.0 0.34474 0.0 0.0 0.0 0.0
204.4 0.0 0.32308 0.0 0.0 0.0 0.0
204.6 0.0 0.32015 0.0 0.0 0.0 0.0
204.8 0.0 0.32793 0.0 0.0 0.0 0.0
205.0 0.0 0.33227 0.0 0.0 0.0 0.0
205.2 0.0 0.3213 0.0 0.0 0.0 0.0
205.4 0.0 0.29212 0.0 0.0 0.0 0.0
205.6 0.0 0.24907 0.0 0.0 0.0 0.0
205.8 0.0 0.20317 0.0 0.0 0.0 0.0
206.0 0.0 0.16451 0.0 0.0 0.0 0.0
206.2 0.0 0.13893 0.0 0.0 0.0 0.0
206.4 0.0 0.1248 0.0 0.0 0.0 0.0
206.6 0.0 0.11703 0.0 0.0 0.0 0.0
206.8 0.0 0.10728 0.0 0.0 0.0 0.0
207.0 0.0 0.090281 0.0 0.0 0.0 0.0
207.2 0.0 0.067848 0.0 0.0 0.0 0.0
207.4 0.0 0.043546 0.0 0.0 0.0 0.0
207.6 0.0 0.020712 0.0 0.0 0.0 0.0
207.8 0.0 0.001153 0.0 0.0 0.0 0.0
208.0 0.0 -0.017533 0.0 0.0 0.0 0.0
208.2 0.0 -0.038047 0.0 0.0 0.0 0.0
208.4 0.0 -0.06109 0.0 0.0 0.0 0.0
208.6 0.0 -0.08423 0.0 0.0 0.0 0.0
208.8 0.0 -0.10203 0.0 0.0 0.0 0.0
209.0 0.0 -0.10899 0.0 0.0 0.0 0.0
209.2 0.0 -0.10267 0.0 0.0 0.0 0.0
209.4 0.0 -0.085887 0.0 0.0 0.0 0.0
209.6 0.0 -0.065984 0.0 0.0 0.0 0.0
209.8 0.0 -0.051468 0.0 0.0 0.0 0.0
210.0 0.0 -0.047828 0.0 0.0 0.0 0.0
210.2 0.0 -0.054004 0.0 0.0 0.0 0.0
210.4 0.0 -0.06477 0.0 0.0 0.0 0.0
210.6 0.0 -0.075396 0.0 0.0 0.0 0.0
210.8 0.0 -0.081303 0.0 0.0 0.0 0.0
211.0 0.0 -0.08292 0.0 0.0 0.0 0.0
211.2 0.0 -0.082864 0.0 0.0 0.0 0.0
211.4 0.0 -0.084311 0.0 0.0 0.0 0.0
211.6 0.0 -0.092901 0.0 0.0 0.0 0.0
211.8 0.0 -0.10902 0.0 0.0 0.0 0.0
212.0 0.0 -0.13124 0.0 0.0 0.0 0.0
212.2 0.0 -0.15179 0.0 0.0 0.0 0.0
212.4 0.0 -0.16304 0.0 0.0 0.0 0.0
212.6 0.0 -0.16391 0.0 0.0 0.0 0.0
212.8 0.0 -0.15965 0.0 0.0 0.0 0.0
213.0 0.0 -0.15993 0.0 0.0 0.0 0.0
213.2 0.0 -0.17021 0.0 0.0 0.0 0.0
213.4 0.0 -0.18826 0.0 0.0 0.0 0.0
213.6 0.0 -0.20512 0.0 0.0 0.0 0.0
213.8 0.0 -0.21183 0.0 0.0 0.0 0.0
214.0 0.0 -0.20697 0.0 0.0 0.0 0.0
214.2 0.0 -0.19537 0.0 0.0 0.0 0.0
214.4 0.0 -0.1823 0.0 0.0 0.0 0.0
214.6 0.0 -0.17181 0.0 0.0 0.0 0.0
214.8 0.0 -0.16356 0.0 0.0 0.0 0.0
215.0 0.0 -0.15774 0.0 0.0 0.0 0.0
215.2 0.0 -0.15613 0.0 0.0 0.0 0.0
215.4 0.0 -0.15954 0.0 0.0 0.0 0.0
215.6 0.0 -0.16675 0.0 0.0 0.0 0.0
215.8 0.0 -0.17071 0.0 0.0 0.0 0.0
216.0 0.0 -0.16678 0.0 0.0 0.0 0.0
216.2 0.0 -0.15227 0.0 0.0 0.0 0.0
216.4 0.0 -0.13068 0.0 0.0 0.0 0.0
216.6 0.0 -0.10956 0.0 0.0 0.0 0.0
216.8 0.0 -0.093252 0.0 0.0 0.0 0.0
217.0 0.0 -0.083787 0.0 0.0 0.0 0.0
217.2 0.0 -0.078978 0.0 0.0 0.0 0.0
217.4 0.0 -0.075507 0.0 0.0 0.0 0.0
217.6 0.0 -0.07132 0.0 0.0 0.0 0.0
217.8 0.0 -0.065938 0.0 0.0 0.0 0.0
218.0 0.0 -0.06211 0.0 0.0 0.0 0.0
218.2 0.0 -0.061735 0.0 0.0 0.0 0.0
218.4 0.0 -0.064356 0.0 0.0 0.0 0.0
218.6 0.0 -0.06807 0.0 0.0 0.0 0.0
218.8 0.0 -0.070859 0.0 0.0 0.0 0.0
219.0 0.0 -0.071562 0.0 0.0 0.0 0.0
219.2 0.0 -0.071735 0.0 0.0 0.0 0.0
219.4 0.0 -0.075898 0.0 0.0 0.0 0.0
219.6 0.0 -0.087663 0.0 0.0 0.0 0.0
219.8 0.0 -0.10711 0.0 0.0 0.0 0.0
220.0 0.0 -0.13189 0.0 0.0 0.0 0.0
220.2 0.0 -0.15623 0.0 0.0 0.0 0.0
220.4 0.0 -0.17576 0.0 0.0 0.0 0.0
220.6 0.0 -0.1885 0.0 0.0 0.0 0.0
220.8 0.0 -0.19528 0.0 0.0 0.0 0.0
221.0 0.0 -0.19773 0.0 0.0 0.0 0.0
221.2 0.0 -0.19849 0.0 0.0 0.0 0.0
221.4 0.0 -0.19837 0.0 0.0 0.0 0.0
221.6 0.0 -0.19948 0.0 0.0 0.0 0.0
221.8 0.0 -0.20149 0.0 0.0 0.0 0.0
222.0 0.0 -0.204 0.0 0.0 0.0 0.0
222.2 0.0 -0.20472 0.0 0.0 0.0 0.0
222.4 0.0 -0.2016 0.0 0.0 0.0 0.0
222.6 0.0 -0.19447 0.0 0.0 0.0 0.0
222.8 0.0 -0.18567 0.0 0.0 0.0 0.0
223.0 0.0 -0.17825 0.0 0.0 0.0 0.0
223.2 0.0 -0.17344 0.0 0.0 0.0 0.0
223.4 0.0 -0.17051 0.0 0.0 0.0 0.0
223.6 0.0 -0.16555 0.0 0.0 0.0 0.0
223.8 0.0 -0.15365 0.0 0.0 0.0 0.0
224.0 0.0 -0.13337 0.0 0.0 0.0 0.0
224.2 0.0 -0.10914 0.0 0.0 0.0 0.0
224.4 0.0 -0.089189 0.0 0.0 0.0 0.0
224.6 0.0 -0.080237 0.0 0.0 0.0 0.0
224.8 0.0 -0.083403 0.0 0.0 0.0 0.0
225.0 0.0 -0.091289 0.0 0.0 0.0 0.0
225.2 0.0 -0.095397 0.0 0.0 0.0 0.0
225.4 0.0 -0.085995 0.0 0.0 0.0 0.0
225.6 0.0 -0.064504 0.0 0.0 0.0 0.0
225.8 0.0 -0.040129 0.0 0.0 0.0 0.0
226.0 0.0 -0.02453 0.0 0.0 0.0 0.0
226.2 0.0 -0.022653 0.0 0.0 0.0 0.0
226.4 0.0 -0.030712 0.0 0.0 0.0 0.0
226.6 0.0 -0.03913 0.0 0.0 0.0 0.0
226.8 0.0 -0.040092 0.0 0.0 0.0 0.0
227.0 0.0 -0.034283 0.0 0.0 0.0 0.0
227.2 0.0 -0.028942 0.0 0.0 0.0 0.0
227.4 0.0 -0.03216 0.0 0.0 0.0 0.0
227.6 0.0 -0.046532 0.0 0.0 0.0 0.0
227.8 0.0 -0.067106 0.0 0.0 0.0 0.0
228.0 0.0 -0.085308 0.0 0.0 0.0 0.0
228.2 0.0 -0.097108 0.0 0.0 0.0 0.0
228.4 0.0 -0.10437 0.0 0.0 0.0 0.0
228.6 0.0 -0.11319 0.0 0.0 0.0 0.0
228.8 0.0 -0.12882 0.0 0.0 0.0 0.0
229.0 0.0 -0.15114 0.0 0.0 0.0 0.0
229.2 0.0 -0.17679 0.0 0.0 0.0 0.0
229.4 0.0 -0.19573 0.0 0.0 0.0 0.0
229.6 0.0 -0.20147 0.0 0.0 0.0 0.0
229.8 0.0 -0.19511 0.0 0.0 0.0 0.0
230.0 0.0 -0.18148 0.0 0.0 0.0 0.0
230.2 0.0 -0.16882 0.0 0.0 0.0 0.0
230.4 0.0 -0.16643 0.0 0.0 0.0 0.0
230.6 0.0 -0.17564 0.0 0.0 0.0 0.0
230.8 0.0 -0.18975 0.0 0.0 0.0 0.0
231.0 0.0 -0.19854 0.0 0.0 0.0 0.0
231.2 0.0 -0.1962 0.0 0.0 0.0 0.0
231.4 0.0 -0.1831 0.0 0.0 0.0 0.0
231.6 0.0 -0.16864 0.0 0.0 0.0 0.0
231.8 0.0 -0.16378 0.0 0.0 0.0 0.0
232.0 0.0 -0.17202 0.0 0.0 0.0 0.0
232.2 0.0 -0.18779 0.0 0.0 0.0 0.0
232.4 0.0 -0.20041 0.0 0.0 0.0 0.0
232.6 0.0 -0.20211 0.0 0.0 0.0 0.0
232.8 0.0 -0.19532 0.0 0.0 0.0 0.0
233.0 0.0 -0.19003 0.0 0.0 0.0 0.0
233.2 0.0 -0.1962 0.0 0.0 0.0 0.0
233.4 0.0 -0.21603 0.0 0.0 0.0 0.0
233.6 0.0 -0.24088 0.0 0.0 0.0 0.0
233.8 0.0 -0.25899 0.0 0.0 0.0 0.0
234.0 0.0 -0.26115 0.0 0.0 0.0 0.0
234.2 0.0 -0.2476 0.0 0.0 0.0 0.0
234.4 0.0 -0.22955 0.0 0.0 0.0 0.0
234.6 0.0 -0.21853 0.0 0.0 0.0 0.0
234.8 0.0 -0.22587 0.0 0.0 0.0 0.0
235.0 0.0 -0.25201 0.0 0.0 0.0 0.0
235.2 0.0 -0.29003 0.0 0.0 0.0 0.0
235.4 0.0 -0.32547 0.0 0.0 0.0 0.0
235.6 0.0 -0.34684 0.0 0.0 0.0 0.0
235.8 0.0 -0.3487 0.0 0.0 0.0 0.0
236.0 0.0 -0.33562 0.0 0.0 0.0 0.0
236.2 0.0 -0.31865 0.0 0.0 0.0 0.0
236.4 0.0 -0.3077 0.0 0.0 0.0 0.0
236.6 0.0 -0.30758 0.0 0.0 0.0 0.0
236.8 0.0 -0.31788 0.0 0.0 0.0 0.0
237.0 0.0 -0.33471 0.0 0.0 0.0 0.0
237.2 0.0 -0.35305 0.0 0.0 0.0 0.0
237.4 0.0 -0.37032 0.0 0.0 0.0 0.0
237.6 0.0 -0.38393 0.0 0.0 0.0 0.0
237.8 0.0 -0.38961 0.0 0.0 0.0 0.0
238.0 0.0 -0.38686 0.0 0.0 0.0 0.0
238.2 0.0 -0.37836 0.0 0.0 0.0 0.0
238.4 0.0 -0.36577 0.0 0.0 0.0 0.0
238.6 0.0 -0.3494 0.0 0.0 0.0 0.0
238.8 0.0 -0.3271 0.0 0.0 0.0 0.0
239.0 0.0 -0.29982 0.0 0.0 0.0 0.0
239.2 0.0 -0.27585 0.0 0.0 0.0 0.0
239.4 0.0 -0.26258 0.0 0.0 0.0 0.0
239.6 0.0 -0.27256 0.0 0.0 0.0 0.0
239.8 0.0 -0.29828 0.0 0.0 0.0 0.0
240.0 0.0 -0.31948 0.0 0.0 0.0 0.0
240.2 0.0 -0.31545 0.0 0.0 0.0 0.0
240.4 0.0 -0.27426 0.0 0.0 0.0 0.0
240.6 0.0 -0.20773 0.0 0.0 0.0 0.0
240.8 0.0 -0.14396 0.0 0.0 0.0 0.0
241.0 0.0 -0.10822 0.0 0.0 0.0 0.0
241.2 0.0 -0.10831 0.0 0.0 0.0 0.0
241.4 0.0 -0.13328 0.0 0.0 0.0 0.0
241.6 0.0 -0.16115 0.0 0.0 0.0 0.0
241.8 0.0 -0.17177 0.0 0.0 0.0 0.0
242.0 0.0 -0.16741 0.0 0.0 0.0 0.0
242.2 0.0 -0.16142 0.0 0.0 0.0 0.0
242.4 0.0 -0.16586 0.0 0.0 0.0 0.0
242.6 0.0 -0.18423 0.0 0.0 0.0 0.0
242.8 0.0 -0.20278 0.0 0.0 0.0 0.0
243.0 0.0 -0.20208 0.0 0.0 0.0 0.0
243.2 0.0 -0.17531 0.0 0.0 0.0 0.0
243.4 0.0 -0.12626 0.0 0.0 0.0 0.0
243.6 0.0 -0.080755 0.0 0.0 0.0 0.0
243.8 0.0 -0.059178 0.0 0.0 0.0 0.0
244.0 0.0 -0.070064 0.0 0.0 0.0 0.0
244.2 0.0 -0.10634 0.0 0.0 0.0 0.0
244.4 0.0 -0.14931 0.0 0.0 0.0 0.0
244.6 0.0 -0.18544 0.0 0.0 0.0 0.0
244.8 0.0 -0.21242 0.0 0.0 0.0 0.0
245.0 0.0 -0.23751 0.0 0.0 0.0 0.0
245.2 0.0 -0.26679 0.0 0.0 0.0 0.0
245.4 0.0 -0.29975 0.0 0.0 0.0 0.0
245.6 0.0 -0.32911 0.0 0.0 0.0 0.0
245.8 0.0 -0.34453 0.0 0.0 0.0 0.0
246.0 0.0 -0.34608 0.0 0.0 0.0 0.0
246.2 0.0 -0.33577 0.0 0.0 0.0 0.0
246.4 0.0 -0.31708 0.0 0.0 0.0 0.0
246.6 0.0 -0.29156 0.0 0.0 0.0 0.0
246.8 0.0 -0.25927 0.0 0.0 0.0 0.0
247.0 0.0 -0.22252 0.0 0.0 0.0 0.0
247.2 0.0 -0.18961 0.0 0.0 0.0 0.0
247.4 0.0 -0.16929 0.0 0.0 0.0 0.0
247.6 0.0 -0.16179 0.0 0.0 0.0 0.0
247.8 0.0 -0.15953 0.0 0.0 0.0 0.0
248.0 0.0 -0.15233 0.0 0.0 0.0 0.0
248.2 0.0 -0.13294 0.0 0.0 0.0 0.0
248.4 0.0 -0.10729 0.0 0.0 0.0 0.0
248.6 0.0 -0.086968 0.0 0.0 0.0 0.0
248.8 0.0 -0.083056 0.0 0.0 0.0 0.0
249.0 0.0 -0.096255 0.0 0.0 0.0 0.0
249.2 0.0 -0.11524 0.0 0.0 0.0 0.0
249.4 0.0 -0.1261 0.0 0.0 0.0 0.0
249.6 0.0 -0.12016 0.0 0.0 0.0 0.0
249.8 0.0 -0.098827 0.0 0.0 0.0 0.0
250.0 0.0 -0.071109 0.0 0.0 0.0 0.0
250.2 0.0 -0.04856 0.0 0.0 0.0 0.0
250.4 0.0 -0.038706 0.0 0.0 0.0 0.0
250.6 0.0 -0.040259 0.0 0.0 0.0 0.0
250.8 0.0 -0.046091 0.0 0.0 0.0 0.0
251.0 0.0 -0.04921 0.0 0.0 0.0 0.0
251.2 0.0 -0.045845 0.0 0.0 0.0 0.0
251.4 0.0 -0.040437 0.0 0.0 0.0 0.0
251.6 0.0 -0.037942 0.0 0.0 0.0 0.0
251.8 0.0 -0.041346 0.0 0.0 0.0 0.0
252.0 0.0 -0.048316 0.0 0.0 0.0 0.0
252.2 0.0 -0.049157 0.0 0.0 0.0 0.0
252.4 0.0 -0.042398 0.0 0.0 0.0 0.0
252.6 0.0 -0.027993 0.0 0.0 0.0 0.0
252.8 0.0 -0.017481 0.0 0.0 0.0 0.0
253.0 0.0 -0.019914 0.0 0.0 0.0 0.0
253.2 0.0 -0.03808 0.0 0.0 0.0 0.0
253.4 0.0 -0.065676 0.0 0.0 0.0 0.0
253.6 0.0 -0.092716 0.0 0.0 0.0 0.0
253.8 0.0 -0.11058 0.0 0.0 0.0 0.0
254.0 0.0 -0.11931 0.0 0.0 0.0 0.0
254.2 0.0 -0.12314 0.0 0.0 0.0 0.0
254.4 0.0 -0.12475 0.0 0.0 0.0 0.0
254.6 0.0 -0.12293 0.0 0.0 0.0 0.0
254.8 0.0 -0.11513 0.0 0.0 0.0 0.0
255.0 0.0 -0.10093 0.0 0.0 0.0 0.0
255.2 0.0 -0.084543 0.0 0.0 0.0 0.0
255.4 0.0 -0.070275 0.0 0.0 0.0 0.0
255.6 0.0 -0.059999 0.0 0.0 0.0 0.0
255.8 0.0 -0.047955 0.0 0.0 0.0 0.0
256.0 0.0 -0.027324 0.0 0.0 0.0 0.0
256.2 0.0 0.004783 0.0 0.0 0.0 0.0
256.4 0.0 0.040671 0.0 0.0 0.0 0.0
256.6 0.0 0.071369 0.0 0.0 0.0 0.0
256.8 0.0 0.091744 0.0 0.0 0.0 0.0
257.0 0.0 0.10383 0.0 0.0 0.0 0.0
257.2 0.0 0.11339 0.0 0.0 0.0 0.0
257.4 0.0 0.12752 0.0 0.0 0.0 0.0
257.6 0.0 0.14328 0.0 0.0 0.0 0.0
257.8 0.0 0.15404 0.0 0.0 0.0 0.0
258.0 0.0 0.15354 0.0 0.0 0.0 0.0
258.2 0.0 0.14154 0.0 0.0 0.0 0.0
258.4 0.0 0.12491 0.0 0.0 0.0 0.0
258.6 0.0 0.11313 0.0 0.0 0.0 0.0
258.8 0.0 0.1123 0.0 0.0 0.0 0.0
259.0 0.0 0.12185 0.0 0.0 0.0 0.0
259.2 0.0 0.13537 0.0 0.0 0.0 0.0
259.4 0.0 0.14721 0.0 0.0 0.0 0.0
259.6 0.0 0.15448 0.0 0.0 0.0 0.0
259.8 0.0 0.15882 0.0 0.0 0.0 0.0
260.0 0.0 0.16301 0.0 0.0 0.0 0.0
260.2 0.0 0.16552 0.0 0.0 0.0 0.0
260.4 0.0 0.16239 0.0 0.0 0.0 0.0
260.6 0.0 0.14929 0.0 0.0 0.0 0.0
260.8 0.0 0.13165 0.0 0.0 0.0 0.0
261.0 0.0 0.11375 0.0 0.0 0.0 0.0
261.2 0.0 0.10098 0.0 0.0 0.0 0.0
261.4 0.0 0.094471 0.0 0.0 0.0 0.0
261.6 0.0 0.089029 0.0 0.0 0.0 0.0
261.8 0.0 0.081785 0.0 0.0 0.0 0.0
262.0 0.0 0.073089 0.0 0.0 0.0 0.0
262.2 0.0 0.065446 0.0 0.0 0.0 0.0
262.4 0.0 0.059058 0.0 0.0 0.0 0.0
262.6 0.0 0.05211 0.0 0.0 0.0 0.0
262.8 0.0 0.04235 0.0 0.0 0.0 0.0
263.0 0.0 0.031631 0.0 0.0 0.0 0.0
263.2 0.0 0.026175 0.0 0.0 0.0 0.0
263.4 0.0 0.031246 0.0 0.0 0.0 0.0
263.6 0.0 0.044844 0.0 0.0 0.0 0.0
263.8 0.0 0.056702 0.0 0.0 0.0 0.0
264.0 0.0 0.055455 0.0 0.0 0.0 0.0
264.2 0.0 0.038377 0.0 0.0 0.0 0.0
264.4 0.0 0.013131 0.0 0.0 0.0 0.0
264.6 0.0 -0.008349 0.0 0.0 0.0 0.0
264.8 0.0 -0.015534 0.0 0.0 0.0 0.0
265.0 0.0 -0.009509 0.0 0.0 0.0 0.0
265.2 0.0 0.00366 0.0 0.0 0.0 0.0
265.4 0.0 0.015861 0.0 0.0 0.0 0.0
265.6 0.0 0.020857 0.0 0.0 0.0 0.0
265.8 0.0 0.01883 0.0 0.0 0.0 0.0
266.0 0.0 0.011705 0.0 0.0 0.0 0.0
266.2 0.0 0.002974 0.0 0.0 0.0 0.0
266.4 0.0 -0.004717 0.0 0.0 0.0 0.0
266.6 0.0 -0.010187 0.0 0.0 0.0 0.0
266.8 0.0 -0.014028 0.0 0.0 0.0 0.0
267.0 0.0 -0.01731 0.0 0.0 0.0 0.0
267.2 0.0 -0.021038 0.0 0.0 0.0 0.0
267.4 0.0 -0.025353 0.0 0.0 0.0 0.0
267.6 0.0 -0.029296 0.0 0.0 0.0 0.0
267.8 0.0 -0.031134 0.0 0.0 0.0 0.0
268.0 0.0 -0.028613 0.0 0.0 0.0 0.0
268.2 0.0 -0.020892 0.0 0.0 0.0 0.0
268.4 0.0 -0.010365 0.0 0.0 0.0 0.0
268.6 0.0 -0.001914 0.0 0.0 0.0 0.0
268.8 0.0 -0.000294 0.0 0.0 0.0 0.0
269.0 0.0 -0.007453 0.0 0.0 0.0 0.0
269.2 0.0 -0.021406 0.0 0.0 0.0 0.0
269.4 0.0 -0.037164 0.0 0.0 0.0 0.0
269.6 0.0 -0.049806 0.0 0.0 0.0 0.0
269.8 0.0 -0.057934 0.0 0.0 0.0 0.0
270.0 0.0 -0.063509 0.0 0.0 0.0 0.0
270.2 0.0 -0.069799 0.0 0.0 0.0 0.0
270.4 0.0 -0.078795 0.0 0.0 0.0 0.0
270.6 0.0 -0.088734 0.0 0.0 0.0 0.0
270.8 0.0 -0.095763 0.0 0.0 0.0 0.0
271.0 0.0 -0.096144 0.0 0.0 0.0 0.0
271.2 0.0 -0.090224 0.0 0.0 0.0 0.0
271.4 0.0 -0.082753 0.0 0.0 0.0 0.0
271.6 0.0 -0.08001 0.0 0.0 0.0 0.0
271.8 0.0 -0.085689 0.0 0.0 0.0 0.0
272.0 0.0 -0.096682 0.0 0.0 0.0 0.0
272.2 0.0 -0.10543 0.0 0.0 0.0 0.0
272.4 0.0 -0.10616 0.0 0.0 0.0 0.0
272.6 0.0 -0.098255 0.0 0.0 0.0 0.0
272.8 0.0 -0.086693 0.0 0.0 0.0 0.0
273.0 0.0 -0.078529 0.0 0.0 0.0 0.0
273.2 0.0 -0.076586 0.0 0.0 0.0 0.0
273.4 0.0 -0.077284 0.0 0.0 0.0 0.0
273.6 0.0 -0.072015 0.0 0.0 0.0 0.0
273.8 0.0 -0.056594 0.0 0.0 0.0 0.0
274.0 0.0 -0.032808 0.0 0.0 0.0 0.0
274.2 0.0 -0.006691 0.0 0.0 0.0 0.0
274.4 0.0 0.013248 0.0 0.0 0.0 0.0
274.6 0.0 0.022375 0.0 0.0 0.0 0.0
274.8 0.0 0.024219 0.0 0.0 0.0 0.0
275.0 0.0 0.025266 0.0 0.0 0.0 0.0
275.2 0.0 0.030577 0.0 0.0 0.0 0.0
275.4 0.0 0.043607 0.0 0.0 0.0 0.0
275.6 0.0 0.062097 0.0 0.0 0.0 0.0
275.8 0.0 0.081634 0.0 0.0 0.0 0.0
276.0 0.0 0.097597 0.0 0.0 0.0 0.0
276.2 0.0 0.10863 0.0 0.0 0.0 0.0
276.4 0.0 0.11363 0.0 0.0 0.0 0.0
276.6 0.0 0.11415 0.0 0.0 0.0 0.0
276.8 0.0 0.11491 0.0 0.0 0.0 0.0
277.0 0.0 0.11978 0.0 0.0 0.0 0.0
277.2 0.0 0.13144 0.0 0.0 0.0 0.0
277.4 0.0 0.14948 0.0 0.0 0.0 0.0
277.6 0.0 0.16961 0.0 0.0 0.0 0.0
277.8 0.0 0.1847 0.0 0.0 0.0 0.0
278.0 0.0 0.19064 0.0 0.0 0.0 0.0
278.2 0.0 0.18795 0.0 0.0 0.0 0.0
278.4 0.0 0.18033 0.0 0.0 0.0 0.0
278.6 0.0 0.17016 0.0 0.0 0.0 0.0
278.8 0.0 0.16106 0.0 0.0 0.0 0.0
279.0 0.0 0.15116 0.0 0.0 0.0 0.0
279.2 0.0 0.13879 0.0 0.0 0.0 0.0
279.4 0.0 0.12815 0.0 0.0 0.0 0.0
279.6 0.0 0.12215 0.0 0.0 0.0 0.0
279.8 0.0 0.1252 0.0 0.0 0.0 0.0
280.0 0.0 0.13365 0.0 0.0 0.0 0.0
280.2 0.0 0.143 0.0 0.0 0.0 0.0
280.4 0.0 0.14572 0.0 0.0 0.0 0.0
280.6 0.0 0.13897 0.0 0.0 0.0 0.0
280.8 0.0 0.12628 0.0 0.0 0.0 0.0
281.0 0.0 0.11523 0.0 0.0 0.0 0.0
281.2 0.0 0.11212 0.0 0.0 0.0 0.0
281.4 0.0 0.11909 0.0 0.0 0.0 0.0
281.6 0.0 0.1323 0.0 0.0 0.0 0.0
281.8 0.0 0.14387 0.0 0.0 0.0 0.0
282.0 0.0 0.14911 0.0 0.0 0.0 0.0
282.2 0.0 0.15011 0.0 0.0 0.0 0.0
282.4 0.0 0.15599 0.0 0.0 0.0 0.0
282.6 0.0 0.18039 0.0 0.0 0.0 0.0
282.8 0.0 0.23226 0.0 0.0 0.0 0.0
283.0 0.0 0.30487 0.0 0.0 0.0 0.0
283.2 0.0 0.38343 0.0 0.0 0.0 0.0
283.4 0.0 0.44853 0.0 0.0 0.0 0.0
283.6 0.0 0.49173 0.0 0.0 0.0 0.0
283.8 0.0 0.51817 0.0 0.0 0.0 0.0
284.0 0.0 0.53514 0.0 0.0 0.0 0.0
284.2 0.0 0.55329 0.0 0.0 0.0 0.0
284.4 0.0 0.57207 0.0 0.0 0.0 0.0
284.6 0.0 0.59094 0.0 0.0 0.0 0.0
284.8 0.0 0.61081 0.0 0.0 0.0 0.0
285.0 0.0 0.63637 0.0 0.0 0.0 0.0
285.2 0.0 0.67149 0.0 0.0 0.0 0.0
285.4 0.0 0.71447 0.0 0.0 0.0 0.0
285.6 0.0 0.75572 0.0 0.0 0.0 0.0
285.8 0.0 0.7856 0.0 0.0 0.0 0.0
286.0 0.0 0.8015 0.0 0.0 0.0 0.0
286.2 0.0 0.80756 0.0 0.0 0.0 0.0
286.4 0.0 0.80872 0.0 0.0 0.0 0.0
286.6 0.0 0.80883 0.0 0.0 0.0 0.0
286.8 0.0 0.80498 0.0 0.0 0.0 0.0
287.0 0.0 0.79127 0.0 0.0 0.0 0.0
287.2 0.0 0.77081 0.0 0.0 0.0 0.0
287.4 0.0 0.74607 0.0 0.0 0.0 0.0
287.6 0.0 0.72722 0.0 0.0 0.0 0.0
287.8 0.0 0.71742 0.0 0.0 0.0 0.0
288.0 0.0 0.71299 0.0 0.0 0.0 0.0
288.2 0.0 0.71641 0.0 0.0 0.0 0.0
288.4 0.0 0.71979 0.0 0.0 0.0 0.0
288.6 0.0 0.72449 0.0 0.0 0.0 0.0
288.8 0.0 0.72653 0.0 0.0 0.0 0.0
289.0 0.0 0.72075 0.0 0.0 0.0 0.0
289.2 0.0 0.70474 0.0 0.0 0.0 0.0
289.4 0.0 0.68369 0.0 0.0 0.0 0.0
289.6 0.0 0.66457 0.0 0.0 0.0 0.0
289.8 0.0 0.65525 0.0 0.0 0.0 0.0
290.0 0.0 0.65734 0.0 0.0 0.0 0.0
290.2 0.0 0.66364 0.0 0.0 0.0 0.0
290.4 0.0 0.66473 0.0 0.0 0.0 0.0
290.6 0.0 0.6532 0.0 0.0 0.0 0.0
290.8 0.0 0.63029 0.0 0.0 0.0 0.0
291.0 0.0 0.61033 0.0 0.0 0.0 0.0
291.2 0.0 0.61116 0.0 0.0 0.0 0.0
291.4 0.0 0.64 0.0 0.0 0.0 0.0
291.6 0.0 0.69387 0.0 0.0 0.0 0.0
291.8 0.0 0.75178 0.0 0.0 0.0 0.0
292.0 0.0 0.7887 0.0 0.0 0.0 0.0
292.2 0.0 0.79516 0.0 0.0 0.0 0.0
292.4 0.0 0.76731 0.0 0.0 0.0 0.0
292.6 0.0 0.72436 0.0 0.0 0.0 0.0
292.8 0.0 0.69 0.0 0.0 0.0 0.0
293.0 0.0 0.68363 0.0 0.0 0.0 0.0
293.2 0.0 0.70549 0.0 0.0 0.0 0.0
293.4 0.0 0.74618 0.0 0.0 0.0 0.0
293.6 0.0 0.7873 0.0 0.0 0.0 0.0
293.8 0.0 0.81501 0.0 0.0 0.0 0.0
294.0 0.0 0.82604 0.0 0.0 0.0 0.0
294.2 0.0 0.83076 0.0 0.0 0.0 0.0
294.4 0.0 0.84261 0.0 0.0 0.0 0.0
294.6 0.0 0.86331 0.0 0.0 0.0 0.0
294.8 0.0 0.88767 0.0 0.0 0.0 0.0
295.0 0.0 0.90525 0.0 0.0 0.0 0.0
295.2 0.0 0.90314 0.0 0.0 0.0 0.0
295.4 0.0 0.87944 0.0 0.0 0.0 0.0
295.6 0.0 0.84684 0.0 0.0 0.0 0.0
295.8 0.0 0.82329 0.0 0.0 0.0 0.0
296.0 0.0 0.82312 0.0 0.0 0.0 0.0
296.2 0.0 0.84516 0.0 0.0 0.0 0.0
296.4 0.0 0.87248 0.0 0.0 0.0 0.0
296.6 0.0 0.88599 0.0 0.0 0.0 0.0
296.8 0.0 0.87452 0.0 0.0 0.0 0.0
297.0 0.0 0.84476 0.0 0.0 0.0 0.0
297.2 0.0 0.80651 0.0 0.0 0.0 0.0
297.4 0.0 0.77583 0.0 0.0 0.0 0.0
297.6 0.0 0.75636 0.0 0.0 0.0 0.0
297.8 0.0 0.74528 0.0 0.0 0.0 0.0
298.0 0.0 0.73677 0.0 0.0 0.0 0.0
298.2 0.0 0.73297 0.0 0.0 0.0 0.0
298.4 0.0 0.73848 0.0 0.0 0.0 0.0
298.6 0.0 0.75941 0.0 0.0 0.0 0.0
298.8 0.0 0.79328 0.0 0.0 0.0 0.0
299.0 0.0 0.82985 0.0 0.0 0.0 0.0
299.2 0.0 0.85559 0.0 0.0 0.0 0.0
299.4 0.0 0.8641 0.0 0.0 0.0 0.0
299.6 0.0 0.86023 0.0 0.0 0.0 0.0
299.8 0.0 0.85643 0.0 0.0 0.0 0.0
300.0 0.0 0.866 0.0 0.0 0.0 0.0
