0.0 0.0 0.0 0.0 0.0 0.0 0.0
0.2 0.0 5e-05 0.0 0.0 0.0 0.0
0.4 0.0 -0.000127 0.0 0.0 0.0 0.0
0.6 0.0 -0.000645 0.0 0.0 0.0 0.0
0.8 0.0 -0.001283 0.0 0.0 0.0 0.0
1.0 0.0 -0.001436 0.0 0.0 0.0 0.0
1.2 0.0 -0.000558 0.0 0.0 0.0 0.0
1.4 0.0 0.001233 0.0 0.0 0.0 0.0
1.6 0.0 0.002438 0.0 0.0 0.0 0.0
1.8 0.0 0.000303 0.0 0.0 0.0 0.0
2.0 0.0 -0.007689 0.0 0.0 0.0 0.0
2.2 0.0 -0.02194 0.0 0.0 0.0 0.0
2.4 0.0 -0.039855 0.0 0.0 0.0 0.0
2.6 0.0 -0.057134 0.0 0.0 0.0 0.0
2.8 0.0 -0.070283 0.0 0.0 0.0 0.0
3.0 0.0 -0.078636 0.0 0.0 0.0 0.0
3.2 0.0 -0.084459 0.0 0.0 0.0 0.0
3.4 0.0 -0.090724 0.0 0.0 0.0 0.0
3.6 0.0 -0.098449 0.0 0.0 0.0 0.0
3.8 0.0 -0.10569 0.0 0.0 0.0 0.0
4.0 0.0 -0.10917 0.0 0.0 0.0 0.0
4.2 0.0 -0.10721 0.0 0.0 0.0 0.0
4.4 0.0 -0.10133 0.0 0.0 0.0 0.0
4.6 0.0 -0.094605 0.0 0.0 0.0 0.0
4.8 0.0 -0.089269 0.0 0.0 0.0 0.0
5.0 0.0 -0.085695 0.0 0.0 0.0 0.0
5.2 0.0 -0.083654 0.0 0.0 0.0 0.0
5.4 0.0 -0.083473 0.0 0.0 0.0 0.0
5.6 0.0 -0.086381 0.0 0.0 0.0 0.0
5.8 0.0 -0.093035 0.0 0.0 0.0 0.0
6.0 0.0 -0.10174 0.0 0.0 0.0 0.0
6.2 0.0 -0.10887 0.0 0.0 0.0 0.0
6.4 0.0 -0.11118 0.0 0.0 0.0 0.0
6.6 0.0 -0.1081 0.0 0.0 0.0 0.0
6.8 0.0 -0.10215 0.0 0.0 0.0 0.0
7.0 0.0 -0.096784 0.0 0.0 0.0 0.0
7.2 0.0 -0.094217 0.0 0.0 0.0 0.0
7.4 0.0 -0.094509 0.0 0.0 0.0 0.0
7.6 0.0 -0.096657 0.0 0.0 0.0 0.0
7.8 0.0 -0.099236 0.0 0.0 0.0 0.0
8.0 0.0 -0.1003 0.0 0.0 0.0 0.0
8.2 0.0 -0.097744 0.0 0.0 0.0 0.0
8.4 0.0 -0.089887 0.0 0.0 0.0 0.0
8.6 0.0 -0.077156 0.0 0.0 0.0 0.0
8.8 0.0 -0.062638 0.0 0.0 0.0 0.0
9.0 0.0 -0.050816 0.0 0.0 0.0 0.0
9.2 0.0 -0.04451 0.0 0.0 0.0 0.0
9.4 0.0 -0.042359 0.0 0.0 0.0 0.0
9.6 0.0 -0.039863 0.0 0.0 0.0 0.0
9.8 0.0 -0.03299 0.0 0.0 0.0 0.0
10.0 0.0 -0.021233 0.0 0.0 0.0 0.0
10.2 0.0 -0.007944 0.0 0.0 0.0 0.0
10.4 0.0 0.002208 0.0 0.0 0.0 0.0
10.6 0.0 0.006632 0.0 0.0 0.0 0.0
10.8 0.0 0.006002 0.0 0.0 0.0 0.0
11.0 0.0 0.003342 0.0 0.0 0.0 0.0
11.2 0.0 0.001875 0.0 0.0 0.0 0.0
11.4 0.0 0.003236 0.0 0.0 0.0 0.0
11.6 0.0 0.006998 0.0 0.0 0.0 0.0
11.8 0.0 0.01191 0.0 0.0 0.0 0.0
12.0 0.0 0.016977 0.0 0.0 0.0 0.0
12.2 0.0 0.021423 0.0 0.0 0.0 0.0
12.4 0.0 0.024227 0.0 0.0 0.0 0.0
12.6 0.0 0.024348 0.0 0.0 0.0 0.0
12.8 0.0 0.021534 0.0 0.0 0.0 0.0
13.0 0.0 0.016651 0.0 0.0 0.0 0.0
13.2 0.0 0.011676 0.0 0.0 0.0 0.0
13.4 0.0 0.008665 0.0 0.0 0.0 0.0
13.6 0.0 0.008141 0.0 0.0 0.0 0.0
13.8 0.0 0.007894 0.0 0.0 0.0 0.0
14.0 0.0 0.004917 0.0 0.0 0.0 0.0
14.2 0.0 -0.002065 0.0 0.0 0.0 0.0
14.4 0.0 -0.010861 0.0 0.0 0.0 0.0
14.6 0.0 -0.016799 0.0 0.0 0.0 0.0
14.8 0.0 -0.015844 0.0 0.0 0.0 0.0
15.0 0.0 -0.008191 0.0 0.0 0.0 0.0
15.2 0.0 0.000921 0.0 0.0 0.0 0.0
15.4 0.0 0.004503 0.0 0.0 0.0 0.0
15.6 0.0 -0.001263 0.0 0.0 0.0 0.0
15.8 0.0 -0.014045 0.0 0.0 0.0 0.0
16.0 0.0 -0.027017 0.0 0.0 0.0 0.0
16.2 0.0 -0.033322 0.0 0.0 0.0 0.0
16.4 0.0 -0.03108 0.0 0.0 0.0 0.0
16.6 0.0 -0.024532 0.0 0.0 0.0 0.0
16.8 0.0 -0.020729 0.0 0.0 0.0 0.0
17.0 0.0 -0.024355 0.0 0.0 0.0 0.0
17.2 0.0 -0.03433 0.0 0.0 0.0 0.0
17.4 0.0 -0.044731 0.0 0.0 0.0 0.0
17.6 0.0 -0.049043 0.0 0.0 0.0 0.0
17.8 0.0 -0.045321 0.0 0.0 0.0 0.0
18.0 0.0 -0.037083 0.0 0.0 0.0 0.0
18.2 0.0 -0.03103 0.0 0.0 0.0 0.0
18.4 0.0 -0.032785 0.0 0.0 0.0 0.0
18.6 0.0 -0.044108 0.0 0.0 0.0 0.0
18.8 0.0 -0.06206 0.0 0.0 0.0 0.0
19.0 0.0 -0.080964 0.0 0.0 0.0 0.0
19.2 0.0 -0.095996 0.0 0.0 0.0 0.0
19.4 0.0 -0.10557 0.0 0.0 0.0 0.0
19.6 0.0 -0.11229 0.0 0.0 0.0 0.0
19.8 0.0 -0.1207 0.0 0.0 0.0 0.0
20.0 0.0 -0.1335 0.0 0.0 0.0 0.0
20.2 0.0 -0.14944 0.0 0.0 0.0 0.0
20.4 0.0 -0.16437 0.0 0.0 0.0 0.0
20.6 0.0 -0.17483 0.0 0.0 0.0 0.0
20.8 0.0 -0.18058 0.0 0.0 0.0 0.0
21.0 0.0 -0.1842 0.0 0.0 0.0 0.0
21.2 0.0 -0.18813 0.0 0.0 0.0 0.0
21.4 0.0 -0.19197 0.0 0.0 0.0 0.0
21.6 0.0 -0.19248 0.0 0.0 0.0 0.0
21.8 0.0 -0.18686 0.0 0.0 0.0 0.0
22.0 0.0 -0.17576 0.0 0.0 0.0 0.0
22.2 0.0 -0.16371 0.0 0.0 0.0 0.0
22.4 0.0 -0.157 0.0 0.0 0.0 0.0
22.6 0.0 -0.15931 0.0 0.0 0.0 0.0
22.8 0.0 -0.16909 0.0 0.0 0.0 0.0
23.0 0.0 -0.18058 0.0 0.0 0.0 0.0
23.2 0.0 -0.18857 0.0 0.0 0.0 0.0
23.4 0.0 -0.19223 0.0 0.0 0.0 0.0
23.6 0.0 -0.19644 0.0 0.0 0.0 0.0
23.8 0.0 -0.20919 0.0 0.0 0.0 0.0
24.0 0.0 -0.23528 0.0 0.0 0.0 0.0
24.2 0.0 -0.27187 0.0 0.0 0.0 0.0
24.4 0.0 -0.30784 0.0 0.0 0.0 0.0
24.6 0.0 -0.32994 0.0 0.0 0.0 0.0
24.8 0.0 -0.33195 0.0 0.0 0.0 0.0
25.0 0.0 -0.31893 0.0 0.0 0.0 0.0
25.2 0.0 -0.30383 0.0 0.0 0.0 0.0
25.4 0.0 -0.2981 0.0 0.0 0.0 0.0
25.6 0.0 -0.30422 0.0 0.0 0.0 0.0
25.8 0.0 -0.3159 0.0 0.0 0.0 0.0
26.0 0.0 -0.32485 0.0 0.0 0.0 0.0
26.2 0.0 -0.32799 0.0 0.0 0.0 0.0
26.4 0.0 -0.32942 0.0 0.0 0.0 0.0
26.6 0.0 -0.33479 0.0 0.0 0.0 0.0
26.8 0.0 -0.3454 0.0 0.0 0.0 0.0
27.0 0.0 -0.35802 0.0 0.0 0.0 0.0
27.2 0.0 -0.37011 0.0 0.0 0.0 0.0
27.4 0.0 -0.38254 0.0 0.0 0.0 0.0
27.6 0.0 -0.39825 0.0 0.0 0.0 0.0
27.8 0.0 -0.41825 0.0 0.0 0.0 0.0
28.0 0.0 -0.43877 0.0 0.0 0.0 0.0
28.2 0.0 -0.45408 0.0 0.0 0.0 0.0
28.4 0.0 -0.46076 0.0 0.0 0.0 0.0
28.6 0.0 -0.46058 0.0 0.0 0.0 0.0
28.8 0.0 -0.45864 0.0 0.0 0.0 0.0
29.0 0.0 -0.458 0.0 0.0 0.0 0.0
29.2 0.0 -0.45781 0.0 0.0 0.0 0.0
29.4 0.0 -0.45578 0.0 0.0 0.0 0.0
29.6 0.0 -0.45205 0.0 0.0 0.0 0.0
29.8 0.0 -0.45018 0.0 0.0 0.0 0.0
30.0 0.0 -0.45372 0.0 0.0 0.0 0.0
30.2 0.0 -0.46287 0.0 0.0 0.0 0.0
30.4 0.0 -0.47408 0.0 0.0 0.0 0.0
30.6 0.0 -0.48298 0.0 0.0 0.0 0.0
30.8 0.0 -0.48749 0.0 0.0 0.0 0.0
31.0 0.0 -0.48937 0.0 0.0 0.0 0.0
31.2 0.0 -0.49106 0.0 0.0 0.0 0.0
31.4 0.0 -0.49105 0.0 0.0 0.0 0.0
31.6 0.0 -0.48338 0.0 0.0 0.0 0.0
31.8 0.0 -0.46261 0.0 0.0 0.0 0.0
32.0 0.0 -0.43038 0.0 0.0 0.0 0.0
32.2 0.0 -0.39602 0.0 0.0 0.0 0.0
32.4 0.0 -0.37028 0.0 0.0 0.0 0.0
32.6 0.0 -0.35834 0.0 0.0 0.0 0.0
32.8 0.0 -0.35733 0.0 0.0 0.0 0.0
33.0 0.0 -0.36062 0.0 0.0 0.0 0.0
33.2 0.0 -0.36274 0.0 0.0 0.0 0.0
33.4 0.0 -0.36253 0.0 0.0 0.0 0.0
33.6 0.0 -0.36081 0.0 0.0 0.0 0.0
33.8 0.0 -0.35648 0.0 0.0 0.0 0.0
34.0 0.0 -0.34566 0.0 0.0 0.0 0.0
34.2 0.0 -0.32606 0.0 0.0 0.0 0.0
34.4 0.0 -0.30164 0.0 0.0 0.0 0.0
34.6 0.0 -0.28203 0.0 0.0 0.0 0.0
34.8 0.0 -0.27595 0.0 0.0 0.0 0.0
35.0 0.0 -0.28514 0.0 0.0 0.0 0.0
35.2 0.0 -0.30267 0.0 0.0 0.0 0.0
35.4 0.0 -0.31856 0.0 0.0 0.0 0.0
35.6 0.0 -0.32635 0.0 0.0 0.0 0.0
35.8 0.0 -0.32535 0.0 0.0 0.0 0.0
36.0 0.0 -0.31961 0.0 0.0 0.0 0.0
36.2 0.0 -0.31329 0.0 0.0 0.0 0.0
36.4 0.0 -0.30934 0.0 0.0 0.0 0.0
36.6 0.0 -0.31054 0.0 0.0 0.0 0.0
36.8 0.0 -0.31994 0.0 0.0 0.0 0.0
37.0 0.0 -0.3388 0.0 0.0 0.0 0.0
37.2 0.0 -0.36276 0.0 0.0 0.0 0.0
37.4 0.0 -0.38372 0.0 0.0 0.0 0.0
37.6 0.0 -0.39532 0.0 0.0 0.0 0.0
37.8 0.0 -0.39789 0.0 0.0 0.0 0.0
38.0 0.0 -0.39814 0.0 0.0 0.0 0.0
38.2 0.0 -0.40415 0.0 0.0 0.0 0.0
38.4 0.0 -0.41862 0.0 0.0 0.0 0.0
38.6 0.0 -0.43645 0.0 0.0 0.0 0.0
38.8 0.0 -0.44832 0.0 0.0 0.0 0.0
39.0 0.0 -0.44728 0.0 0.0 0.0 0.0
39.2 0.0 -0.4324 0.0 0.0 0.0 0.0
39.4 0.0 -0.40997 0.0 0.0 0.0 0.0
39.6 0.0 -0.38996 0.0 0.0 0.0 0.0
39.8 0.0 -0.38072 0.0 0.0 0.0 0.0
40.0 0.0 -0.38576 0.0 0.0 0.0 0.0
40.2 0.0 -0.40198 0.0 0.0 0.0 0.0
40.4 0.0 -0.42146 0.0 0.0 0.0 0.0
40.6 0.0 -0.43459 0.0 0.0 0.0 0.0
40.8 0.0 -0.43626 0.0 0.0 0.0 0.0
41.0 0.0 -0.42956 0.0 0.0 0.0 0.0
41.2 0.0 -0.42381 0.0 0.0 0.0 0.0
41.4 0.0 -0.42785 0.0 0.0 0.0 0.0
41.6 0.0 -0.4429 0.0 0.0 0.0 0.0
41.8 0.0 -0.4608 0.0 0.0 0.0 0.0
42.0 0.0 -0.46808 0.0 0.0 0.0 0.0
42.2 0.0 -0.45704 0.0 0.0 0.0 0.0
42.4 0.0 -0.43313 0.0 0.0 0.0 0.0
42.6 0.0 -0.41371 0.0 0.0 0.0 0.0
42.8 0.0 -0.41556 0.0 0.0 0.0 0.0
43.0 0.0 -0.44187 0.0 0.0 0.0 0.0
43.2 0.0 -0.47863 0.0 0.0 0.0 0.0
43.4 0.0 -0.50392 0.0 0.0 0.0 0.0
43.6 0.0 -0.5036 0.0 0.0 0.0 0.0
43.8 0.0 -0.48132 0.0 0.0 0.0 0.0
44.0 0.0 -0.45565 0.0 0.0 0.0 0.0
44.2 0.0 -0.44712 0.0 0.0 0.0 0.0
44.4 0.0 -0.46465 0.0 0.0 0.0 0.0
44.6 0.0 -0.50025 0.0 0.0 0.0 0.0
44.8 0.0 -0.53669 0.0 0.0 0.0 0.0
45.0 0.0 -0.55978 0.0 0.0 0.0 0.0
45.2 0.0 -0.56438 0.0 0.0 0.0 0.0
45.4 0.0 -0.55335 0.0 0.0 0.0 0.0
45.6 0.0 -0.5313 0.0 0.0 0.0 0.0
45.8 0.0 -0.50062 0.0 0.0 0.0 0.0
46.0 0.0 -0.46249 0.0 0.0 0.0 0.0
46.2 0.0 -0.4226 0.0 0.0 0.0 0.0
46.4 0.0 -0.39316 0.0 0.0 0.0 0.0
46.6 0.0 -0.38819 0.0 0.0 0.0 0.0
46.8 0.0 -0.41523 0.0 0.0 0.0 0.0
47.0 0.0 -0.46813 0.0 0.0 0.0 0.0
47.2 0.0 -0.52831 0.0 0.0 0.0 0.0
47.4 0.0 -0.57217 0.0 0.0 0.0 0.0
47.6 0.0 -0.58466 0.0 0.0 0.0 0.0
47.8 0.0 -0.56959 0.0 0.0 0.0 0.0
48.0 0.0 -0.54669 0.0 0.0 0.0 0.0
48.2 0.0 -0.53918 0.0 0.0 0.0 0.0
48.4 0.0 -0.55757 0.0 0.0 0.0 0.0
48.6 0.0 -0.59264 0.0 0.0 0.0 0.0
48.8 0.0 -0.62325 0.0 0.0 0.0 0.0
49.0 0.0 -0.63113 0.0 0.0 0.0 0.0
49.2 0.0 -0.61137 0.0 0.0 0.0 0.0
49.4 0.0 -0.57364 0.0 0.0 0.0 0.0
49.6 0.0 -0.53327 0.0 0.0 0.0 0.0
49.8 0.0 -0.5014 0.0 0.0 0.0 0.0
50.0 0.0 -0.48176 0.0 0.0 0.0 0.0
50.2 0.0 -0.47244 0.0 0.0 0.0 0.0
50.4 0.0 -0.47121 0.0 0.0 0.0 0.0
50.6 0.0 -0.47719 0.0 0.0 0.0 0.0
50.8 0.0 -0.49097 0.0 0.0 0.0 0.0
51.0 0.0 -0.5116 0.0 0.0 0.0 0.0
51.2 0.0 -0.53438 0.0 0.0 0.0 0.0
51.4 0.0 -0.55239 0.0 0.0 0.0 0.0
51.6 0.0 -0.56167 0.0 0.0 0.0 0.0
51.8 0.0 -0.56321 0.0 0.0 0.0 0.0
52.0 0.0 -0.56074 0.0 0.0 0.0 0.0
52.2 0.0 -0.55767 0.0 0.0 0.0 0.0
52.4 0.0 -0.55543 0.0 0.0 0.0 0.0
52.6 0.0 -0.55415 0.0 0.0 0.0 0.0
52.8 0.0 -0.55507 0.0 0.0 0.0 0.0
53.0 0.0 -0.56159 0.0 0.0 0.0 0.0
53.2 0.0 -0.57711 0.0 0.0 0.0 0.0
53.4 0.0 -0.60087 0.0 0.0 0.0 0.0
53.6 0.0 -0.62559 0.0 0.0 0.0 0.0
53.8 0.0 -0.64097 0.0 0.0 0.0 0.0
54.0 0.0 -0.64081 0.0 0.0 0.0 0.0
54.2 0.0 -0.62759 0.0 0.0 0.0 0.0
54.4 0.0 -0.61187 0.0 0.0 0.0 0.0
54.6 0.0 -0.60478 0.0 0.0 0.0 0.0
54.8 0.0 -0.60961 0.0 0.0 0.0 0.0
55.0 0.0 -0.61994 0.0 0.0 0.0 0.0
55.2 0.0 -0.62497 0.0 0.0 0.0 0.0
55.4 0.0 -0.61682 0.0 0.0 0.0 0.0
55.6 0.0 -0.59627 0.0 0.0 0.0 0.0
55.8 0.0 -0.57142 0.0 0.0 0.0 0.0
56.0 0.0 -0.5532 0.0 0.0 0.0 0.0
56.2 0.0 -0.549 0.0 0.0 0.0 0.0
56.4 0.0 -0.55937 0.0 0.0 0.0 0.0
56.6 0.0 -0.57681 0.0 0.0 0.0 0.0
56.8 0.0 -0.58846 0.0 0.0 0.0 0.0
57.0 0.0 -0.58337 0.0 0.0 0.0 0.0
57.2 0.0 -0.55932 0.0 0.0 0.0 0.0
57.4 0.0 -0.52497 0.0 0.0 0.0 0.0
57.6 0.0 -0.49478 0.0 0.0 0.0 0.0
57.8 0.0 -0.48111 0.0 0.0 0.0 0.0
58.0 0.0 -0.48659 0.0 0.0 0.0 0.0
58.2 0.0 -0.50302 0.0 0.0 0.0 0.0
58.4 0.0 -0.51709 0.0 0.0 0.0 0.0
58.6 0.0 -0.51828 0.0 0.0 0.0 0.0
58.8 0.0 -0.50377 0.0 0.0 0.0 0.0
59.0 0.0 -0.4791 0.0 0.0 0.0 0.0
59.2 0.0 -0.45417 0.0 0.0 0.0 0.0
59.4 0.0 -0.43753 0.0 0.0 0.0 0.0
59.6 0.0 -0.43374 0.0 0.0 0.0 0.0
59.8 0.0 -0.44318 0.0 0.0 0.0 0.0
60.0 0.0 -0.46256 0.0 0.0 0.0 0.0
60.2 0.0 -0.48585 0.0 0.0 0.0 0.0
60.4 0.0 -0.50558 0.0 0.0 0.0 0.0
60.6 0.0 -0.51412 0.0 0.0 0.0 0.0
60.8 0.0 -0.50631 0.0 0.0 0.0 0.0
61.0 0.0 -0.48271 0.0 0.0 0.0 0.0
61.2 0.0 -0.45073 0.0 0.0 0.0 0.0
61.4 0.0 -0.42192 0.0 0.0 0.0 0.0
61.6 0.0 -0.40672 0.0 0.0 0.0 0.0
61.8 0.0 -0.40975 0.0 0.0 0.0 0.0
62.0 0.0 -0.42741 0.0 0.0 0.0 0.0
62.2 0.0 -0.44934 0.0 0.0 0.0 0.0
62.4 0.0 -0.46486 0.0 0.0 0.0 0.0
62.6 0.0 -0.46965 0.0 0.0 0.0 0.0
62.8 0.0 -0.46722 0.0 0.0 0.0 0.0
63.0 0.0 -0.46608 0.0 0.0 0.0 0.0
63.2 0.0 -0.47237 0.0 0.0 0.0 0.0
63.4 0.0 -0.48517 0.0 0.0 0.0 0.0
63.6 0.0 -0.49761 0.0 0.0 0.0 0.0
63.8 0.0 -0.50353 0.0 0.0 0.0 0.0
64.0 0.0 -0.50259 0.0 0.0 0.0 0.0
64.2 0.0 -0.50133 0.0 0.0 0.0 0.0
64.4 0.0 -0.50776 0.0 0.0 0.0 0.0
64.6 0.0 -0.5251 0.0 0.0 0.0 0.0
64.8 0.0 -0.54939 0.0 0.0 0.0 0.0
65.0 0.0 -0.57276 0.0 0.0 0.0 0.0
65.2 0.0 -0.58867 0.0 0.0 0.0 0.0
65.4 0.0 -0.59519 0.0 0.0 0.0 0.0
65.6 0.0 -0.59503 0.0 0.0 0.0 0.0
65.8 0.0 -0.59256 0.0 0.0 0.0 0.0
66.0 0.0 -0.59093 0.0 0.0 0.0 0.0
66.2 0.0 -0.59074 0.0 0.0 0.0 0.0
66.4 0.0 -0.59125 0.0 0.0 0.0 0.0
66.6 0.0 -0.59186 0.0 0.0 0.0 0.0
66.8 0.0 -0.59227 0.0 0.0 0.0 0.0
67.0 0.0 -0.59243 0.0 0.0 0.0 0.0
67.2 0.0 -0.59239 0.0 0.0 0.0 0.0
67.4 0.0 -0.59239 0.0 0.0 0.0 0.0
67.6 0.0 -0.59239 0.0 0.0 0.0 0.0
67.8 0.0 -0.59239 0.0 0.0 0.0 0.0
68.0 0.0 -0.59239 0.0 0.0 0.0 0.0
68.2 0.0 -0.59239 0.0 0.0 0.0 0.0
68.4 0.0 -0.59239 0.0 0.0 0.0 0.0
68.6 0.0 -0.59239 0.0 0.0 0.0 0.0
68.8 0.0 -0.59239 0.0 0.0 0.0 0.0
69.0 0.0 -0.59239 0.0 0.0 0.0 0.0
69.2 0.0 -0.59239 0.0 0.0 0.0 0.0
69.4 0.0 -0.59239 0.0 0.0 0.0 0.0
69.6 0.0 -0.59239 0.0 0.0 0.0 0.0
69.8 0.0 -0.59239 0.0 0.0 0.0 0.0
70.0 0.0 -0.59239 0.0 0.0 0.0 0.0
70.2 0.0 -0.59239 0.0 0.0 0.0 0.0
70.4 0.0 -0.59239 0.0 0.0 0.0 0.0
70.6 0.0 -0.59239 0.0 0.0 0.0 0.0
70.8 0.0 -0.59239 0.0 0.0 0.0 0.0
71.0 0.0 -0.59213 0.0 0.0 0.0 0.0
71.2 0.0 -0.59291 0.0 0.0 0.0 0.0
71.4 0.0 -0.59608 0.0 0.0 0.0 0.0
71.6 0.0 -0.60065 0.0 0.0 0.0 0.0
71.8 0.0 -0.60159 0.0 0.0 0.0 0.0
72.0 0.0 -0.59437 0.0 0.0 0.0 0.0
72.2 0.0 -0.58119 0.0 0.0 0.0 0.0
72.4 0.0 -0.57422 0.0 0.0 0.0 0.0
72.6 0.0 -0.59094 0.0 0.0 0.0 0.0
72.8 0.0 -0.64301 0.0 0.0 0.0 0.0
73.0 0.0 -0.727 0.0 0.0 0.0 0.0
73.2 0.0 -0.82507 0.0 0.0 0.0 0.0
73.4 0.0 -0.9142 0.0 0.0 0.0 0.0
73.6 0.0 -0.97851 0.0 0.0 0.0 0.0
73.8 0.0 -1.0152 0.0 0.0 0.0 0.0
74.0 0.0 -1.0314 0.0 0.0 0.0 0.0
74.2 0.0 -1.036 0.0 0.0 0.0 0.0
74.4 0.0 -1.0356 0.0 0.0 0.0 0.0
74.6 0.0 -1.0361 0.0 0.0 0.0 0.0
74.8 0.0 -1.0425 0.0 0.0 0.0 0.0
75.0 0.0 -1.0564 0.0 0.0 0.0 0.0
75.2 0.0 -1.0735 0.0 0.0 0.0 0.0
75.4 0.0 -1.0848 0.0 0.0 0.0 0.0
75.6 0.0 -1.0839 0.0 0.0 0.0 0.0
75.8 0.0 -1.0724 0.0 0.0 0.0 0.0
76.0 0.0 -1.0621 0.0 0.0 0.0 0.0
76.2 0.0 -1.0657 0.0 0.0 0.0 0.0
76.4 0.0 -1.0861 0.0 0.0 0.0 0.0
76.6 0.0 -1.1144 0.0 0.0 0.0 0.0
76.8 0.0 -1.1394 0.0 0.0 0.0 0.0
77.0 0.0 -1.1584 0.0 0.0 0.0 0.0
77.2 0.0 -1.1805 0.0 0.0 0.0 0.0
77.4 0.0 -1.2185 0.0 0.0 0.0 0.0
77.6 0.0 -1.2772 0.0 0.0 0.0 0.0
77.8 0.0 -1.3473 0.0 0.0 0.0 0.0
78.0 0.0 -1.4098 0.0 0.0 0.0 0.0
78.2 0.0 -1.4478 0.0 0.0 0.0 0.0
78.4 0.0 -1.4582 0.0 0.0 0.0 0.0
78.6 0.0 -1.453 0.0 0.0 0.0 0.0
78.8 0.0 -1.4499 0.0 0.0 0.0 0.0
79.0 0.0 -1.461 0.0 0.0 0.0 0.0
79.2 0.0 -1.4866 0.0 0.0 0.0 0.0
79.4 0.0 -1.5168 0.0 0.0 0.0 0.0
79.6 0.0 -1.5423 0.0 0.0 0.0 0.0
79.8 0.0 -1.5619 0.0 0.0 0.0 0.0
80.0 0.0 -1.5847 0.0 0.0 0.0 0.0
80.2 0.0 -1.6234 0.0 0.0 0.0 0.0
80.4 0.0 -1.684 0.0 0.0 0.0 0.0
80.6 0.0 -1.7595 0.0 0.0 0.0 0.0
80.8 0.0 -1.8337 0.0 0.0 0.0 0.0
81.0 0.0 -1.8916 0.0 0.0 0.0 0.0
81.2 0.0 -1.9287 0.0 0.0 0.0 0.0
81.4 0.0 -1.9535 0.0 0.0 0.0 0.0
81.6 0.0 -1.979 0.0 0.0 0.0 0.0
81.8 0.0 -2.0091 0.0 0.0 0.0 0.0
82.0 0.0 -2.0383 0.0 0.0 0.0 0.0
82.2 0.0 -2.0591 0.0 0.0 0.0 0.0
82.4 0.0 -2.0746 0.0 0.0 0.0 0.0
82.6 0.0 -2.1016 0.0 0.0 0.0 0.0
82.8 0.0 -2.1617 0.0 0.0 0.0 0.0
83.0 0.0 -2.2618 0.0 0.0 0.0 0.0
83.2 0.0 -2.3836 0.0 0.0 0.0 0.0
83.4 0.0 -2.4899 0.0 0.0 0.0 0.0
83.6 0.0 -2.5498 0.0 0.0 0.0 0.0
83.8 0.0 -2.5597 0.0 0.0 0.0 0.0
84.0 0.0 -2.5464 0.0 0.0 0.0 0.0
84.2 0.0 -2.5465 0.0 0.0 0.0 0.0
84.4 0.0 -2.5861 0.0 0.0 0.0 0.0
84.6 0.0 -2.6703 0.0 0.0 0.0 0.0
84.8 0.0 -2.7879 0.0 0.0 0.0 0.0
85.0 0.0 -2.9223 0.0 0.0 0.0 0.0
85.2 0.0 -3.058 0.0 0.0 0.0 0.0
85.4 0.0 -3.1807 0.0 0.0 0.0 0.0
85.6 0.0 -3.2758 0.0 0.0 0.0 0.0
85.8 0.0 -3.3322 0.0 0.0 0.0 0.0
86.0 0.0 -3.3523 0.0 0.0 0.0 0.0
86.2 0.0 -3.3527 0.0 0.0 0.0 0.0
86.4 0.0 -3.3577 0.0 0.0 0.0 0.0
86.6 0.0 -3.3838 0.0 0.0 0.0 0.0
86.8 0.0 -3.4349 0.0 0.0 0.0 0.0
87.0 0.0 -3.5025 0.0 0.0 0.0 0.0
87.2 0.0 -3.57 0.0 0.0 0.0 0.0
87.4 0.0 -3.6177 0.0 0.0 0.0 0.0
87.6 0.0 -3.6237 0.0 0.0 0.0 0.0
87.8 0.0 -3.5633 0.0 0.0 0.0 0.0
88.0 0.0 -3.4199 0.0 0.0 0.0 0.0
88.2 0.0 -3.1919 0.0 0.0 0.0 0.0
88.4 0.0 -2.9026 0.0 0.0 0.0 0.0
88.6 0.0 -2.5948 0.0 0.0 0.0 0.0
88.8 0.0 -2.3155 0.0 0.0 0.0 0.0
89.0 0.0 -2.07 0.0 0.0 0.0 0.0
89.2 0.0 -1.8585 0.0 0.0 0.0 0.0
89.4 0.0 -1.7145 0.0 0.0 0.0 0.0
89.6 0.0 -1.6933 0.0 0.0 0.0 0.0
89.8 0.0 -1.8131 0.0 0.0 0.0 0.0
90.0 0.0 -1.9749 0.0 0.0 0.0 0.0
90.2 0.0 -1.9555 0.0 0.0 0.0 0.0
90.4 0.0 -1.52 0.0 0.0 0.0 0.0
90.6 0.0 -0.57161 0.0 0.0 0.0 0.0
90.8 0.0 0.7491 0.0 0.0 0.0 0.0
91.0 0.0 2.1275 0.0 0.0 0.0 0.0
91.2 0.0 3.2597 0.0 0.0 0.0 0.0
91.4 0.0 4.0192 0.0 0.0 0.0 0.0
91.6 0.0 4.4851 0.0 0.0 0.0 0.0
91.8 0.0 4.8302 0.0 0.0 0.0 0.0
92.0 0.0 5.1724 0.0 0.0 0.0 0.0
92.2 0.0 5.5127 0.0 0.0 0.0 0.0
92.4 0.0 5.7839 0.0 0.0 0.0 0.0
92.6 0.0 5.94 0.0 0.0 0.0 0.0
92.8 0.0 5.9865 0.0 0.0 0.0 0.0
93.0 0.0 5.9842 0.0 0.0 0.0 0.0
93.2 0.0 5.9794 0.0 0.0 0.0 0.0
93.4 0.0 5.978 0.0 0.0 0.0 0.0
93.6 0.0 5.9785 0.0 0.0 0.0 0.0
93.8 0.0 5.9897 0.0 0.0 0.0 0.0
94.0 0.0 6.0233 0.0 0.0 0.0 0.0
94.2 0.0 6.0772 0.0 0.0 0.0 0.0
94.4 0.0 6.1305 0.0 0.0 0.0 0.0
94.6 0.0 6.1665 0.0 0.0 0.0 0.0
94.8 0.0 6.1845 0.0 0.0 0.0 0.0
95.0 0.0 6.1979 0.0 0.0 0.0 0.0
95.2 0.0 6.2229 0.0 0.0 0.0 0.0
95.4 0.0 6.2629 0.0 0.0 0.0 0.0
95.6 0.0 6.3051 0.0 0.0 0.0 0.0
95.8 0.0 6.3299 0.0 0.0 0.0 0.0
96.0 0.0 6.3265 0.0 0.0 0.0 0.0
96.2 0.0 6.3016 0.0 0.0 0.0 0.0
96.4 0.0 6.2733 0.0 0.0 0.0 0.0
96.6 0.0 6.2571 0.0 0.0 0.0 0.0
96.8 0.0 6.2538 0.0 0.0 0.0 0.0
97.0 0.0 6.2521 0.0 0.0 0.0 0.0
97.2 0.0 6.2381 0.0 0.0 0.0 0.0
97.4 0.0 6.2043 0.0 0.0 0.0 0.0
97.6 0.0 6.1525 0.0 0.0 0.0 0.0
97.8 0.0 6.0902 0.0 0.0 0.0 0.0
98.0 0.0 6.0255 0.0 0.0 0.0 0.0
98.2 0.0 5.9634 0.0 0.0 0.0 0.0
98.4 0.0 5.9073 0.0 0.0 0.0 0.0
98.6 0.0 5.8603 0.0 0.0 0.0 0.0
98.8 0.0 5.8256 0.0 0.0 0.0 0.0
99.0 0.0 5.8054 0.0 0.0 0.0 0.0
99.2 0.0 5.8012 0.0 0.0 0.0 0.0
99.4 0.0 5.8155 0.0 0.0 0.0 0.0
99.6 0.0 5.8507 0.0 0.0 0.0 0.0
99.8 0.0 5.9079 0.0 0.0 0.0 0.0
100.0 0.0 5.9834 0.0 0.0 0.0 0.0
100.2 0.0 6.0684 0.0 0.0 0.0 0.0
100.4 0.0 6.1507 0.0 0.0 0.0 0.0
100.6 0.0 6.2198 0.0 0.0 0.0 0.0
100.8 0.0 6.2705 0.0 0.0 0.0 0.0
101.0 0.0 6.3033 0.0 0.0 0.0 0.0
101.2 0.0 6.322 0.0 0.0 0.0 0.0
101.4 0.0 6.3306 0.0 0.0 0.0 0.0
101.6 0.0 6.3327 0.0 0.0 0.0 0.0
101.8 0.0 6.3318 0.0 0.0 0.0 0.0
102.0 0.0 6.3322 0.0 0.0 0.0 0.0
102.2 0.0 6.3377 0.0 0.0 0.0 0.0
102.4 0.0 6.3504 0.0 0.0 0.0 0.0
102.6 0.0 6.3698 0.0 0.0 0.0 0.0
102.8 0.0 6.3938 0.0 0.0 0.0 0.0
103.0 0.0 6.4186 0.0 0.0 0.0 0.0
103.2 0.0 6.441 0.0 0.0 0.0 0.0
103.4 0.0 6.4584 0.0 0.0 0.0 0.0
103.6 0.0 6.4703 0.0 0.0 0.0 0.0
103.8 0.0 6.4778 0.0 0.0 0.0 0.0
104.0 0.0 6.4828 0.0 0.0 0.0 0.0
104.2 0.0 6.4869 0.0 0.0 0.0 0.0
104.4 0.0 6.4913 0.0 0.0 0.0 0.0
104.6 0.0 6.4964 0.0 0.0 0.0 0.0
104.8 0.0 6.5016 0.0 0.0 0.0 0.0
105.0 0.0 6.5062 0.0 0.0 0.0 0.0
105.2 0.0 6.5098 0.0 0.0 0.0 0.0
105.4 0.0 6.5129 0.0 0.0 0.0 0.0
105.6 0.0 6.5171 0.0 0.0 0.0 0.0
105.8 0.0 6.5237 0.0 0.0 0.0 0.0
106.0 0.0 6.533 0.0 0.0 0.0 0.0
106.2 0.0 6.5446 0.0 0.0 0.0 0.0
106.4 0.0 6.5573 0.0 0.0 0.0 0.0
106.6 0.0 6.5688 0.0 0.0 0.0 0.0
106.8 0.0 6.5757 0.0 0.0 0.0 0.0
107.0 0.0 6.5751 0.0 0.0 0.0 0.0
107.2 0.0 6.5676 0.0 0.0 0.0 0.0
107.4 0.0 6.5562 0.0 0.0 0.0 0.0
107.6 0.0 6.5444 0.0 0.0 0.0 0.0
107.8 0.0 6.5318 0.0 0.0 0.0 0.0
108.0 0.0 6.5136 0.0 0.0 0.0 0.0
108.2 0.0 6.4837 0.0 0.0 0.0 0.0
108.4 0.0 6.4408 0.0 0.0 0.0 0.0
108.6 0.0 6.3916 0.0 0.0 0.0 0.0
108.8 0.0 6.3465 0.0 0.0 0.0 0.0
109.0 0.0 6.3122 0.0 0.0 0.0 0.0
109.2 0.0 6.2863 0.0 0.0 0.0 0.0
109.4 0.0 6.2598 0.0 0.0 0.0 0.0
109.6 0.0 6.2256 0.0 0.0 0.0 0.0
109.8 0.0 6.1847 0.0 0.0 0.0 0.0
110.0 0.0 6.1462 0.0 0.0 0.0 0.0
110.2 0.0 6.1212 0.0 0.0 0.0 0.0
110.4 0.0 6.1138 0.0 0.0 0.0 0.0
110.6 0.0 6.1202 0.0 0.0 0.0 0.0
110.8 0.0 6.1339 0.0 0.0 0.0 0.0
111.0 0.0 6.1539 0.0 0.0 0.0 0.0
111.2 0.0 6.1859 0.0 0.0 0.0 0.0
111.4 0.0 6.2352 0.0 0.0 0.0 0.0
111.6 0.0 6.2998 0.0 0.0 0.0 0.0
111.8 0.0 6.3703 0.0 0.0 0.0 0.0
112.0 0.0 6.4357 0.0 0.0 0.0 0.0
112.2 0.0 6.4903 0.0 0.0 0.0 0.0
112.4 0.0 6.5366 0.0 0.0 0.0 0.0
112.6 0.0 6.5794 0.0 0.0 0.0 0.0
112.8 0.0 6.6181 0.0 0.0 0.0 0.0
113.0 0.0 6.6439 0.0 0.0 0.0 0.0
113.2 0.0 6.6482 0.0 0.0 0.0 0.0
113.4 0.0 6.632 0.0 0.0 0.0 0.0
113.6 0.0 6.6099 0.0 0.0 0.0 0.0
113.8 0.0 6.6027 0.0 0.0 0.0 0.0
114.0 0.0 6.6239 0.0 0.0 0.0 0.0
114.2 0.0 6.6715 0.0 0.0 0.0 0.0
114.4 0.0 6.7296 0.0 0.0 0.0 0.0
114.6 0.0 6.7791 0.0 0.0 0.0 0.0
114.8 0.0 6.8096 0.0 0.0 0.0 0.0
115.0 0.0 6.8226 0.0 0.0 0.0 0.0
115.2 0.0 6.8261 0.0 0.0 0.0 0.0
115.4 0.0 6.8267 0.0 0.0 0.0 0.0
115.6 0.0 6.8281 0.0 0.0 0.0 0.0
115.8 0.0 6.8303 0.0 0.0 0.0 0.0
116.0 0.0 6.8366 0.0 0.0 0.0 0.0
116.2 0.0 6.8534 0.0 0.0 0.0 0.0
116.4 0.0 6.8887 0.0 0.0 0.0 0.0
116.6 0.0 6.9442 0.0 0.0 0.0 0.0
116.8 0.0 7.0107 0.0 0.0 0.0 0.0
117.0 0.0 7.0691 0.0 0.0 0.0 0.0
117.2 0.0 7.1007 0.0 0.0 0.0 0.0
117.4 0.0 7.0971 0.0 0.0 0.0 0.0
117.6 0.0 7.0645 0.0 0.0 0.0 0.0
117.8 0.0 7.02 0.0 0.0 0.0 0.0
118.0 0.0 6.9816 0.0 0.0 0.0 0.0
118.2 0.0 6.96 0.0 0.0 0.0 0.0
118.4 0.0 6.9561 0.0 0.0 0.0 0.0
118.6 0.0 6.9639 0.0 0.0 0.0 0.0
118.8 0.0 6.9756 0.0 0.0 0.0 0.0
119.0 0.0 6.9837 0.0 0.0 0.0 0.0
119.2 0.0 6.9812 0.0 0.0 0.0 0.0
119.4 0.0 6.9642 0.0 0.0 0.0 0.0
119.6 0.0 6.9368 0.0 0.0 0.0 0.0
119.8 0.0 6.9085 0.0 0.0 0.0 0.0
120.0 0.0 6.8909 0.0 0.0 0.0 0.0
120.2 0.0 6.8883 0.0 0.0 0.0 0.0
120.4 0.0 6.8917 0.0 0.0 0.0 0.0
120.6 0.0 6.8813 0.0 0.0 0.0 0.0
120.8 0.0 6.8412 0.0 0.0 0.0 0.0
121.0 0.0 6.7714 0.0 0.0 0.0 0.0
121.2 0.0 6.6906 0.0 0.0 0.0 0.0
121.4 0.0 6.6262 0.0 0.0 0.0 0.0
121.6 0.0 6.5977 0.0 0.0 0.0 0.0
121.8 0.0 6.6069 0.0 0.0 0.0 0.0
122.0 0.0 6.6376 0.0 0.0 0.0 0.0
122.2 0.0 6.6693 0.0 0.0 0.0 0.0
122.4 0.0 6.6912 0.0 0.0 0.0 0.0
122.6 0.0 6.7076 0.0 0.0 0.0 0.0
122.8 0.0 6.7318 0.0 0.0 0.0 0.0
123.0 0.0 6.7715 0.0 0.0 0.0 0.0
123.2 0.0 6.8218 0.0 0.0 0.0 0.0
123.4 0.0 6.8694 0.0 0.0 0.0 0.0
123.6 0.0 6.9034 0.0 0.0 0.0 0.0
123.8 0.0 6.9227 0.0 0.0 0.0 0.0
124.0 0.0 6.9349 0.0 0.0 0.0 0.0
124.2 0.0 6.9487 0.0 0.0 0.0 0.0
124.4 0.0 6.9647 0.0 0.0 0.0 0.0
124.6 0.0 6.976 0.0 0.0 0.0 0.0
124.8 0.0 6.9764 0.0 0.0 0.0 0.0
125.0 0.0 6.9674 0.0 0.0 0.0 0.0
125.2 0.0 6.9573 0.0 0.0 0.0 0.0
125.4 0.0 6.9546 0.0 0.0 0.0 0.0
125.6 0.0 6.9603 0.0 0.0 0.0 0.0
125.8 0.0 6.9671 0.0 0.0 0.0 0.0
126.0 0.0 6.9652 0.0 0.0 0.0 0.0
126.2 0.0 6.951 0.0 0.0 0.0 0.0
126.4 0.0 6.9299 0.0 0.0 0.0 0.0
126.6 0.0 6.9114 0.0 0.0 0.0 0.0
126.8 0.0 6.9012 0.0 0.0 0.0 0.0
127.0 0.0 6.8974 0.0 0.0 0.0 0.0
127.2 0.0 6.8948 0.0 0.0 0.0 0.0
127.4 0.0 6.8899 0.0 0.0 0.0 0.0
127.6 0.0 6.8826 0.0 0.0 0.0 0.0
127.8 0.0 6.8749 0.0 0.0 0.0 0.0
128.0 0.0 6.8671 0.0 0.0 0.0 0.0
128.2 0.0 6.8569 0.0 0.0 0.0 0.0
128.4 0.0 6.8405 0.0 0.0 0.0 0.0
128.6 0.0 6.8173 0.0 0.0 0.0 0.0
128.8 0.0 6.7913 0.0 0.0 0.0 0.0
129.0 0.0 6.7683 0.0 0.0 0.0 0.0
129.2 0.0 6.7515 0.0 0.0 0.0 0.0
129.4 0.0 6.7398 0.0 0.0 0.0 0.0
129.6 0.0 6.729 0.0 0.0 0.0 0.0
129.8 0.0 6.7155 0.0 0.0 0.0 0.0
130.0 0.0 6.6983 0.0 0.0 0.0 0.0
130.2 0.0 6.6784 0.0 0.0 0.0 0.0
130.4 0.0 6.6567 0.0 0.0 0.0 0.0
130.6 0.0 6.6338 0.0 0.0 0.0 0.0
130.8 0.0 6.6093 0.0 0.0 0.0 0.0
131.0 0.0 6.5841 0.0 0.0 0.0 0.0
131.2 0.0 6.5607 0.0 0.0 0.0 0.0
131.4 0.0 6.5405 0.0 0.0 0.0 0.0
131.6 0.0 6.5225 0.0 0.0 0.0 0.0
131.8 0.0 6.5039 0.0 0.0 0.0 0.0
132.0 0.0 6.4839 0.0 0.0 0.0 0.0
132.2 0.0 6.4641 0.0 0.0 0.0 0.0
132.4 0.0 6.4471 0.0 0.0 0.0 0.0
132.6 0.0 6.4328 0.0 0.0 0.0 0.0
132.8 0.0 6.4175 0.0 0.0 0.0 0.0
133.0 0.0 6.3982 0.0 0.0 0.0 0.0
133.2 0.0 6.3749 0.0 0.0 0.0 0.0
133.4 0.0 6.3518 0.0 0.0 0.0 0.0
133.6 0.0 6.3336 0.0 0.0 0.0 0.0
133.8 0.0 6.3218 0.0 0.0 0.0 0.0
134.0 0.0 6.3122 0.0 0.0 0.0 0.0
134.2 0.0 6.3 0.0 0.0 0.0 0.0
134.4 0.0 6.2854 0.0 0.0 0.0 0.0
134.6 0.0 6.2747 0.0 0.0 0.0 0.0
134.8 0.0 6.2736 0.0 0.0 0.0 0.0
135.0 0.0 6.2798 0.0 0.0 0.0 0.0
135.2 0.0 6.2828 0.0 0.0 0.0 0.0
135.4 0.0 6.2711 0.0 0.0 0.0 0.0
135.6 0.0 6.2429 0.0 0.0 0.0 0.0
135.8 0.0 6.2096 0.0 0.0 0.0 0.0
136.0 0.0 6.1888 0.0 0.0 0.0 0.0
136.2 0.0 6.1888 0.0 0.0 0.0 0.0
136.4 0.0 6.2007 0.0 0.0 0.0 0.0
136.6 0.0 6.2043 0.0 0.0 0.0 0.0
136.8 0.0 6.1818 0.0 0.0 0.0 0.0
137.0 0.0 6.1322 0.0 0.0 0.0 0.0
137.2 0.0 6.0732 0.0 0.0 0.0 0.0
137.4 0.0 6.0305 0.0 0.0 0.0 0.0
137.6 0.0 6.0229 0.0 0.0 0.0 0.0
137.8 0.0 6.0526 0.0 0.0 0.0 0.0
138.0 0.0 6.1038 0.0 0.0 0.0 0.0
138.2 0.0 6.1523 0.0 0.0 0.0 0.0
138.4 0.0 6.1776 0.0 0.0 0.0 0.0
138.6 0.0 6.1719 0.0 0.0 0.0 0.0
138.8 0.0 6.1422 0.0 0.0 0.0 0.0
139.0 0.0 6.1038 0.0 0.0 0.0 0.0
139.2 0.0 6.0741 0.0 0.0 0.0 0.0
139.4 0.0 6.0624 0.0 0.0 0.0 0.0
139.6 0.0 6.0669 0.0 0.0 0.0 0.0
139.8 0.0 6.0769 0.0 0.0 0.0 0.0
140.0 0.0 6.0804 0.0 0.0 0.0 0.0
140.2 0.0 6.0717 0.0 0.0 0.0 0.0
140.4 0.0 6.0539 0.0 0.0 0.0 0.0
140.6 0.0 6.0357 0.0 0.0 0.0 0.0
140.8 0.0 6.024 0.0 0.0 0.0 0.0
141.0 0.0 6.0193 0.0 0.0 0.0 0.0
141.2 0.0 6.0172 0.0 0.0 0.0 0.0
141.4 0.0 6.0122 0.0 0.0 0.0 0.0
141.6 0.0 6.0014 0.0 0.0 0.0 0.0
141.8 0.0 5.9858 0.0 0.0 0.0 0.0
142.0 0.0 5.9692 0.0 0.0 0.0 0.0
142.2 0.0 5.9557 0.0 0.0 0.0 0.0
142.4 0.0 5.9474 0.0 0.0 0.0 0.0
142.6 0.0 5.9446 0.0 0.0 0.0 0.0
142.8 0.0 5.943 0.0 0.0 0.0 0.0
143.0 0.0 5.9335 0.0 0.0 0.0 0.0
143.2 0.0 5.9064 0.0 0.0 0.0 0.0
143.4 0.0 5.8595 0.0 0.0 0.0 0.0
143.6 0.0 5.8026 0.0 0.0 0.0 0.0
143.8 0.0 5.7565 0.0 0.0 0.0 0.0
144.0 0.0 5.7428 0.0 0.0 0.0 0.0
144.2 0.0 5.7717 0.0 0.0 0.0 0.0
144.4 0.0 5.8358 0.0 0.0 0.0 0.0
144.6 0.0 5.9151 0.0 0.0 0.0 0.0
144.8 0.0 5.9876 0.0 0.0 0.0 0.0
145.0 0.0 6.0384 0.0 0.0 0.0 0.0
145.2 0.0 6.0646 0.0 0.0 0.0 0.0
145.4 0.0 6.0726 0.0 0.0 0.0 0.0
145.6 0.0 6.073 0.0 0.0 0.0 0.0
145.8 0.0 6.0748 0.0 0.0 0.0 0.0
146.0 0.0 6.0812 0.0 0.0 0.0 0.0
146.2 0.0 6.0907 0.0 0.0 0.0 0.0
146.4 0.0 6.1004 0.0 0.0 0.0 0.0
146.6 0.0 6.1106 0.0 0.0 0.0 0.0
146.8 0.0 6.1247 0.0 0.0 0.0 0.0
147.0 0.0 6.1449 0.0 0.0 0.0 0.0
147.2 0.0 6.1681 0.0 0.0 0.0 0.0
147.4 0.0 6.185 0.0 0.0 0.0 0.0
147.6 0.0 6.1868 0.0 0.0 0.0 0.0
147.8 0.0 6.1751 0.0 0.0 0.0 0.0
148.0 0.0 6.163 0.0 0.0 0.0 0.0
148.2 0.0 6.1669 0.0 0.0 0.0 0.0
148.4 0.0 6.1925 0.0 0.0 0.0 0.0
148.6 0.0 6.2291 0.0 0.0 0.0 0.0
148.8 0.0 6.2587 0.0 0.0 0.0 0.0
149.0 0.0 6.2683 0.0 0.0 0.0 0.0
149.2 0.0 6.2599 0.0 0.0 0.0 0.0
149.4 0.0 6.2458 0.0 0.0 0.0 0.0
149.6 0.0 6.2366 0.0 0.0 0.0 0.0
149.8 0.0 6.2328 0.0 0.0 0.0 0.0
150.0 0.0 6.2271 0.0 0.0 0.0 0.0
150.2 0.0 6.2122 0.0 0.0 0.0 0.0
150.4 0.0 6.1889 0.0 0.0 0.0 0.0
150.6 0.0 6.1658 0.0 0.0 0.0 0.0
150.8 0.0 6.1541 0.0 0.0 0.0 0.0
151.0 0.0 6.1594 0.0 0.0 0.0 0.0
151.2 0.0 6.1768 0.0 0.0 0.0 0.0
151.4 0.0 6.1906 0.0 0.0 0.0 0.0
151.6 0.0 6.1834 0.0 0.0 0.0 0.0
151.8 0.0 6.1458 0.0 0.0 0.0 0.0
152.0 0.0 6.0821 0.0 0.0 0.0 0.0
152.2 0.0 6.0083 0.0 0.0 0.0 0.0
152.4 0.0 5.9415 0.0 0.0 0.0 0.0
152.6 0.0 5.8911 0.0 0.0 0.0 0.0
152.8 0.0 5.8551 0.0 0.0 0.0 0.0
153.0 0.0 5.8255 0.0 0.0 0.0 0.0
153.2 0.0 5.797 0.0 0.0 0.0 0.0
153.4 0.0 5.7712 0.0 0.0 0.0 0.0
153.6 0.0 5.7544 0.0 0.0 0.0 0.0
153.8 0.0 5.7493 0.0 0.0 0.0 0.0
154.0 0.0 5.7527 0.0 0.0 0.0 0.0
154.2 0.0 5.757 0.0 0.0 0.0 0.0
154.4 0.0 5.756 0.0 0.0 0.0 0.0
154.6 0.0 5.7472 0.0 0.0 0.0 0.0
154.8 0.0 5.7354 0.0 0.0 0.0 0.0
155.0 0.0 5.73 0.0 0.0 0.0 0.0
155.2 0.0 5.7433 0.0 0.0 0.0 0.0
155.4 0.0 5.7874 0.0 0.0 0.0 0.0
155.6 0.0 5.866 0.0 0.0 0.0 0.0
155.8 0.0 5.9696 0.0 0.0 0.0 0.0
156.0 0.0 6.0762 0.0 0.0 0.0 0.0
156.2 0.0 6.1617 0.0 0.0 0.0 0.0
156.4 0.0 6.2117 0.0 0.0 0.0 0.0
156.6 0.0 6.2275 0.0 0.0 0.0 0.0
156.8 0.0 6.2226 0.0 0.0 0.0 0.0
157.0 0.0 6.2134 0.0 0.0 0.0 0.0
157.2 0.0 6.2107 0.0 0.0 0.0 0.0
157.4 0.0 6.2158 0.0 0.0 0.0 0.0
157.6 0.0 6.2244 0.0 0.0 0.0 0.0
157.8 0.0 6.2312 0.0 0.0 0.0 0.0
158.0 0.0 6.2339 0.0 0.0 0.0 0.0
158.2 0.0 6.2334 0.0 0.0 0.0 0.0
158.4 0.0 6.2324 0.0 0.0 0.0 0.0
158.6 0.0 6.232 0.0 0.0 0.0 0.0
158.8 0.0 6.2332 0.0 0.0 0.0 0.0
159.0 0.0 6.2364 0.0 0.0 0.0 0.0
159.2 0.0 6.241 0.0 0.0 0.0 0.0
159.4 0.0 6.2462 0.0 0.0 0.0 0.0
159.6 0.0 6.2513 0.0 0.0 0.0 0.0
159.8 0.0 6.2521 0.0 0.0 0.0 0.0
160.0 0.0 6.246 0.0 0.0 0.0 0.0
160.2 0.0 6.2381 0.0 0.0 0.0 0.0
160.4 0.0 6.2433 0.0 0.0 0.0 0.0
160.6 0.0 6.2787 0.0 0.0 0.0 0.0
160.8 0.0 6.349 0.0 0.0 0.0 0.0
161.0 0.0 6.4372 0.0 0.0 0.0 0.0
161.2 0.0 6.5084 0.0 0.0 0.0 0.0
161.4 0.0 6.5297 0.0 0.0 0.0 0.0
161.6 0.0 6.491 0.0 0.0 0.0 0.0
161.8 0.0 6.4129 0.0 0.0 0.0 0.0
162.0 0.0 6.3305 0.0 0.0 0.0 0.0
162.2 0.0 6.2686 0.0 0.0 0.0 0.0
162.4 0.0 6.2275 0.0 0.0 0.0 0.0
162.6 0.0 6.1886 0.0 0.0 0.0 0.0
162.8 0.0 6.1348 0.0 0.0 0.0 0.0
163.0 0.0 6.065 0.0 0.0 0.0 0.0
163.2 0.0 5.9943 0.0 0.0 0.0 0.0
163.4 0.0 5.9395 0.0 0.0 0.0 0.0
163.6 0.0 5.9055 0.0 0.0 0.0 0.0
163.8 0.0 5.8816 0.0 0.0 0.0 0.0
164.0 0.0 5.8548 0.0 0.0 0.0 0.0
164.2 0.0 5.8219 0.0 0.0 0.0 0.0
164.4 0.0 5.7929 0.0 0.0 0.0 0.0
164.6 0.0 5.7817 0.0 0.0 0.0 0.0
164.8 0.0 5.7951 0.0 0.0 0.0 0.0
165.0 0.0 5.8284 0.0 0.0 0.0 0.0
165.2 0.0 5.8684 0.0 0.0 0.0 0.0
165.4 0.0 5.9006 0.0 0.0 0.0 0.0
165.6 0.0 5.9159 0.0 0.0 0.0 0.0
165.8 0.0 5.9148 0.0 0.0 0.0 0.0
166.0 0.0 5.9051 0.0 0.0 0.0 0.0
166.2 0.0 5.8983 0.0 0.0 0.0 0.0
166.4 0.0 5.9045 0.0 0.0 0.0 0.0
166.6 0.0 5.9265 0.0 0.0 0.0 0.0
166.8 0.0 5.9604 0.0 0.0 0.0 0.0
167.0 0.0 6.0001 0.0 0.0 0.0 0.0
167.2 0.0 6.0426 0.0 0.0 0.0 0.0
167.4 0.0 6.0891 0.0 0.0 0.0 0.0
167.6 0.0 6.1415 0.0 0.0 0.0 0.0
167.8 0.0 6.1958 0.0 0.0 0.0 0.0
168.0 0.0 6.2186 0.0 0.0 0.0 0.0
168.2 0.0 6.1854 0.0 0.0 0.0 0.0
168.4 0.0 6.118 0.0 0.0 0.0 0.0
168.6 0.0 5e-05 0.0 0.0 0.0 0.0
168.8 0.0 -0.000127 0.0 0.0 0.0 0.0
169.0 0.0 -0.000645 0.0 0.0 0.0 0.0
169.2 0.0 -0.001283 0.0 0.0 0.0 0.0
169.4 0.0 -0.001436 0.0 0.0 0.0 0.0
169.6 0.0 -0.000558 0.0 0.0 0.0 0.0
169.8 0.0 0.001233 0.0 0.0 0.0 0.0
170.0 0.0 0.002438 0.0 0.0 0.0 0.0
170.2 0.0 0.000303 0.0 0.0 0.0 0.0
170.4 0.0 -0.007689 0.0 0.0 0.0 0.0
170.6 0.0 -0.02194 0.0 0.0 0.0 0.0
170.8 0.0 -0.039855 0.0 0.0 0.0 0.0
171.0 0.0 -0.057134 0.0 0.0 0.0 0.0
171.2 0.0 -0.070283 0.0 0.0 0.0 0.0
171.4 0.0 -0.078636 0.0 0.0 0.0 0.0
171.6 0.0 -0.084459 0.0 0.0 0.0 0.0
171.8 0.0 -0.090724 0.0 0.0 0.0 0.0
172.0 0.0 -0.098449 0.0 0.0 0.0 0.0
172.2 0.0 -0.10569 0.0 0.0 0.0 0.0
172.4 0.0 -0.10917 0.0 0.0 0.0 0.0
172.6 0.0 -0.10721 0.0 0.0 0.0 0.0
172.8 0.0 -0.10133 0.0 0.0 0.0 0.0
173.0 0.0 -0.094605 0.0 0.0 0.0 0.0
173.2 0.0 -0.089269 0.0 0.0 0.0 0.0
173.4 0.0 -0.085695 0.0 0.0 0.0 0.0
173.6 0.0 -0.083654 0.0 0.0 0.0 0.0
173.8 0.0 -0.083473 0.0 0.0 0.0 0.0
174.0 0.0 -0.086381 0.0 0.0 0.0 0.0
174.2 0.0 -0.093035 0.0 0.0 0.0 0.0
174.4 0.0 -0.10174 0.0 0.0 0.0 0.0
174.6 0.0 -0.10887 0.0 0.0 0.0 0.0
174.8 0.0 -0.11118 0.0 0.0 0.0 0.0
175.0 0.0 -0.1081 0.0 0.0 0.0 0.0
175.2 0.0 -0.10215 0.0 0.0 0.0 0.0
175.4 0.0 -0.096784 0.0 0.0 0.0 0.0
175.6 0.0 -0.094217 0.0 0.0 0.0 0.0
175.8 0.0 -0.094509 0.0 0.0 0.0 0.0
176.0 0.0 -0.096657 0.0 0.0 0.0 0.0
176.2 0.0 -0.099236 0.0 0.0 0.0 0.0
176.4 0.0 -0.1003 0.0 0.0 0.0 0.0
176.6 0.0 -0.097744 0.0 0.0 0.0 0.0
176.8 0.0 -0.089887 0.0 0.0 0.0 0.0
177.0 0.0 -0.077156 0.0 0.0 0.0 0.0
177.2 0.0 -0.062638 0.0 0.0 0.0 0.0
177.4 0.0 -0.050816 0.0 0.0 0.0 0.0
177.6 0.0 -0.04451 0.0 0.0 0.0 0.0
177.8 0.0 -0.042359 0.0 0.0 0.0 0.0
178.0 0.0 -0.039863 0.0 0.0 0.0 0.0
178.2 0.0 -0.03299 0.0 0.0 0.0 0.0
178.4 0.0 -0.021233 0.0 0.0 0.0 0.0
178.6 0.0 -0.007944 0.0 0.0 0.0 0.0
178.8 0.0 0.002208 0.0 0.0 0.0 0.0
179.0 0.0 0.006632 0.0 0.0 0.0 0.0
179.2 0.0 0.006002 0.0 0.0 0.0 0.0
179.4 0.0 0.003342 0.0 0.0 0.0 0.0
179.6 0.0 0.001875 0.0 0.0 0.0 0.0
179.8 0.0 0.003236 0.0 0.0 0.0 0.0
180.0 0.0 0.006998 0.0 0.0 0.0 0.0
180.2 0.0 0.01191 0.0 0.0 0.0 0.0
180.4 0.0 0.016977 0.0 0.0 0.0 0.0
180.6 0.0 0.021423 0.0 0.0 0.0 0.0
180.8 0.0 0.024227 0.0 0.0 0.0 0.0
181.0 0.0 0.024348 0.0 0.0 0.0 0.0
181.2 0.0 0.021534 0.0 0.0 0.0 0.0
181.4 0.0 0.016651 0.0 0.0 0.0 0.0
181.6 0.0 0.011676 0.0 0.0 0.0 0.0
181.8 0.0 0.008665 0.0 0.0 0.0 0.0
182.0 0.0 0.008141 0.0 0.0 0.0 0.0
182.2 0.0 0.007894 0.0 0.0 0.0 0.0
182.4 0.0 0.004917 0.0 0.0 0.0 0.0
182.6 0.0 -0.002065 0.0 0.0 0.0 0.0
182.8 0.0 -0.010861 0.0 0.0 0.0 0.0
183.0 0.0 -0.016799 0.0 0.0 0.0 0.0
183.2 0.0 -0.015844 0.0 0.0 0.0 0.0
183.4 0.0 -0.008191 0.0 0.0 0.0 0.0
183.6 0.0 0.000921 0.0 0.0 0.0 0.0
183.8 0.0 0.004503 0.0 0.0 0.0 0.0
184.0 0.0 -0.001263 0.0 0.0 0.0 0.0
184.2 0.0 -0.014045 0.0 0.0 0.0 0.0
184.4 0.0 -0.027017 0.0 0.0 0.0 0.0
184.6 0.0 -0.033322 0.0 0.0 0.0 0.0
184.8 0.0 -0.03108 0.0 0.0 0.0 0.0
185.0 0.0 -0.024532 0.0 0.0 0.0 0.0
185.2 0.0 -0.020729 0.0 0.0 0.0 0.0
185.4 0.0 -0.024355 0.0 0.0 0.0 0.0
185.6 0.0 -0.03433 0.0 0.0 0.0 0.0
185.8 0.0 -0.044731 0.0 0.0 0.0 0.0
186.0 0.0 -0.049043 0.0 0.0 0.0 0.0
186.2 0.0 -0.045321 0.0 0.0 0.0 0.0
186.4 0.0 -0.037083 0.0 0.0 0.0 0.0
186.6 0.0 -0.03103 0.0 0.0 0.0 0.0
186.8 0.0 -0.032785 0.0 0.0 0.0 0.0
187.0 0.0 -0.044108 0.0 0.0 0.0 0.0
187.2 0.0 -0.06206 0.0 0.0 0.0 0.0
187.4 0.0 -0.080964 0.0 0.0 0.0 0.0
187.6 0.0 -0.095996 0.0 0.0 0.0 0.0
187.8 0.0 -0.10557 0.0 0.0 0.0 0.0
188.0 0.0 -0.11229 0.0 0.0 0.0 0.0
188.2 0.0 -0.1207 0.0 0.0 0.0 0.0
188.4 0.0 -0.1335 0.0 0.0 0.0 0.0
188.6 0.0 -0.14944 0.0 0.0 0.0 0.0
188.8 0.0 -0.16437 0.0 0.0 0.0 0.0
189.0 0.0 -0.17483 0.0 0.0 0.0 0.0
189.2 0.0 -0.18058 0.0 0.0 0.0 0.0
189.4 0.0 -0.1842 0.0 0.0 0.0 0.0
189.6 0.0 -0.18813 0.0 0.0 0.0 0.0
189.8 0.0 -0.19197 0.0 0.0 0.0 0.0
190.0 0.0 -0.19248 0.0 0.0 0.0 0.0
190.2 0.0 -0.18686 0.0 0.0 0.0 0.0
190.4 0.0 -0.17576 0.0 0.0 0.0 0.0
190.6 0.0 -0.16371 0.0 0.0 0.0 0.0
190.8 0.0 -0.157 0.0 0.0 0.0 0.0
191.0 0.0 -0.15931 0.0 0.0 0.0 0.0
191.2 0.0 -0.16909 0.0 0.0 0.0 0.0
191.4 0.0 -0.18058 0.0 0.0 0.0 0.0
191.6 0.0 -0.18857 0.0 0.0 0.0 0.0
191.8 0.0 -0.19223 0.0 0.0 0.0 0.0
192.0 0.0 -0.19644 0.0 0.0 0.0 0.0
192.2 0.0 -0.20919 0.0 0.0 0.0 0.0
192.4 0.0 -0.23528 0.0 0.0 0.0 0.0
192.6 0.0 -0.27187 0.0 0.0 0.0 0.0
192.8 0.0 -0.30784 0.0 0.0 0.0 0.0
193.0 0.0 -0.32994 0.0 0.0 0.0 0.0
193.2 0.0 -0.33195 0.0 0.0 0.0 0.0
193.4 0.0 -0.31893 0.0 0.0 0.0 0.0
193.6 0.0 -0.30383 0.0 0.0 0.0 0.0
193.8 0.0 -0.2981 0.0 0.0 0.0 0.0
194.0 0.0 -0.30422 0.0 0.0 0.0 0.0
194.2 0.0 -0.3159 0.0 0.0 0.0 0.0
194.4 0.0 -0.32485 0.0 0.0 0.0 0.0
194.6 0.0 -0.32799 0.0 0.0 0.0 0.0
194.8 0.0 -0.32942 0.0 0.0 0.0 0.0
195.0 0.0 -0.33479 0.0 0.0 0.0 0.0
195.2 0.0 -0.3454 0.0 0.0 0.0 0.0
195.4 0.0 -0.35802 0.0 0.0 0.0 0.0
195.6 0.0 -0.37011 0.0 0.0 0.0 0.0
195.8 0.0 -0.38254 0.0 0.0 0.0 0.0
196.0 0.0 -0.39825 0.0 0.0 0.0 0.0
196.2 0.0 -0.41825 0.0 0.0 0.0 0.0
196.4 0.0 -0.43877 0.0 0.0 0.0 0.0
196.6 0.0 -0.45408 0.0 0.0 0.0 0.0
196.8 0.0 -0.46076 0.0 0.0 0.0 0.0
197.0 0.0 -0.46058 0.0 0.0 0.0 0.0
197.2 0.0 -0.45864 0.0 0.0 0.0 0.0
197.4 0.0 -0.458 0.0 0.0 0.0 0.0
197.6 0.0 -0.45781 0.0 0.0 0.0 0.0
197.8 0.0 -0.45578 0.0 0.0 0.0 0.0
198.0 0.0 -0.45205 0.0 0.0 0.0 0.0
198.2 0.0 -0.45018 0.0 0.0 0.0 0.0
198.4 0.0 -0.45372 0.0 0.0 0.0 0.0
198.6 0.0 -0.46287 0.0 0.0 0.0 0.0
198.8 0.0 -0.47408 0.0 0.0 0.0 0.0
199.0 0.0 -0.48298 0.0 0.0 0.0 0.0
199.2 0.0 -0.48749 0.0 0.0 0.0 0.0
199.4 0.0 -0.48937 0.0 0.0 0.0 0.0
199.6 0.0 -0.49106 0.0 0.0 0.0 0.0
199.8 0.0 -0.49105 0.0 0.0 0.0 0.0
200.0 0.0 -0.48338 0.0 0.0 0.0 0.0
200.2 0.0 -0.46261 0.0 0.0 0.0 0.0
200.4 0.0 -0.43038 0.0 0.0 0.0 0.0
200.6 0.0 -0.39602 0.0 0.0 0.0 0.0
200.8 0.0 -0.37028 0.0 0.0 0.0 0.0
201.0 0.0 -0.35834 0.0 0.0 0.0 0.0
201.2 0.0 -0.35733 0.0 0.0 0.0 0.0
201.4 0.0 -0.36062 0.0 0.0 0.0 0.0
201.6 0.0 -0.36274 0.0 0.0 0.0 0.0
201.8 0.0 -0.36253 0.0 0.0 0.0 0.0
202.0 0.0 -0.36081 0.0 0.0 0.0 0.0
202.2 0.0 -0.35648 0.0 0.0 0.0 0.0
202.4 0.0 -0.34566 0.0 0.0 0.0 0.0
202.6 0.0 -0.32606 0.0 0.0 0.0 0.0
202.8 0.0 -0.30164 0.0 0.0 0.0 0.0
203.0 0.0 -0.28203 0.0 0.0 0.0 0.0
203.2 0.0 -0.27595 0.0 0.0 0.0 0.0
203.4 0.0 -0.28514 0.0 0.0 0.0 0.0
203.6 0.0 -0.30267 0.0 0.0 0.0 0.0
203.8 0.0 -0.31856 0.0 0.0 0.0 0.0
204.0 0.0 -0.32635 0.0 0.0 0.0 0.0
204.2 0.0 -0.32535 0.0 0.0 0.0 0.0
204.4 0.0 -0.31961 0.0 0.0 0.0 0.0
204.6 0.0 -0.31329 0.0 0.0 0.0 0.0
204.8 0.0 -0.30934 0.0 0.0 0.0 0.0
205.0 0.0 -0.31054 0.0 0.0 0.0 0.0
205.2 0.0 -0.31994 0.0 0.0 0.0 0.0
205.4 0.0 -0.3388 0.0 0.0 0.0 0.0
205.6 0.0 -0.36276 0.0 0.0 0.0 0.0
205.8 0.0 -0.38372 0.0 0.0 0.0 0.0
206.0 0.0 -0.39532 0.0 0.0 0.0 0.0
206.2 0.0 -0.39789 0.0 0.0 0.0 0.0
206.4 0.0 -0.39814 0.0 0.0 0.0 0.0
206.6 0.0 -0.40415 0.0 0.0 0.0 0.0
206.8 0.0 -0.41862 0.0 0.0 0.0 0.0
207.0 0.0 -0.43645 0.0 0.0 0.0 0.0
207.2 0.0 -0.44832 0.0 0.0 0.0 0.0
207.4 0.0 -0.44728 0.0 0.0 0.0 0.0
207.6 0.0 -0.4324 0.0 0.0 0.0 0.0
207.8 0.0 -0.40997 0.0 0.0 0.0 0.0
208.0 0.0 -0.38996 0.0 0.0 0.0 0.0
208.2 0.0 -0.38072 0.0 0.0 0.0 0.0
208.4 0.0 -0.38576 0.0 0.0 0.0 0.0
208.6 0.0 -0.40198 0.0 0.0 0.0 0.0
208.8 0.0 -0.42146 0.0 0.0 0.0 0.0
209.0 0.0 -0.43459 0.0 0.0 0.0 0.0
209.2 0.0 -0.43626 0.0 0.0 0.0 0.0
209.4 0.0 -0.42956 0.0 0.0 0.0 0.0
209.6 0.0 -0.42381 0.0 0.0 0.0 0.0
209.8 0.0 -0.42785 0.0 0.0 0.0 0.0
210.0 0.0 -0.4429 0.0 0.0 0.0 0.0
210.2 0.0 -0.4608 0.0 0.0 0.0 0.0
210.4 0.0 -0.46808 0.0 0.0 0.0 0.0
210.6 0.0 -0.45704 0.0 0.0 0.0 0.0
210.8 0.0 -0.43313 0.0 0.0 0.0 0.0
211.0 0.0 -0.41371 0.0 0.0 0.0 0.0
211.2 0.0 -0.41556 0.0 0.0 0.0 0.0
211.4 0.0 -0.44187 0.0 0.0 0.0 0.0
211.6 0.0 -0.47863 0.0 0.0 0.0 0.0
211.8 0.0 -0.50392 0.0 0.0 0.0 0.0
212.0 0.0 -0.5036 0.0 0.0 0.0 0.0
212.2 0.0 -0.48132 0.0 0.0 0.0 0.0
212.4 0.0 -0.45565 0.0 0.0 0.0 0.0
212.6 0.0 -0.44712 0.0 0.0 0.0 0.0
212.8 0.0 -0.46465 0.0 0.0 0.0 0.0
213.0 0.0 -0.50025 0.0 0.0 0.0 0.0
213.2 0.0 -0.53669 0.0 0.0 0.0 0.0
213.4 0.0 -0.55978 0.0 0.0 0.0 0.0
213.6 0.0 -0.56438 0.0 0.0 0.0 0.0
213.8 0.0 -0.55335 0.0 0.0 0.0 0.0
214.0 0.0 -0.5313 0.0 0.0 0.0 0.0
214.2 0.0 -0.50062 0.0 0.0 0.0 0.0
214.4 0.0 -0.46249 0.0 0.0 0.0 0.0
214.6 0.0 -0.4226 0.0 0.0 0.0 0.0
214.8 0.0 -0.39316 0.0 0.0 0.0 0.0
215.0 0.0 -0.38819 0.0 0.0 0.0 0.0
215.2 0.0 -0.41523 0.0 0.0 0.0 0.0
215.4 0.0 -0.46813 0.0 0.0 0.0 0.0
215.6 0.0 -0.52831 0.0 0.0 0.0 0.0
215.8 0.0 -0.57217 0.0 0.0 0.0 0.0
216.0 0.0 -0.58466 0.0 0.0 0.0 0.0
216.2 0.0 -0.56959 0.0 0.0 0.0 0.0
216.4 0.0 -0.54669 0.0 0.0 0.0 0.0
216.6 0.0 -0.53918 0.0 0.0 0.0 0.0
216.8 0.0 -0.55757 0.0 0.0 0.0 0.0
217.0 0.0 -0.59264 0.0 0.0 0.0 0.0
217.2 0.0 -0.62325 0.0 0.0 0.0 0.0
217.4 0.0 -0.63113 0.0 0.0 0.0 0.0
217.6 0.0 -0.61137 0.0 0.0 0.0 0.0
217.8 0.0 -0.57364 0.0 0.0 0.0 0.0
218.0 0.0 -0.53327 0.0 0.0 0.0 0.0
218.2 0.0 -0.5014 0.0 0.0 0.0 0.0
218.4 0.0 -0.48176 0.0 0.0 0.0 0.0
218.6 0.0 -0.47244 0.0 0.0 0.0 0.0
218.8 0.0 -0.47121 0.0 0.0 0.0 0.0
219.0 0.0 -0.47719 0.0 0.0 0.0 0.0
219.2 0.0 -0.49097 0.0 0.0 0.0 0.0
219.4 0.0 -0.5116 0.0 0.0 0.0 0.0
219.6 0.0 -0.53438 0.0 0.0 0.0 0.0
219.8 0.0 -0.55239 0.0 0.0 0.0 0.0
220.0 0.0 -0.56167 0.0 0.0 0.0 0.0
220.2 0.0 -0.56321 0.0 0.0 0.0 0.0
220.4 0.0 -0.56074 0.0 0.0 0.0 0.0
220.6 0.0 -0.55767 0.0 0.0 0.0 0.0
220.8 0.0 -0.55543 0.0 0.0 0.0 0.0
221.0 0.0 -0.55415 0.0 0.0 0.0 0.0
221.2 0.0 -0.55507 0.0 0.0 0.0 0.0
221.4 0.0 -0.56159 0.0 0.0 0.0 0.0
221.6 0.0 -0.57711 0.0 0.0 0.0 0.0
221.8 0.0 -0.60087 0.0 0.0 0.0 0.0
222.0 0.0 -0.62559 0.0 0.0 0.0 0.0
222.2 0.0 -0.64097 0.0 0.0 0.0 0.0
222.4 0.0 -0.64081 0.0 0.0 0.0 0.0
222.6 0.0 -0.62759 0.0 0.0 0.0 0.0
222.8 0.0 -0.61187 0.0 0.0 0.0 0.0
223.0 0.0 -0.60478 0.0 0.0 0.0 0.0
223.2 0.0 -0.60961 0.0 0.0 0.0 0.0
223.4 0.0 -0.61994 0.0 0.0 0.0 0.0
223.6 0.0 -0.62497 0.0 0.0 0.0 0.0
223.8 0.0 -0.61682 0.0 0.0 0.0 0.0
224.0 0.0 -0.59627 0.0 0.0 0.0 0.0
224.2 0.0 -0.57142 0.0 0.0 0.0 0.0
224.4 0.0 -0.5532 0.0 0.0 0.0 0.0
224.6 0.0 -0.549 0.0 0.0 0.0 0.0
224.8 0.0 -0.55937 0.0 0.0 0.0 0.0
225.0 0.0 -0.57681 0.0 0.0 0.0 0.0
225.2 0.0 -0.58846 0.0 0.0 0.0 0.0
225.4 0.0 -0.58337 0.0 0.0 0.0 0.0
225.6 0.0 -0.55932 0.0 0.0 0.0 0.0
225.8 0.0 -0.52497 0.0 0.0 0.0 0.0
226.0 0.0 -0.49478 0.0 0.0 0.0 0.0
226.2 0.0 -0.48111 0.0 0.0 0.0 0.0
226.4 0.0 -0.48659 0.0 0.0 0.0 0.0
226.6 0.0 -0.50302 0.0 0.0 0.0 0.0
226.8 0.0 -0.51709 0.0 0.0 0.0 0.0
227.0 0.0 -0.51828 0.0 0.0 0.0 0.0
227.2 0.0 -0.50377 0.0 0.0 0.0 0.0
227.4 0.0 -0.4791 0.0 0.0 0.0 0.0
227.6 0.0 -0.45417 0.0 0.0 0.0 0.0
227.8 0.0 -0.43753 0.0 0.0 0.0 0.0
228.0 0.0 -0.43374 0.0 0.0 0.0 0.0
228.2 0.0 -0.44318 0.0 0.0 0.0 0.0
228.4 0.0 -0.46256 0.0 0.0 0.0 0.0
228.6 0.0 -0.48585 0.0 0.0 0.0 0.0
228.8 0.0 -0.50558 0.0 0.0 0.0 0.0
229.0 0.0 -0.51412 0.0 0.0 0.0 0.0
229.2 0.0 -0.50631 0.0 0.0 0.0 0.0
229.4 0.0 -0.48271 0.0 0.0 0.0 0.0
229.6 0.0 -0.45073 0.0 0.0 0.0 0.0
229.8 0.0 -0.42192 0.0 0.0 0.0 0.0
230.0 0.0 -0.40672 0.0 0.0 0.0 0.0
230.2 0.0 -0.40975 0.0 0.0 0.0 0.0
230.4 0.0 -0.42741 0.0 0.0 0.0 0.0
230.6 0.0 -0.44934 0.0 0.0 0.0 0.0
230.8 0.0 -0.46486 0.0 0.0 0.0 0.0
231.0 0.0 -0.46965 0.0 0.0 0.0 0.0
231.2 0.0 -0.46722 0.0 0.0 0.0 0.0
231.4 0.0 -0.46608 0.0 0.0 0.0 0.0
231.6 0.0 -0.47237 0.0 0.0 0.0 0.0
231.8 0.0 -0.48517 0.0 0.0 0.0 0.0
232.0 0.0 -0.49761 0.0 0.0 0.0 0.0
232.2 0.0 -0.50353 0.0 0.0 0.0 0.0
232.4 0.0 -0.50259 0.0 0.0 0.0 0.0
232.6 0.0 -0.50133 0.0 0.0 0.0 0.0
232.8 0.0 -0.50776 0.0 0.0 0.0 0.0
233.0 0.0 -0.5251 0.0 0.0 0.0 0.0
233.2 0.0 -0.54939 0.0 0.0 0.0 0.0
233.4 0.0 -0.57276 0.0 0.0 0.0 0.0
233.6 0.0 -0.58867 0.0 0.0 0.0 0.0
233.8 0.0 -0.59519 0.0 0.0 0.0 0.0
234.0 0.0 -0.59503 0.0 0.0 0.0 0.0
234.2 0.0 -0.59256 0.0 0.0 0.0 0.0
234.4 0.0 -0.59093 0.0 0.0 0.0 0.0
234.6 0.0 -0.59074 0.0 0.0 0.0 0.0
234.8 0.0 -0.59125 0.0 0.0 0.0 0.0
235.0 0.0 -0.59186 0.0 0.0 0.0 0.0
235.2 0.0 -0.59227 0.0 0.0 0.0 0.0
235.4 0.0 -0.59243 0.0 0.0 0.0 0.0
235.6 0.0 -0.59239 0.0 0.0 0.0 0.0
235.8 0.0 -0.59239 0.0 0.0 0.0 0.0
236.0 0.0 -0.59239 0.0 0.0 0.0 0.0
236.2 0.0 -0.59239 0.0 0.0 0.0 0.0
236.4 0.0 -0.59239 0.0 0.0 0.0 0.0
236.6 0.0 -0.59239 0.0 0.0 0.0 0.0
236.8 0.0 -0.59239 0.0 0.0 0.0 0.0
237.0 0.0 -0.59239 0.0 0.0 0.0 0.0
237.2 0.0 -0.59239 0.0 0.0 0.0 0.0
237.4 0.0 -0.59239 0.0 0.0 0.0 0.0
237.6 0.0 -0.59239 0.0 0.0 0.0 0.0
237.8 0.0 -0.59239 0.0 0.0 0.0 0.0
238.0 0.0 -0.59239 0.0 0.0 0.0 0.0
238.2 0.0 -0.59239 0.0 0.0 0.0 0.0
238.4 0.0 -0.59239 0.0 0.0 0.0 0.0
238.6 0.0 -0.59239 0.0 0.0 0.0 0.0
238.8 0.0 -0.59239 0.0 0.0 0.0 0.0
239.0 0.0 -0.59239 0.0 0.0 0.0 0.0
239.2 0.0 -0.59239 0.0 0.0 0.0 0.0
239.4 0.0 -0.59213 0.0 0.0 0.0 0.0
239.6 0.0 -0.59291 0.0 0.0 0.0 0.0
239.8 0.0 -0.59608 0.0 0.0 0.0 0.0
240.0 0.0 -0.60065 0.0 0.0 0.0 0.0
240.2 0.0 -0.60159 0.0 0.0 0.0 0.0
240.4 0.0 -0.59437 0.0 0.0 0.0 0.0
240.6 0.0 -0.58119 0.0 0.0 0.0 0.0
240.8 0.0 -0.57422 0.0 0.0 0.0 0.0
241.0 0.0 -0.59094 0.0 0.0 0.0 0.0
241.2 0.0 -0.64301 0.0 0.0 0.0 0.0
241.4 0.0 -0.727 0.0 0.0 0.0 0.0
241.6 0.0 -0.82507 0.0 0.0 0.0 0.0
241.8 0.0 -0.9142 0.0 0.0 0.0 0.0
242.0 0.0 -0.97851 0.0 0.0 0.0 0.0
242.2 0.0 -1.0152 0.0 0.0 0.0 0.0
242.4 0.0 -1.0314 0.0 0.0 0.0 0.0
242.6 0.0 -1.036 0.0 0.0 0.0 0.0
242.8 0.0 -1.0356 0.0 0.0 0.0 0.0
243.0 0.0 -1.0361 0.0 0.0 0.0 0.0
243.2 0.0 -1.0425 0.0 0.0 0.0 0.0
243.4 0.0 -1.0564 0.0 0.0 0.0 0.0
243.6 0.0 -1.0735 0.0 0.0 0.0 0.0
243.8 0.0 -1.0848 0.0 0.0 0.0 0.0
244.0 0.0 -1.0839 0.0 0.0 0.0 0.0
244.2 0.0 -1.0724 0.0 0.0 0.0 0.0
244.4 0.0 -1.0621 0.0 0.0 0.0 0.0
244.6 0.0 -1.0657 0.0 0.0 0.0 0.0
244.8 0.0 -1.0861 0.0 0.0 0.0 0.0
245.0 0.0 -1.1144 0.0 0.0 0.0 0.0
245.2 0.0 -1.1394 0.0 0.0 0.0 0.0
245.4 0.0 -1.1584 0.0 0.0 0.0 0.0
245.6 0.0 -1.1805 0.0 0.0 0.0 0.0
245.8 0.0 -1.2185 0.0 0.0 0.0 0.0
246.0 0.0 -1.2772 0.0 0.0 0.0 0.0
246.2 0.0 -1.3473 0.0 0.0 0.0 0.0
246.4 0.0 -1.4098 0.0 0.0 0.0 0.0
246.6 0.0 -1.4478 0.0 0.0 0.0 0.0
246.8 0.0 -1.4582 0.0 0.0 0.0 0.0
247.0 0.0 -1.453 0.0 0.0 0.0 0.0
247.2 0.0 -1.4499 0.0 0.0 0.0 0.0
247.4 0.0 -1.461 0.0 0.0 0.0 0.0
247.6 0.0 -1.4866 0.0 0.0 0.0 0.0
247.8 0.0 -1.5168 0.0 0.0 0.0 0.0
248.0 0.0 -1.5423 0.0 0.0 0.0 0.0
248.2 0.0 -1.5619 0.0 0.0 0.0 0.0
248.4 0.0 -1.5847 0.0 0.0 0.0 0.0
248.6 0.0 -1.6234 0.0 0.0 0.0 0.0
248.8 0.0 -1.684 0.0 0.0 0.0 0.0
249.0 0.0 -1.7595 0.0 0.0 0.0 0.0
249.2 0.0 -1.8337 0.0 0.0 0.0 0.0
249.4 0.0 -1.8916 0.0 0.0 0.0 0.0
249.6 0.0 -1.9287 0.0 0.0 0.0 0.0
249.8 0.0 -1.9535 0.0 0.0 0.0 0.0
250.0 0.0 -1.979 0.0 0.0 0.0 0.0
250.2 0.0 -2.0091 0.0 0.0 0.0 0.0
250.4 0.0 -2.0383 0.0 0.0 0.0 0.0
250.6 0.0 -2.0591 0.0 0.0 0.0 0.0
250.8 0.0 -2.0746 0.0 0.0 0.0 0.0
251.0 0.0 -2.1016 0.0 0.0 0.0 0.0
251.2 0.0 -2.1617 0.0 0.0 0.0 0.0
251.4 0.0 -2.2618 0.0 0.0 0.0 0.0
251.6 0.0 -2.3836 0.0 0.0 0.0 0.0
251.8 0.0 -2.4899 0.0 0.0 0.0 0.0
252.0 0.0 -2.5498 0.0 0.0 0.0 0.0
252.2 0.0 -2.5597 0.0 0.0 0.0 0.0
252.4 0.0 -2.5464 0.0 0.0 0.0 0.0
252.6 0.0 -2.5465 0.0 0.0 0.0 0.0
252.8 0.0 -2.5861 0.0 0.0 0.0 0.0
253.0 0.0 -2.6703 0.0 0.0 0.0 0.0
253.2 0.0 -2.7879 0.0 0.0 0.0 0.0
253.4 0.0 -2.9223 0.0 0.0 0.0 0.0
253.6 0.0 -3.058 0.0 0.0 0.0 0.0
253.8 0.0 -3.1807 0.0 0.0 0.0 0.0
254.0 0.0 -3.2758 0.0 0.0 0.0 0.0
254.2 0.0 -3.3322 0.0 0.0 0.0 0.0
254.4 0.0 -3.3523 0.0 0.0 0.0 0.0
254.6 0.0 -3.3527 0.0 0.0 0.0 0.0
254.8 0.0 -3.3577 0.0 0.0 0.0 0.0
255.0 0.0 -3.3838 0.0 0.0 0.0 0.0
255.2 0.0 -3.4349 0.0 0.0 0.0 0.0
255.4 0.0 -3.5025 0.0 0.0 0.0 0.0
255.6 0.0 -3.57 0.0 0.0 0.0 0.0
255.8 0.0 -3.6177 0.0 0.0 0.0 0.0
256.0 0.0 -3.6237 0.0 0.0 0.0 0.0
256.2 0.0 -3.5633 0.0 0.0 0.0 0.0
256.4 0.0 -3.4199 0.0 0.0 0.0 0.0
256.6 0.0 -3.1919 0.0 0.0 0.0 0.0
256.8 0.0 -2.9026 0.0 0.0 0.0 0.0
257.0 0.0 -2.5948 0.0 0.0 0.0 0.0
257.2 0.0 -2.3155 0.0 0.0 0.0 0.0
257.4 0.0 -2.07 0.0 0.0 0.0 0.0
257.6 0.0 -1.8585 0.0 0.0 0.0 0.0
257.8 0.0 -1.7145 0.0 0.0 0.0 0.0
258.0 0.0 -1.6933 0.0 0.0 0.0 0.0
258.2 0.0 -1.8131 0.0 0.0 0.0 0.0
258.4 0.0 -1.9749 0.0 0.0 0.0 0.0
258.6 0.0 -1.9555 0.0 0.0 0.0 0.0
258.8 0.0 -1.52 0.0 0.0 0.0 0.0
259.0 0.0 -0.57161 0.0 0.0 0.0 0.0
259.2 0.0 0.7491 0.0 0.0 0.0 0.0
259.4 0.0 2.1275 0.0 0.0 0.0 0.0
259.6 0.0 3.2597 0.0 0.0 0.0 0.0
259.8 0.0 4.0192 0.0 0.0 0.0 0.0
260.0 0.0 4.4851 0.0 0.0 0.0 0.0
260.2 0.0 4.8302 0.0 0.0 0.0 0.0
260.4 0.0 5.1724 0.0 0.0 0.0 0.0
260.6 0.0 5.5127 0.0 0.0 0.0 0.0
260.8 0.0 5.7839 0.0 0.0 0.0 0.0
261.0 0.0 5.94 0.0 0.0 0.0 0.0
261.2 0.0 5.9865 0.0 0.0 0.0 0.0
261.4 0.0 5.9842 0.0 0.0 0.0 0.0
261.6 0.0 5.9794 0.0 0.0 0.0 0.0
261.8 0.0 5.978 0.0 0.0 0.0 0.0
262.0 0.0 5.9785 0.0 0.0 0.0 0.0
262.2 0.0 5.9897 0.0 0.0 0.0 0.0
262.4 0.0 6.0233 0.0 0.0 0.0 0.0
262.6 0.0 6.0772 0.0 0.0 0.0 0.0
262.8 0.0 6.1305 0.0 0.0 0.0 0.0
263.0 0.0 6.1665 0.0 0.0 0.0 0.0
263.2 0.0 6.1845 0.0 0.0 0.0 0.0
263.4 0.0 6.1979 0.0 0.0 0.0 0.0
263.6 0.0 6.2229 0.0 0.0 0.0 0.0
263.8 0.0 6.2629 0.0 0.0 0.0 0.0
264.0 0.0 6.3051 0.0 0.0 0.0 0.0
264.2 0.0 6.3299 0.0 0.0 0.0 0.0
264.4 0.0 6.3265 0.0 0.0 0.0 0.0
264.6 0.0 6.3016 0.0 0.0 0.0 0.0
264.8 0.0 6.2733 0.0 0.0 0.0 0.0
265.0 0.0 6.2571 0.0 0.0 0.0 0.0
265.2 0.0 6.2538 0.0 0.0 0.0 0.0
265.4 0.0 6.2521 0.0 0.0 0.0 0.0
265.6 0.0 6.2381 0.0 0.0 0.0 0.0
265.8 0.0 6.2043 0.0 0.0 0.0 0.0
266.0 0.0 6.1525 0.0 0.0 0.0 0.0
266.2 0.0 6.0902 0.0 0.0 0.0 0.0
266.4 0.0 6.0255 0.0 0.0 0.0 0.0
266.6 0.0 5.9634 0.0 0.0 0.0 0.0
266.8 0.0 5.9073 0.0 0.0 0.0 0.0
267.0 0.0 5.8603 0.0 0.0 0.0 0.0
267.2 0.0 5.8256 0.0 0.0 0.0 0.0
267.4 0.0 5.8054 0.0 0.0 0.0 0.0
267.6 0.0 5.8012 0.0 0.0 0.0 0.0
267.8 0.0 5.8155 0.0 0.0 0.0 0.0
268.0 0.0 5.8507 0.0 0.0 0.0 0.0
268.2 0.0 5.9079 0.0 0.0 0.0 0.0
268.4 0.0 5.9834 0.0 0.0 0.0 0.0
268.6 0.0 6.0684 0.0 0.0 0.0 0.0
268.8 0.0 6.1507 0.0 0.0 0.0 0.0
269.0 0.0 6.2198 0.0 0.0 0.0 0.0
269.2 0.0 6.2705 0.0 0.0 0.0 0.0
269.4 0.0 6.3033 0.0 0.0 0.0 0.0
269.6 0.0 6.322 0.0 0.0 0.0 0.0
269.8 0.0 6.3306 0.0 0.0 0.0 0.0
270.0 0.0 6.3327 0.0 0.0 0.0 0.0
270.2 0.0 6.3318 0.0 0.0 0.0 0.0
270.4 0.0 6.3322 0.0 0.0 0.0 0.0
270.6 0.0 6.3377 0.0 0.0 0.0 0.0
270.8 0.0 6.3504 0.0 0.0 0.0 0.0
271.0 0.0 6.3698 0.0 0.0 0.0 0.0
271.2 0.0 6.3938 0.0 0.0 0.0 0.0
271.4 0.0 6.4186 0.0 0.0 0.0 0.0
271.6 0.0 6.441 0.0 0.0 0.0 0.0
271.8 0.0 6.4584 0.0 0.0 0.0 0.0
272.0 0.0 6.4703 0.0 0.0 0.0 0.0
272.2 0.0 6.4778 0.0 0.0 0.0 0.0
272.4 0.0 6.4828 0.0 0.0 0.0 0.0
272.6 0.0 6.4869 0.0 0.0 0.0 0.0
272.8 0.0 6.4913 0.0 0.0 0.0 0.0
273.0 0.0 6.4964 0.0 0.0 0.0 0.0
273.2 0.0 6.5016 0.0 0.0 0.0 0.0
273.4 0.0 6.5062 0.0 0.0 0.0 0.0
273.6 0.0 6.5098 0.0 0.0 0.0 0.0
273.8 0.0 6.5129 0.0 0.0 0.0 0.0
274.0 0.0 6.5171 0.0 0.0 0.0 0.0
274.2 0.0 6.5237 0.0 0.0 0.0 0.0
274.4 0.0 6.533 0.0 0.0 0.0 0.0
274.6 0.0 6.5446 0.0 0.0 0.0 0.0
274.8 0.0 6.5573 0.0 0.0 0.0 0.0
275.0 0.0 6.5688 0.0 0.0 0.0 0.0
275.2 0.0 6.5757 0.0 0.0 0.0 0.0
275.4 0.0 6.5751 0.0 0.0 0.0 0.0
275.6 0.0 6.5676 0.0 0.0 0.0 0.0
275.8 0.0 6.5562 0.0 0.0 0.0 0.0
276.0 0.0 6.5444 0.0 0.0 0.0 0.0
276.2 0.0 6.5318 0.0 0.0 0.0 0.0
276.4 0.0 6.5136 0.0 0.0 0.0 0.0
276.6 0.0 6.4837 0.0 0.0 0.0 0.0
276.8 0.0 6.4408 0.0 0.0 0.0 0.0
277.0 0.0 6.3916 0.0 0.0 0.0 0.0
277.2 0.0 6.3465 0.0 0.0 0.0 0.0
277.4 0.0 6.3122 0.0 0.0 0.0 0.0
277.6 0.0 6.2863 0.0 0.0 0.0 0.0
277.8 0.0 6.2598 0.0 0.0 0.0 0.0
278.0 0.0 6.2256 0.0 0.0 0.0 0.0
278.2 0.0 6.1847 0.0 0.0 0.0 0.0
278.4 0.0 6.1462 0.0 0.0 0.0 0.0
278.6 0.0 6.1212 0.0 0.0 0.0 0.0
278.8 0.0 6.1138 0.0 0.0 0.0 0.0
279.0 0.0 6.1202 0.0 0.0 0.0 0.0
279.2 0.0 6.1339 0.0 0.0 0.0 0.0
279.4 0.0 6.1539 0.0 0.0 0.0 0.0
279.6 0.0 6.1859 0.0 0.0 0.0 0.0
279.8 0.0 6.2352 0.0 0.0 0.0 0.0
280.0 0.0 6.2998 0.0 0.0 0.0 0.0
280.2 0.0 6.3703 0.0 0.0 0.0 0.0
280.4 0.0 6.4357 0.0 0.0 0.0 0.0
280.6 0.0 6.4903 0.0 0.0 0.0 0.0
280.8 0.0 6.5366 0.0 0.0 0.0 0.0
281.0 0.0 6.5794 0.0 0.0 0.0 0.0
281.2 0.0 6.6181 0.0 0.0 0.0 0.0
281.4 0.0 6.6439 0.0 0.0 0.0 0.0
281.6 0.0 6.6482 0.0 0.0 0.0 0.0
281.8 0.0 6.632 0.0 0.0 0.0 0.0
282.0 0.0 6.6099 0.0 0.0 0.0 0.0
282.2 0.0 6.6027 0.0 0.0 0.0 0.0
282.4 0.0 6.6239 0.0 0.0 0.0 0.0
282.6 0.0 6.6715 0.0 0.0 0.0 0.0
282.8 0.0 6.7296 0.0 0.0 0.0 0.0
283.0 0.0 6.7791 0.0 0.0 0.0 0.0
283.2 0.0 6.8096 0.0 0.0 0.0 0.0
283.4 0.0 6.8226 0.0 0.0 0.0 0.0
283.6 0.0 6.8261 0.0 0.0 0.0 0.0
283.8 0.0 6.8267 0.0 0.0 0.0 0.0
284.0 0.0 6.8281 0.0 0.0 0.0 0.0
284.2 0.0 6.8303 0.0 0.0 0.0 0.0
284.4 0.0 6.8366 0.0 0.0 0.0 0.0
284.6 0.0 6.8534 0.0 0.0 0.0 0.0
284.8 0.0 6.8887 0.0 0.0 0.0 0.0
285.0 0.0 6.9442 0.0 0.0 0.0 0.0
285.2 0.0 7.0107 0.0 0.0 0.0 0.0
285.4 0.0 7.0691 0.0 0.0 0.0 0.0
285.6 0.0 7.1007 0.0 0.0 0.0 0.0
285.8 0.0 7.0971 0.0 0.0 0.0 0.0
286.0 0.0 7.0645 0.0 0.0 0.0 0.0
286.2 0.0 7.02 0.0 0.0 0.0 0.0
286.4 0.0 6.9816 0.0 0.0 0.0 0.0
286.6 0.0 6.96 0.0 0.0 0.0 0.0
286.8 0.0 6.9561 0.0 0.0 0.0 0.0
287.0 0.0 6.9639 0.0 0.0 0.0 0.0
287.2 0.0 6.9756 0.0 0.0 0.0 0.0
287.4 0.0 6.9837 0.0 0.0 0.0 0.0
287.6 0.0 6.9812 0.0 0.0 0.0 0.0
287.8 0.0 6.9642 0.0 0.0 0.0 0.0
288.0 0.0 6.9368 0.0 0.0 0.0 0.0
288.2 0.0 6.9085 0.0 0.0 0.0 0.0
288.4 0.0 6.8909 0.0 0.0 0.0 0.0
288.6 0.0 6.8883 0.0 0.0 0.0 0.0
288.8 0.0 6.8917 0.0 0.0 0.0 0.0
289.0 0.0 6.8813 0.0 0.0 0.0 0.0
289.2 0.0 6.8412 0.0 0.0 0.0 0.0
289.4 0.0 6.7714 0.0 0.0 0.0 0.0
289.6 0.0 6.6906 0.0 0.0 0.0 0.0
289.8 0.0 6.6262 0.0 0.0 0.0 0.0
290.0 0.0 6.5977 0.0 0.0 0.0 0.0
290.2 0.0 6.6069 0.0 0.0 0.0 0.0
290.4 0.0 6.6376 0.0 0.0 0.0 0.0
290.6 0.0 6.6693 0.0 0.0 0.0 0.0
290.8 0.0 6.6912 0.0 0.0 0.0 0.0
291.0 0.0 6.7076 0.0 0.0 0.0 0.0
291.2 0.0 6.7318 0.0 0.0 0.0 0.0
291.4 0.0 6.7715 0.0 0.0 0.0 0.0
291.6 0.0 6.8218 0.0 0.0 0.0 0.0
291.8 0.0 6.8694 0.0 0.0 0.0 0.0
292.0 0.0 6.9034 0.0 0.0 0.0 0.0
292.2 0.0 6.9227 0.0 0.0 0.0 0.0
292.4 0.0 6.9349 0.0 0.0 0.0 0.0
292.6 0.0 6.9487 0.0 0.0 0.0 0.0
292.8 0.0 6.9647 0.0 0.0 0.0 0.0
293.0 0.0 6.976 0.0 0.0 0.0 0.0
293.2 0.0 6.9764 0.0 0.0 0.0 0.0
293.4 0.0 6.9674 0.0 0.0 0.0 0.0
293.6 0.0 6.9573 0.0 0.0 0.0 0.0
293.8 0.0 6.9546 0.0 0.0 0.0 0.0
294.0 0.0 6.9603 0.0 0.0 0.0 0.0
294.2 0.0 6.9671 0.0 0.0 0.0 0.0
294.4 0.0 6.9652 0.0 0.0 0.0 0.0
294.6 0.0 6.951 0.0 0.0 0.0 0.0
294.8 0.0 6.9299 0.0 0.0 0.0 0.0
295.0 0.0 6.9114 0.0 0.0 0.0 0.0
295.2 0.0 6.9012 0.0 0.0 0.0 0.0
295.4 0.0 6.8974 0.0 0.0 0.0 0.0
295.6 0.0 6.8948 0.0 0.0 0.0 0.0
295.8 0.0 6.8899 0.0 0.0 0.0 0.0
296.0 0.0 6.8826 0.0 0.0 0.0 0.0
296.2 0.0 6.8749 0.0 0.0 0.0 0.0
296.4 0.0 6.8671 0.0 0.0 0.0 0.0
296.6 0.0 6.8569 0.0 0.0 0.0 0.0
296.8 0.0 6.8405 0.0 0.0 0.0 0.0
297.0 0.0 6.8173 0.0 0.0 0.0 0.0
297.2 0.0 6.7913 0.0 0.0 0.0 0.0
297.4 0.0 6.7683 0.0 0.0 0.0 0.0
297.6 0.0 6.7515 0.0 0.0 0.0 0.0
297.8 0.0 6.7398 0.0 0.0 0.0 0.0
298.0 0.0 6.729 0.0 0.0 0.0 0.0
298.2 0.0 6.7155 0.0 0.0 0.0 0.0
298.4 0.0 6.6983 0.0 0.0 0.0 0.0
298.6 0.0 6.6784 0.0 0.0 0.0 0.0
298.8 0.0 6.6567 0.0 0.0 0.0 0.0
299.0 0.0 6.6338 0.0 0.0 0.0 0.0
299.2 0.0 6.6093 0.0 0.0 0.0 0.0
299.4 0.0 6.5841 0.0 0.0 0.0 0.0
299.6 0.0 6.5607 0.0 0.0 0.0 0.0
299.8 0.0 6.5405 0.0 0.0 0.0 0.0
300.0 0.0 6.5225 0.0 0.0 0.0 0.0
